<?xml version="1.0" encoding="utf-8"?>
<COLLADA xmlns="http://www.collada.org/2005/11/COLLADASchema" version="1.4.1">
  <asset>
    <contributor>
      <author>MattO</author>
      <authoring_tool>OpenCOLLADA for 3ds Max;  Version: 1.3.0;  Revision: 839M;  Platform: x64;  Configuration: Release_Max2012</authoring_tool>
      <source_data>file:///C:/Dropbox/Prj/GGStout/Turret/TP_Soldier_Turret_Animation_Master.max</source_data>
    </contributor>
    <created>2011-09-30T18:22:27</created>
    <modified>2011-09-30T18:22:27</modified>
    <unit name="meter" meter="1"/>
    <up_axis>Z_UP</up_axis>
  </asset>
  <library_effects>
    <effect id="ShapeBounds">
      <profile_COMMON>
        <technique sid="common">
          <blinn>
            <emission>
              <color>0 0 0 1</color>
            </emission>
            <ambient>
              <color>0.1647059 1 0 1</color>
            </ambient>
            <diffuse>
              <color>0.1647059 1 0 1</color>
            </diffuse>
            <specular>
              <color>0.9 0.9 0.9 1</color>
            </specular>
            <shininess>
              <float>10</float>
            </shininess>
            <reflective>
              <color>0 0 0 1</color>
            </reflective>
            <transparent opaque="A_ONE">
              <color>1 1 1 1</color>
            </transparent>
            <transparency>
              <float>1</float>
            </transparency>
          </blinn>
        </technique>
      </profile_COMMON>
      <extra>
        <technique profile="OpenCOLLADA3dsMax">
          <extended_shader>
            <apply_reflection_dimming>0</apply_reflection_dimming>
            <dim_level>0</dim_level>
            <falloff_type>0</falloff_type>
            <index_of_refraction>1.5</index_of_refraction>
            <opacity_type>0</opacity_type>
            <reflection_level>3</reflection_level>
            <wire_size>1</wire_size>
            <wire_units>0</wire_units>
          </extended_shader>
          <shader>
            <ambient_diffuse_lock>1</ambient_diffuse_lock>
            <ambient_diffuse_texture_lock>1</ambient_diffuse_texture_lock>
            <diffuse_specular_lock>0</diffuse_specular_lock>
            <soften>0.1</soften>
            <use_self_illum_color>0</use_self_illum_color>
          </shader>
        </technique>
      </extra>
    </effect>
  </library_effects>
  <library_materials>
    <material id="ShapeBounds-material" name="ShapeBounds">
      <instance_effect url="#ShapeBounds"/>
    </material>
  </library_materials>
  <library_geometries>
    <geometry id="geom-BOUNDS" name="BOUNDS">
      <mesh>
        <source id="geom-BOUNDS-positions">
          <float_array id="geom-BOUNDS-positions-array" count="24">-0.425 -0.425 0 0.425 -0.425 0 -0.425 0.425 0 0.425 0.425 0 -0.425 -0.425 1.84 0.425 -0.425 1.84 -0.425 0.425 1.84 0.425 0.425 1.84</float_array>
          <technique_common>
            <accessor source="#geom-BOUNDS-positions-array" count="8" stride="3">
              <param name="X" type="float"/>
              <param name="Y" type="float"/>
              <param name="Z" type="float"/>
            </accessor>
          </technique_common>
        </source>
        <source id="geom-BOUNDS-normals">
          <float_array id="geom-BOUNDS-normals-array" count="72">0 0 -1 0 0 -1 0 0 -1 0 0 -1 0 0 1 0 0 1 0 0 1 0 0 1 0 -1 0 0 -1 0 0 -1 0 0 -1 0 1 0 0 1 0 0 1 0 0 1 0 0 0 1 0 0 1 0 0 1 0 0 1 0 -1 0 0 -1 0 0 -1 0 0 -1 0 0</float_array>
          <technique_common>
            <accessor source="#geom-BOUNDS-normals-array" count="24" stride="3">
              <param name="X" type="float"/>
              <param name="Y" type="float"/>
              <param name="Z" type="float"/>
            </accessor>
          </technique_common>
        </source>
        <source id="geom-BOUNDS-map1">
          <float_array id="geom-BOUNDS-map1-array" count="36">0 0 0 1 0 0 0 1 0 1 1 0 0 0 0 1 0 0 0 1 0 1 1 0 0 0 0 1 0 0 0 1 0 1 1 0</float_array>
          <technique_common>
            <accessor source="#geom-BOUNDS-map1-array" count="12" stride="3">
              <param name="S" type="float"/>
              <param name="T" type="float"/>
              <param name="P" type="float"/>
            </accessor>
          </technique_common>
        </source>
        <vertices id="geom-BOUNDS-vertices">
          <input semantic="POSITION" source="#geom-BOUNDS-positions"/>
        </vertices>
        <triangles material="ShapeBounds" count="12">
          <input semantic="VERTEX" source="#geom-BOUNDS-vertices" offset="0"/>
          <input semantic="NORMAL" source="#geom-BOUNDS-normals" offset="1"/>
          <input semantic="TEXCOORD" source="#geom-BOUNDS-map1" offset="2" set="0"/>
          <p>0 0 9 2 1 11 3 2 10 3 2 10 1 3 8 0 0 9 4 4 8 5 5 9 7 6 11 7 6 11 6 7 10 4 4 8 0 8 4 1 9 5 5 10 7 5 10 7 4 11 6 0 8 4 1 12 0 3 13 1 7 14 3 7 14 3 5 15 2 1 12 0 3 16 4 2 17 5 6 18 7 6 18 7 7 19 6 3 16 4 2 20 0 0 21 1 4 22 3 4 22 3 6 23 2 2 20 0</p>
        </triangles>
      </mesh>
      <extra>
        <technique profile="OpenCOLLADA3dsMax">
          <max_box>
            <generateuvs>1</generateuvs>
            <height>1.84</height>
            <heightsegments>1</heightsegments>
            <length>0.85</length>
            <lengthsegments>1</lengthsegments>
            <width>0.85</width>
            <widthsegments>1</widthsegments>
          </max_box>
        </technique>
      </extra>
    </geometry>
  </library_geometries>
  <library_lights>
    <light id="EnvironmentAmbientLight" name="EnvironmentAmbientLight">
      <technique_common>
        <ambient>
          <color>0 0 0</color>
        </ambient>
      </technique_common>
    </light>
  </library_lights>
  <library_visual_scenes>
    <visual_scene id="MaxScene">
      <node name="EnvironmentAmbientLight">
        <instance_light url="#EnvironmentAmbientLight"/>
      </node>
      <node id="node-Bip01" name="Bip01">
        <matrix sid="matrix">0.765156 -0.643773 0.00962387 -8.10623e-5 0.4015756 0.4888695 0.7744312 0.009366653 -0.5032627 -0.5886959 0.632585 0.8041388 0 0 0 1</matrix>
        <node id="node-Bip01_Pelvis" name="Bip01_Pelvis">
          <matrix sid="matrix">-0.009626687 0.9981475 0.06007254 0 -0.1217414 -0.06079835 0.9906981 0 0.9925152 0.002223819 0.1221011 0 0 0 0 1</matrix>
          <node id="node-Bip01_Spine" name="Bip01_Spine">
            <matrix sid="matrix">0.9102761 -0.1242888 -0.3949047 0.1975094 0.156355 0.9864373 0.04994375 0.02692929 0.3833413 -0.1072079 0.9173635 0.02593583 0 0 0 1</matrix>
            <node id="node-Bip01_Spine1" name="Bip01_Spine1">
              <matrix sid="matrix">0.9768051 0.202363 0.07000804 0.1022094 -0.2050411 0.9781839 0.0333814 -9.87947e-5 -0.06172565 -0.04696175 0.9969878 4.76837e-6 0 0 0 1</matrix>
              <node id="node-Bip01_Spine2" name="Bip01_Spine2">
                <matrix>0.9382486 -0.180812 0.2949519 0.126897 0.1591712 0.9825714 0.09601051 -1.68279e-4 -0.3071712 -0.04313385 0.9506762 7.56979e-6 0 0 0 1</matrix>
                <node id="node-Bip01_Neck" name="Bip01_Neck">
                  <matrix>0.8407079 -0.4308255 0.3280236 0.2151071 0.4136219 0.9019011 0.1244631 -4.97103e-5 -0.3494667 0.0310407 0.9364344 -1.72853e-6 0 0 0 1</matrix>
                  <node id="node-Bip01_Head" name="Bip01_Head">
                    <matrix sid="matrix">0.7802358 0.2694755 -0.5644597 0.07051808 -0.6185187 0.1980896 -0.7603912 -0.01395917 -0.09309328 0.9424136 0.3212323 -2.98023e-8 0 0 0 1</matrix>
                    <node id="node-ALTEYE" name="ALTEYE">
                      <matrix>0.4506335 0.379248 0.8081464 0.06454682 0.04412806 0.8947043 -0.4444742 0.2214612 -0.8916176 0.2359568 0.3864483 0.04716266 0 0 0 1</matrix>
                    </node>
                  </node>
                  <node id="node-Bip01_L_Clavicle" name="Bip01_L_Clavicle">
                    <matrix>-0.7814924 -0.3934344 0.4842303 -0.04690343 0.2257732 -0.9018468 -0.3683732 -0.01204771 0.5816322 -0.1785546 0.7936134 0.05588403 0 0 0 1</matrix>
                    <node id="node-Bip01_L_UpperArm" name="Bip01_L_UpperArm">
                      <matrix sid="matrix">0.5746422 -0.1428472 0.8058418 0.1824006 0.07798061 0.9897264 0.1198357 5.96046e-8 -0.8146809 -0.006022677 0.5798779 -1.19209e-7 0 0 0 1</matrix>
                      <node id="node-Bip01_L_Forearm" name="Bip01_L_Forearm">
                        <matrix sid="matrix">-0.1079057 0.9941612 0 0.2843689 -0.9941612 -0.1079058 -2.98023e-8 0 -2.98023e-8 8.9407e-8 1 5.96046e-8 0 0 0 1</matrix>
                        <node id="node-Bip01_L_Hand" name="Bip01_L_Hand">
                          <matrix sid="matrix">0.9542425 -0.152558 -0.2571911 0.2810681 0.1484925 -0.504794 0.8503722 5.96046e-8 -0.2595596 -0.8496524 -0.4590423 -2.98023e-8 0 0 0 1</matrix>
                          <node id="node-Bip01_L_Finger0" name="Bip01_L_Finger0">
                            <matrix>0.5215105 0.269013 0.8097275 0.02119678 0.7250715 0.3605265 -0.5867638 -0.004734218 -0.4497753 0.893114 -0.007035509 -0.02572191 0 0 0 1</matrix>
                            <node id="node-Bip01_L_Finger01" name="Bip01_L_Finger01">
                              <matrix>0.6423537 -0.7636236 -0.0652757 0.04982859 0.7605615 0.6456373 -0.06854736 -2.98023e-8 0.09448884 -0.005614549 0.9955102 -2.98023e-8 0 0 0 1</matrix>
                              <node id="node-Bip01_L_Finger02" name="Bip01_L_Finger02">
                                <matrix>0.9505156 -0.3106765 0 0.0520224 0.3106764 0.9505157 5.96046e-8 0 2.23517e-8 -2.98023e-8 0.9999999 0 0 0 0 1</matrix>
                              </node>
                            </node>
                          </node>
                          <node id="node-Bip01_L_Finger1" name="Bip01_L_Finger1">
                            <matrix>0.6408503 -0.7640202 0.0747267 0.1199946 0.7674398 0.6352569 -0.08651491 -0.008367568 0.01862844 0.1127913 0.9934441 -0.04101396 0 0 0 1</matrix>
                            <node id="node-Bip01_L_Finger11" name="Bip01_L_Finger11">
                              <matrix>0.8240546 -0.5665103 -1.49012e-8 0.03644174 0.5665103 0.8240547 0 -2.98023e-8 0 -4.47035e-8 1 0 0 0 0 1</matrix>
                              <node id="node-Bip01_L_Finger12" name="Bip01_L_Finger12">
                                <matrix>0.8146398 -0.5796779 -0.01831837 0.03117546 0.5799671 0.8142334 0.02573048 -2.98023e-8 -2.98023e-8 -0.03158512 0.9995009 5.96046e-8 0 0 0 1</matrix>
                              </node>
                            </node>
                          </node>
                          <node id="node-Bip01_L_Finger2" name="Bip01_L_Finger2">
                            <matrix>0.6754014 -0.7374504 1.52126e-4 0.1229538 0.7368314 0.6748427 0.04082681 -0.008802027 -0.03021044 -0.02746242 0.9991662 -0.01328242 0 0 0 1</matrix>
                            <node id="node-Bip01_L_Finger21" name="Bip01_L_Finger21">
                              <matrix>0.5508358 -0.8338856 0.03484872 0.03895518 0.8322219 0.5519371 0.05265063 0 -0.06313889 1.49012e-8 0.9980047 -5.96046e-8 0 0 0 1</matrix>
                              <node id="node-Bip01_L_Finger22" name="Bip01_L_Finger22">
                                <matrix>0.1984736 -0.9799247 -0.01886614 0.03800541 0.9755273 0.1993682 -0.09272984 -1.49012e-8 0.09462957 0 0.9955127 0 0 0 0 1</matrix>
                              </node>
                            </node>
                          </node>
                          <node id="node-Bip01_L_Finger3" name="Bip01_L_Finger3">
                            <matrix>0.7159053 -0.6949216 -0.06755453 0.1211881 0.6883786 0.6863562 0.234627 -0.001191229 -0.1166809 -0.2144738 0.9697353 0.01196873 0 0 0 1</matrix>
                            <node id="node-Bip01_L_Finger31" name="Bip01_L_Finger31">
                              <matrix>0.4441953 -0.8949345 -0.04222351 0.03155842 0.8909186 0.4461976 -0.08468727 0 0.09462959 -1.67638e-8 0.9955127 -5.96046e-8 0 0 0 1</matrix>
                              <node id="node-Bip01_L_Finger32" name="Bip01_L_Finger32">
                                <matrix>0.1993679 -0.9794357 0.03095101 0.03366596 0.9799247 0.1992684 -0.006297071 2.98023e-8 1.30385e-8 0.0315851 0.999501 -2.98023e-8 0 0 0 1</matrix>
                              </node>
                            </node>
                          </node>
                          <node id="node-Bip01_L_Finger4" name="Bip01_L_Finger4">
                            <matrix>0.592579 -0.7897949 0.1583476 0.1136797 0.7783521 0.6120424 0.1399001 0.005147368 -0.2074079 0.04034829 0.9774221 0.03886575 0 0 0 1</matrix>
                            <node id="node-Bip01_L_Finger41" name="Bip01_L_Finger41">
                              <matrix>0.4202555 -0.9064695 -0.04120622 0.03661621 0.906853 0.421151 -0.0157878 2.98023e-8 0.03166522 -0.03073304 0.9990261 5.96046e-8 0 0 0 1</matrix>
                              <node id="node-Bip01_L_Finger42" name="Bip01_L_Finger42">
                                <matrix>0.402447 -0.9138245 0.05441485 0.0177263 0.915423 0.4021219 -0.01728317 0 -0.006087571 0.05676818 0.9983687 0 0 0 0 1</matrix>
                              </node>
                            </node>
                          </node>
                        </node>
                      </node>
                    </node>
                  </node>
                  <node id="node-Bip01_R_Clavicle" name="Bip01_R_Clavicle">
                    <matrix>0.2073932 -0.1669673 -0.9639034 8.6695e-4 0.5679265 -0.7817279 0.2576056 -0.01629043 -0.7965221 -0.600852 -0.06729984 -0.07212153 0 0 0 1</matrix>
                    <node id="node-Bip01_R_UpperArm" name="Bip01_R_UpperArm">
                      <matrix sid="matrix">0.6141853 0.7746184 -0.1508069 0.1824006 -0.7524848 0.6324288 0.1838499 5.96046e-8 0.2377881 5.61982e-4 0.9713169 -1.19209e-7 0 0 0 1</matrix>
                      <node id="node-Bip01_R_Forearm" name="Bip01_R_Forearm">
                        <matrix>0.09231737 0.9957296 0 0.2843688 -0.9957295 0.09231743 0 0 2.98023e-8 8.9407e-8 0.9999999 0 0 0 0 1</matrix>
                        <node id="node-Bip01_R_Hand" name="Bip01_R_Hand">
                          <matrix>0.6432991 0.2202154 0.7332609 0.281068 0.6568443 -0.6508006 -0.3808071 0 0.3933471 0.726611 -0.5633066 1.19209e-7 0 0 0 1</matrix>
                          <node id="node-Bip01_R_Finger0" name="Bip01_R_Finger0">
                            <matrix>0.5215106 0.269013 -0.8097275 0.02119672 0.7250717 0.3605264 0.5867638 -0.004734278 0.4497752 -0.893114 -0.007035553 0.02572197 0 0 0 1</matrix>
                            <node id="node-Bip01_R_Finger01" name="Bip01_R_Finger01">
                              <matrix>0.6423533 -0.7636238 0.06527564 0.04982853 0.7605616 0.645637 0.0685474 5.96046e-8 -0.09448883 0.005614482 0.9955101 0 0 0 0 1</matrix>
                              <node id="node-Bip01_R_Finger02" name="Bip01_R_Finger02">
                                <matrix>0.9505158 -0.3106765 0 0.05202246 0.3106765 0.9505159 7.45058e-9 2.98023e-8 0 -2.98023e-8 1 5.96046e-8 0 0 0 1</matrix>
                              </node>
                            </node>
                          </node>
                          <node id="node-Bip01_R_Finger1" name="Bip01_R_Finger1">
                            <matrix>0.9820225 -0.1733428 -0.07472673 0.1199946 0.1795577 0.9799359 0.08651492 -0.008367598 0.05823061 -0.09837735 0.993444 0.0410139 0 0 0 1</matrix>
                            <node id="node-Bip01_R_Finger11" name="Bip01_R_Finger11">
                              <matrix>0.8240547 -0.5665102 0 0.03644174 0.5665103 0.8240547 1.50176e-8 -2.98023e-8 -1.49012e-8 0 0.9999999 0 0 0 0 1</matrix>
                              <node id="node-Bip01_R_Finger12" name="Bip01_R_Finger12">
                                <matrix>0.8146397 -0.5796779 0.01831833 0.03117561 0.5799672 0.8142334 -0.02573051 -2.98023e-8 2.98023e-8 0.03158513 0.9995011 0 0 0 0 1</matrix>
                              </node>
                            </node>
                          </node>
                          <node id="node-Bip01_R_Finger2" name="Bip01_R_Finger2">
                            <matrix>0.6754014 -0.7374504 -1.52111e-4 0.1229538 0.7368314 0.6748428 -0.04082684 -0.008802056 0.03021042 0.02746242 0.9991661 0.01328248 0 0 0 1</matrix>
                            <node id="node-Bip01_R_Finger21" name="Bip01_R_Finger21">
                              <matrix>0.5508357 -0.8338857 -0.0348487 0.03895509 0.8322219 0.551937 -0.05265062 0 0.0631389 -1.49012e-8 0.9980047 -5.96046e-8 0 0 0 1</matrix>
                              <node id="node-Bip01_R_Finger22" name="Bip01_R_Finger22">
                                <matrix>0.1984733 -0.9799248 0.01886613 0.03800538 0.9755273 0.1993679 0.09272987 -5.96046e-8 -0.09462959 2.6077e-8 0.9955126 0 0 0 0 1</matrix>
                              </node>
                            </node>
                          </node>
                          <node id="node-Bip01_R_Finger3" name="Bip01_R_Finger3">
                            <matrix>0.7159053 -0.6949216 0.06755468 0.1211882 0.6883786 0.6863562 -0.2346271 -0.001191318 0.1166808 0.2144739 0.9697353 -0.01196855 0 0 0 1</matrix>
                            <node id="node-Bip01_R_Finger31" name="Bip01_R_Finger31">
                              <matrix>0.4441953 -0.8949345 0.04222359 0.03155845 0.8909186 0.4461976 0.08468754 0 -0.09462989 -2.23517e-8 0.9955125 -5.96046e-8 0 0 0 1</matrix>
                              <node id="node-Bip01_R_Finger32" name="Bip01_R_Finger32">
                                <matrix>0.1993681 -0.9794359 -0.03095103 0.033666 0.9799248 0.1992686 0.006297082 -5.96046e-8 -2.98023e-8 -0.03158513 0.9995012 5.96046e-8 0 0 0 1</matrix>
                              </node>
                            </node>
                          </node>
                          <node id="node-Bip01_R_Finger4" name="Bip01_R_Finger4">
                            <matrix>0.5925791 -0.789795 -0.1583475 0.1136797 0.7783522 0.6120424 -0.1399001 0.005147398 0.2074078 -0.04034825 0.9774221 -0.03886575 0 0 0 1</matrix>
                            <node id="node-Bip01_R_Finger41" name="Bip01_R_Finger41">
                              <matrix>0.4202555 -0.9064697 0.04120615 0.03661627 0.9068531 0.4211511 0.01578787 0 -0.03166523 0.03073308 0.9990259 0 0 0 0 1</matrix>
                              <node id="node-Bip01_R_Finger42" name="Bip01_R_Finger42">
                                <matrix>0.4024471 -0.9138247 -0.05441487 0.01772627 0.9154232 0.4021218 0.01728317 0 0.006087631 -0.05676818 0.998369 0 0 0 0 1</matrix>
                              </node>
                            </node>
                          </node>
                          <node id="node-MOUNT0" name="MOUNT0">
                            <matrix>-6.55651e-7 1 -1.3411e-7 0.1095392 -0.9999999 -6.4075e-7 4.71249e-7 0.02518257 5.06639e-7 1.19209e-7 0.9999998 0.01321673 0 0 0 1</matrix>
                          </node>
                        </node>
                      </node>
                    </node>
                  </node>
                </node>
                <node id="node-Bip01_L_Pauldron_Upper" name="Bip01_L_Pauldron_Upper">
                  <matrix>0.7291968 -0.2773261 0.62559 0.1769028 -0.5504748 -0.7808022 0.295509 -0.03908366 0.4065097 -0.5598561 -0.7220193 0.2290198 0 0 0 1</matrix>
                </node>
                <node id="node-Bip01_R_Pauldron_Lower" name="Bip01_R_Pauldron_Lower">
                  <matrix>-0.1156733 -0.9403759 -0.3198659 0.172906 0.9097751 -0.2295509 0.3458563 -0.1133294 -0.3986601 -0.2509996 0.8820829 -0.2351094 0 0 0 1</matrix>
                </node>
                <node id="node-Bip01_L_Pauldron_Lower" name="Bip01_L_Pauldron_Lower">
                  <matrix>-0.2224681 -0.9222332 0.316219 0.1529202 0.432304 -0.3840307 -0.815864 -0.1054225 0.8738543 -0.04480115 0.4841192 0.2344798 0 0 0 1</matrix>
                </node>
              </node>
            </node>
            <node id="node-Bip01_L_Thigh" name="Bip01_L_Thigh">
              <matrix sid="matrix">-0.5659885 0.8188207 -0.09586085 -0.1450702 0.471093 0.4166516 0.7774784 -0.01290265 0.676556 0.3948845 -0.6215609 0.1698112 0 0 0 1</matrix>
              <node id="node-Bip01_L_Calf" name="Bip01_L_Calf">
                <matrix sid="matrix">0.5122989 0.8588074 0 0.4629988 -0.8588073 0.5122989 -3.72529e-9 -7.45058e-9 8.19564e-8 -7.45058e-9 1 9.31323e-9 0 0 0 1</matrix>
                <node id="node-Bip01_L_Foot" name="Bip01_L_Foot">
                  <matrix sid="matrix">0.8140748 0.5763059 -0.07179185 0.3610501 -0.5642481 0.8141301 0.1371717 2.98023e-8 0.1375007 -0.07115968 0.9879422 -2.79397e-8 0 0 0 1</matrix>
                  <node id="node-Bip01_L_Toe0" name="Bip01_L_Toe0">
                    <matrix sid="matrix">4.17233e-7 -1 1.38767e-6 0.1486307 1 4.47035e-7 2.23517e-8 0.1543275 -2.23517e-8 1.38953e-6 0.9999999 0 0 0 0 1</matrix>
                  </node>
                </node>
              </node>
            </node>
            <node id="node-Bip01_R_Thigh" name="Bip01_R_Thigh">
              <matrix sid="matrix">-0.9188526 0.3884221 -0.06955607 -0.2428116 0.3453844 0.8769044 0.3342875 0.01443207 0.1908387 0.2831374 -0.939901 -0.06409162 0 0 0 1</matrix>
              <node id="node-Bip01_R_Calf" name="Bip01_R_Calf">
                <matrix sid="matrix">0.7818704 0.623441 0 0.4629988 -0.623441 0.7818704 2.98023e-8 -2.98023e-8 4.47035e-8 5.96046e-8 1 0 0 0 0 1</matrix>
                <node id="node-Bip01_R_Foot" name="Bip01_R_Foot">
                  <matrix sid="matrix">0.7349809 0.6750672 0.06393215 0.3610501 -0.6771914 0.7355859 0.01803279 2.98023e-8 -0.03485434 -0.05654815 0.9977913 0 0 0 0 1</matrix>
                  <node id="node-Bip01_R_Toe0" name="Bip01_R_Toe0">
                    <matrix sid="matrix">-0.1805802 -0.9786913 0.0977453 0.1486308 0.9833316 -0.1817875 -0.003513962 0.1543275 0.02120796 0.09548149 0.9952053 5.96046e-8 0 0 0 1</matrix>
                  </node>
                </node>
              </node>
            </node>
          </node>
          <node id="node-Bip01_FannyPack" name="Bip01_FannyPack">
            <matrix>-0.9629916 -0.2062316 0.1735378 0.2299505 -0.2083318 0.9780381 0.006226689 -0.1378937 -0.1710107 -0.03015661 -0.9848073 0.01013955 0 0 0 1</matrix>
          </node>
        </node>
        <node id="node-EYE" name="EYE">
          <matrix sid="matrix">0.7651561 0.4015756 -0.5032625 -0.3446804 -0.6437731 0.4888694 -0.5886956 -0.4072825 0.009623879 0.7744306 0.6325848 0.5578781 0 0 0 1</matrix>
          <node id="node-CAM" name="CAM">
            <matrix>1 -6.03104e-8 -7.10543e-15 4.84288e-8 6.03104e-8 1 -2.32831e-9 -0.104 -3.55271e-15 2.32833e-9 1 0.30056 0 0 0 1</matrix>
          </node>
        </node>
      </node>
      <node id="node-BOUNDS" name="BOUNDS">
        <matrix>0.9999915 0.001706907 0.003750479 0 -0.001711356 0.9999978 0.001183292 0.1035326 -0.003748451 -0.0011897 0.9999923 -8.93474e-5 0 0 0 1</matrix>
        <instance_geometry url="#geom-BOUNDS">
          <bind_material>
            <technique_common>
              <instance_material symbol="ShapeBounds" target="#ShapeBounds-material"/>
            </technique_common>
          </bind_material>
        </instance_geometry>
      </node>
    </visual_scene>
  </library_visual_scenes>
  <library_animations>
    <animation>
      <source id="node-Bip01_matrix-input">
        <float_array id="node-Bip01_matrix-input-array" count="61">31.76667 31.8 31.83333 31.86667 31.9 31.93333 31.96667 32 32.03333 32.06667 32.1 32.13334 32.16667 32.2 32.23333 32.26667 32.3 32.33333 32.36666 32.4 32.43333 32.46667 32.5 32.53333 32.56667 32.6 32.63334 32.66667 32.7 32.73333 32.76667 32.8 32.83333 32.86666 32.9 32.93333 32.96667 33 33.03333 33.06667 33.1 33.13334 33.16667 33.2 33.23333 33.26667 33.3 33.33333 33.36666 33.4 33.43333 33.46667 33.5 33.53333 33.56667 33.6 33.63334 33.66667 33.7 33.73333 33.76667</float_array>
        <technique_common>
          <accessor source="#node-Bip01_matrix-input-array" count="61" stride="1">
            <param name="TIME" type="float"/>
          </accessor>
        </technique_common>
      </source>
      <source id="node-Bip01_matrix-output">
        <float_array id="node-Bip01_matrix-output-array" count="976">0.765156 -0.643773 0.009623825 -8.10623e-5 0.4015756 0.4888696 0.7744312 0.009366631 -0.5032627 -0.588696 0.632585 0.8041388 0 0 0 1 0.7651478 -0.6437827 0.009627163 -8.10623e-5 0.4015796 0.4888657 0.7744315 0.009366631 -0.503272 -0.5886884 0.6325846 0.8070508 0 0 0 1 0.7651236 -0.6438114 0.009637117 -8.10623e-5 0.4015913 0.4888549 0.7744323 0.009366631 -0.5032995 -0.5886662 0.6325834 0.8102062 0 0 0 1 0.7650839 -0.6438583 0.009653449 -8.10623e-5 0.4016104 0.4888369 0.7744337 0.009366631 -0.5033445 -0.5886298 0.6325814 0.8135821 0 0 0 1 0.7650293 -0.6439228 0.0096758 -8.10623e-5 0.4016368 0.4888121 0.7744356 0.009366631 -0.5034065 -0.5885798 0.6325786 0.8171561 0 0 0 1 0.7649602 -0.6440044 0.009704172 -8.10623e-5 0.4016702 0.4887808 0.7744382 0.009366631 -0.5034849 -0.5885165 0.6325752 0.820904 0 0 0 1 0.7648774 -0.6441022 0.009738087 -8.10623e-5 0.4017101 0.4887433 0.7744411 0.009366631 -0.5035787 -0.5884407 0.6325711 0.8248032 0 0 0 1 0.7647814 -0.6442158 0.009777605 -8.10623e-5 0.4017565 0.4886997 0.7744445 0.009366631 -0.5036876 -0.5883525 0.6325663 0.8288311 0 0 0 1 0.7646725 -0.6443442 0.009822189 -8.10623e-5 0.401809 0.4886505 0.7744484 0.009366631 -0.503811 -0.5882528 0.6325609 0.8329645 0 0 0 1 0.7645515 -0.6444871 0.00987184 -8.10623e-5 0.4018673 0.4885956 0.7744527 0.009366631 -0.5039481 -0.5881418 0.6325548 0.8371805 0 0 0 1 0.7644188 -0.6446437 0.009926259 -8.10623e-5 0.4019313 0.4885355 0.7744575 0.009366631 -0.5040984 -0.5880202 0.6325481 0.8414559 0 0 0 1 0.764275 -0.6448132 0.009985208 -8.10623e-5 0.4020006 0.4884703 0.7744626 0.009366631 -0.5042612 -0.5878884 0.632541 0.8457682 0 0 0 1 0.7641207 -0.644995 0.01004838 -8.10623e-5 0.4020748 0.4884005 0.7744681 0.009366631 -0.5044357 -0.5877469 0.6325332 0.8500949 0 0 0 1 0.7639563 -0.6451887 0.01011568 -8.10623e-5 0.402154 0.488326 0.774474 0.009366631 -0.5046216 -0.5875962 0.6325249 0.8544114 0 0 0 1 0.7637825 -0.6453933 0.01018679 -8.10623e-5 0.4022375 0.4882472 0.7744802 0.009366631 -0.504818 -0.5874369 0.6325161 0.8586955 0 0 0 1 0.7635997 -0.6456084 0.01026165 -8.10623e-5 0.4023254 0.4881645 0.7744868 0.009366631 -0.5050246 -0.5872693 0.6325069 0.8629243 0 0 0 1 0.7634086 -0.6458332 0.01033979 -8.10623e-5 0.4024173 0.4880779 0.7744936 0.009366631 -0.5052403 -0.5870941 0.6324972 0.8670749 0 0 0 1 0.7632096 -0.646067 0.01042115 -8.10623e-5 0.4025127 0.4879878 0.7745008 0.009366631 -0.5054648 -0.5869117 0.6324871 0.8711243 0 0 0 1 0.7630033 -0.6463092 0.01050549 -8.10623e-5 0.4026117 0.4878944 0.7745082 0.009366631 -0.5056974 -0.5867227 0.6324766 0.8750492 0 0 0 1 0.7627903 -0.6465592 0.01059246 -8.10623e-5 0.4027137 0.4877979 0.7745159 0.009366631 -0.5059373 -0.5865275 0.6324657 0.8788272 0 0 0 1 0.762571 -0.6468163 0.01068192 -8.10623e-5 0.4028187 0.4876986 0.7745239 0.009366631 -0.5061842 -0.5863265 0.6324545 0.8824357 0 0 0 1 0.7623463 -0.6470796 0.01077377 -8.10623e-5 0.4029263 0.4875969 0.7745319 0.009366631 -0.5064371 -0.5861204 0.6324431 0.8858502 0 0 0 1 0.7621163 -0.647349 0.01086753 -8.10623e-5 0.4030364 0.4874927 0.7745403 0.009366631 -0.5066957 -0.5859097 0.6324313 0.8890486 0 0 0 1 0.7618818 -0.6476233 0.01096314 -8.10623e-5 0.4031484 0.4873866 0.7745487 0.009366631 -0.5069591 -0.5856947 0.6324192 0.8920078 0 0 0 1 0.7616432 -0.6479022 0.01106029 -8.10623e-5 0.4032623 0.4872786 0.7745574 0.009366631 -0.5072269 -0.5854762 0.632407 0.894705 0 0 0 1 0.7614013 -0.6481848 0.01115882 -8.10623e-5 0.4033777 0.4871691 0.7745662 0.009366631 -0.5074983 -0.5852544 0.6323944 0.8971171 0 0 0 1 0.7611564 -0.6484707 0.01125854 -8.10623e-5 0.4034944 0.4870582 0.7745751 0.009366631 -0.5077728 -0.5850301 0.6323818 0.8992213 0 0 0 1 0.7609093 -0.6487589 0.01135903 -8.10623e-5 0.4036121 0.4869463 0.7745842 0.009366631 -0.5080496 -0.5848036 0.6323689 0.9009943 0 0 0 1 0.7606602 -0.6490491 0.0114603 -8.10623e-5 0.4037306 0.4868336 0.7745931 0.009366631 -0.5083283 -0.5845753 0.632356 0.9024137 0 0 0 1 0.7604101 -0.6493403 0.01156198 -8.10623e-5 0.4038496 0.4867206 0.7746022 0.009366631 -0.5086079 -0.584346 0.6323431 0.9034556 0 0 0 1 0.7601591 -0.6496323 0.01166397 -8.10623e-5 0.4039688 0.486607 0.7746115 0.009366631 -0.5088884 -0.5841161 0.6323298 0.9040976 0 0 0 1 0.759908 -0.6499241 0.01176583 -8.10623e-5 0.404088 0.4864934 0.7746207 0.009366631 -0.5091686 -0.583886 0.6323167 0.9043168 0 0 0 1 0.7596575 -0.6502151 0.01186746 -8.10623e-5 0.4042068 0.48638 0.7746298 0.009366631 -0.5094481 -0.5836564 0.6323036 0.9040657 0 0 0 1 0.7594078 -0.6505048 0.01196873 -8.10623e-5 0.4043251 0.4862672 0.7746389 0.009366631 -0.5097264 -0.5834276 0.6322905 0.9033316 0 0 0 1 0.7591599 -0.6507923 0.01206916 -8.10623e-5 0.4044425 0.486155 0.774648 0.009366631 -0.5100025 -0.5832004 0.6322774 0.9021423 0 0 0 1 0.7589139 -0.6510773 0.01216888 -8.10623e-5 0.4045588 0.4860438 0.7746571 0.009366631 -0.5102763 -0.582975 0.6322644 0.9005263 0 0 0 1 0.7586707 -0.6513588 0.01226729 -8.10623e-5 0.4046738 0.4859338 0.7746661 0.009366631 -0.5105467 -0.5827522 0.6322515 0.8985117 0 0 0 1 0.7584307 -0.6516364 0.01236444 -8.10623e-5 0.4047871 0.4858253 0.7746748 0.009366631 -0.5108133 -0.5825322 0.6322388 0.8961275 0 0 0 1 0.7581946 -0.6519092 0.01245993 -8.10623e-5 0.4048985 0.4857185 0.7746836 0.009366631 -0.5110754 -0.5823159 0.6322262 0.893401 0 0 0 1 0.7579627 -0.6521771 0.01255363 -8.10623e-5 0.4050078 0.4856137 0.7746922 0.009366631 -0.5113328 -0.5821036 0.6322138 0.8903608 0 0 0 1 0.7577359 -0.6524389 0.0126453 -8.10623e-5 0.4051148 0.4855111 0.7747007 0.009366631 -0.5115842 -0.5818957 0.6322018 0.8870351 0 0 0 1 0.7575145 -0.6526942 0.01273471 -8.10623e-5 0.405219 0.4854109 0.7747089 0.009366631 -0.5118296 -0.5816929 0.6321898 0.8834533 0 0 0 1 0.7572993 -0.6529422 0.01282155 -8.10623e-5 0.4053203 0.4853137 0.7747169 0.009366631 -0.5120677 -0.5814957 0.6321784 0.8796418 0 0 0 1 0.7570906 -0.6531824 0.01290571 -8.10623e-5 0.4054183 0.4852194 0.7747246 0.009366631 -0.5122986 -0.5813044 0.6321672 0.8756297 0 0 0 1 0.7568892 -0.6534141 0.01298695 -8.10623e-5 0.4055129 0.4851285 0.774732 0.009366631 -0.5125212 -0.5811199 0.6321564 0.8714463 0 0 0 1 0.7566956 -0.6536368 0.01306498 -8.10623e-5 0.4056038 0.4850409 0.7747393 0.009366631 -0.5127352 -0.5809426 0.6321458 0.8671179 0 0 0 1 0.7565103 -0.6538498 0.01313972 -8.10623e-5 0.4056907 0.4849573 0.7747461 0.009366631 -0.5129398 -0.5807728 0.6321359 0.8626738 0 0 0 1 0.756334 -0.6540523 0.01321071 -8.10623e-5 0.4057734 0.4848776 0.7747527 0.009366631 -0.5131344 -0.5806112 0.6321263 0.8581421 0 0 0 1 0.7561672 -0.6542438 0.01327788 -8.10623e-5 0.4058516 0.4848021 0.7747589 0.009366631 -0.5133184 -0.5804584 0.6321173 0.8535524 0 0 0 1 0.7560104 -0.6544237 0.01334095 -8.10623e-5 0.405925 0.4847313 0.7747648 0.009366631 -0.5134913 -0.5803148 0.6321088 0.8489307 0 0 0 1 0.7558643 -0.6545913 0.01339977 -8.10623e-5 0.4059934 0.4846653 0.7747703 0.009366631 -0.5136523 -0.580181 0.6321008 0.8443064 0 0 0 1 0.7557293 -0.6547458 0.01345407 -8.10623e-5 0.4060565 0.4846044 0.7747753 0.009366631 -0.5138008 -0.5800573 0.6320936 0.8397086 0 0 0 1 0.7556062 -0.654887 0.01350361 -8.10623e-5 0.4061141 0.4845488 0.7747799 0.009366631 -0.5139364 -0.5799445 0.6320869 0.8351637 0 0 0 1 0.7554954 -0.6550138 0.01354813 -8.10623e-5 0.4061658 0.4844987 0.774784 0.009366631 -0.5140583 -0.579843 0.6320808 0.830701 0 0 0 1 0.7553976 -0.6551259 0.01358747 -8.10623e-5 0.4062116 0.4844545 0.7747877 0.009366631 -0.514166 -0.5797533 0.6320754 0.8263487 0 0 0 1 0.7553132 -0.6552225 0.01362133 -8.10623e-5 0.406251 0.4844163 0.7747909 0.009366631 -0.5142588 -0.5796762 0.6320708 0.8221361 0 0 0 1 0.755243 -0.6553029 0.01364958 -8.10623e-5 0.4062839 0.4843846 0.7747936 0.009366631 -0.5143361 -0.5796117 0.632067 0.8180894 0 0 0 1 0.7551873 -0.6553665 0.01367199 -8.10623e-5 0.4063098 0.4843595 0.7747957 0.009366631 -0.5143973 -0.5795608 0.6320639 0.8142381 0 0 0 1 0.7551468 -0.6554129 0.0136882 -8.10623e-5 0.4063287 0.4843412 0.7747972 0.009366631 -0.5144417 -0.5795236 0.6320618 0.8106102 0 0 0 1 0.7551221 -0.655441 0.01369816 -8.10623e-5 0.4063402 0.4843301 0.7747981 0.009366631 -0.5144689 -0.5795011 0.6320604 0.8072348 0 0 0 1 0.7551138 -0.6554505 0.01370149 -8.10623e-5 0.4063441 0.4843263 0.7747984 0.009366631 -0.514478 -0.5794934 0.6320599 0.8041388 0 0 0 1</float_array>
        <technique_common>
          <accessor source="#node-Bip01_matrix-output-array" count="61" stride="16">
            <param name="TRANSFORM" type="float4x4"/>
          </accessor>
        </technique_common>
      </source>
      <source id="node-Bip01_matrix-interpolation">
        <Name_array id="node-Bip01_matrix-interpolation-array" count="61">LINEAR LINEAR LINEAR LINEAR LINEAR LINEAR LINEAR LINEAR LINEAR LINEAR LINEAR LINEAR LINEAR LINEAR LINEAR LINEAR LINEAR LINEAR LINEAR LINEAR LINEAR LINEAR LINEAR LINEAR LINEAR LINEAR LINEAR LINEAR LINEAR LINEAR LINEAR LINEAR LINEAR LINEAR LINEAR LINEAR LINEAR LINEAR LINEAR LINEAR LINEAR LINEAR LINEAR LINEAR LINEAR LINEAR LINEAR LINEAR LINEAR LINEAR LINEAR LINEAR LINEAR LINEAR LINEAR LINEAR LINEAR LINEAR LINEAR LINEAR LINEAR</Name_array>
        <technique_common>
          <accessor source="#node-Bip01_matrix-interpolation-array" count="61" stride="1">
            <param name="INTERPOLATION" type="name"/>
          </accessor>
        </technique_common>
      </source>
      <source id="node-Bip01_Pelvis_matrix-input">
        <float_array id="node-Bip01_Pelvis_matrix-input-array" count="61">31.76667 31.8 31.83333 31.86667 31.9 31.93333 31.96667 32 32.03333 32.06667 32.1 32.13334 32.16667 32.2 32.23333 32.26667 32.3 32.33333 32.36666 32.4 32.43333 32.46667 32.5 32.53333 32.56667 32.6 32.63334 32.66667 32.7 32.73333 32.76667 32.8 32.83333 32.86666 32.9 32.93333 32.96667 33 33.03333 33.06667 33.1 33.13334 33.16667 33.2 33.23333 33.26667 33.3 33.33333 33.36666 33.4 33.43333 33.46667 33.5 33.53333 33.56667 33.6 33.63334 33.66667 33.7 33.73333 33.76667</float_array>
        <technique_common>
          <accessor source="#node-Bip01_Pelvis_matrix-input-array" count="61" stride="1">
            <param name="TIME" type="float"/>
          </accessor>
        </technique_common>
      </source>
      <source id="node-Bip01_Pelvis_matrix-output">
