<?xml version="1.0" encoding="utf-8"?>
<COLLADA xmlns="http://www.collada.org/2005/11/COLLADASchema" version="1.4.1">
  <asset>
    <contributor>
      <author>MattO</author>
      <authoring_tool>OpenCOLLADA for 3ds Max;  Version: 1.3.0;  Revision: 839M;  Platform: x64;  Configuration: Release_Max2012</authoring_tool>
      <source_data>file:///C:/Dropbox/Prj/GGStout/Lurker/SoldierTP_Lurker_Animation_Master.max</source_data>
    </contributor>
    <created>2011-09-29T23:38:17</created>
    <modified>2011-09-29T23:38:17</modified>
    <unit name="meter" meter="1"/>
    <up_axis>Z_UP</up_axis>
  </asset>
  <library_effects>
    <effect id="ShapeBounds">
      <profile_COMMON>
        <technique sid="common">
          <blinn>
            <emission>
              <color>0 0 0 1</color>
            </emission>
            <ambient>
              <color>0.1647059 1 0 1</color>
            </ambient>
            <diffuse>
              <color>0.1647059 1 0 1</color>
            </diffuse>
            <specular>
              <color>0.9 0.9 0.9 1</color>
            </specular>
            <shininess>
              <float>10</float>
            </shininess>
            <reflective>
              <color>0 0 0 1</color>
            </reflective>
            <transparent opaque="A_ONE">
              <color>1 1 1 1</color>
            </transparent>
            <transparency>
              <float>1</float>
            </transparency>
          </blinn>
        </technique>
      </profile_COMMON>
      <extra>
        <technique profile="OpenCOLLADA3dsMax">
          <extended_shader>
            <apply_reflection_dimming>0</apply_reflection_dimming>
            <dim_level>0</dim_level>
            <falloff_type>0</falloff_type>
            <index_of_refraction>1.5</index_of_refraction>
            <opacity_type>0</opacity_type>
            <reflection_level>3</reflection_level>
            <wire_size>1</wire_size>
            <wire_units>0</wire_units>
          </extended_shader>
          <shader>
            <ambient_diffuse_lock>1</ambient_diffuse_lock>
            <ambient_diffuse_texture_lock>1</ambient_diffuse_texture_lock>
            <diffuse_specular_lock>0</diffuse_specular_lock>
            <soften>0.1</soften>
            <use_self_illum_color>0</use_self_illum_color>
          </shader>
        </technique>
      </extra>
    </effect>
  </library_effects>
  <library_materials>
    <material id="ShapeBounds-material" name="ShapeBounds">
      <instance_effect url="#ShapeBounds"/>
    </material>
  </library_materials>
  <library_geometries>
    <geometry id="geom-Bounds" name="Bounds">
      <mesh>
        <source id="geom-Bounds-positions">
          <float_array id="geom-Bounds-positions-array" count="24">-0.425 -0.425 0 0.425 -0.425 0 -0.425 0.425 0 0.425 0.425 0 -0.425 -0.425 1.84 0.425 -0.425 1.84 -0.425 0.425 1.84 0.425 0.425 1.84</float_array>
          <technique_common>
            <accessor source="#geom-Bounds-positions-array" count="8" stride="3">
              <param name="X" type="float"/>
              <param name="Y" type="float"/>
              <param name="Z" type="float"/>
            </accessor>
          </technique_common>
        </source>
        <source id="geom-Bounds-normals">
          <float_array id="geom-Bounds-normals-array" count="72">0 0 -1 0 0 -1 0 0 -1 0 0 -1 0 0 1 0 0 1 0 0 1 0 0 1 0 -1 0 0 -1 0 0 -1 0 0 -1 0 1 0 0 1 0 0 1 0 0 1 0 0 0 1 0 0 1 0 0 1 0 0 1 0 -1 0 0 -1 0 0 -1 0 0 -1 0 0</float_array>
          <technique_common>
            <accessor source="#geom-Bounds-normals-array" count="24" stride="3">
              <param name="X" type="float"/>
              <param name="Y" type="float"/>
              <param name="Z" type="float"/>
            </accessor>
          </technique_common>
        </source>
        <source id="geom-Bounds-map1">
          <float_array id="geom-Bounds-map1-array" count="36">0 0 0 1 0 0 0 1 0 1 1 0 0 0 0 1 0 0 0 1 0 1 1 0 0 0 0 1 0 0 0 1 0 1 1 0</float_array>
          <technique_common>
            <accessor source="#geom-Bounds-map1-array" count="12" stride="3">
              <param name="S" type="float"/>
              <param name="T" type="float"/>
              <param name="P" type="float"/>
            </accessor>
          </technique_common>
        </source>
        <vertices id="geom-Bounds-vertices">
          <input semantic="POSITION" source="#geom-Bounds-positions"/>
        </vertices>
        <triangles material="ShapeBounds" count="12">
          <input semantic="VERTEX" source="#geom-Bounds-vertices" offset="0"/>
          <input semantic="NORMAL" source="#geom-Bounds-normals" offset="1"/>
          <input semantic="TEXCOORD" source="#geom-Bounds-map1" offset="2" set="0"/>
          <p>0 0 9 2 1 11 3 2 10 3 2 10 1 3 8 0 0 9 4 4 8 5 5 9 7 6 11 7 6 11 6 7 10 4 4 8 0 8 4 1 9 5 5 10 7 5 10 7 4 11 6 0 8 4 1 12 0 3 13 1 7 14 3 7 14 3 5 15 2 1 12 0 3 16 4 2 17 5 6 18 7 6 18 7 7 19 6 3 16 4 2 20 0 0 21 1 4 22 3 4 22 3 6 23 2 2 20 0</p>
        </triangles>
      </mesh>
      <extra>
        <technique profile="OpenCOLLADA3dsMax">
          <max_box>
            <generateuvs>1</generateuvs>
            <height>1.84</height>
            <heightsegments>1</heightsegments>
            <length>0.85</length>
            <lengthsegments>1</lengthsegments>
            <width>0.85</width>
            <widthsegments>1</widthsegments>
          </max_box>
        </technique>
      </extra>
    </geometry>
  </library_geometries>
  <library_lights>
    <light id="EnvironmentAmbientLight" name="EnvironmentAmbientLight">
      <technique_common>
        <ambient>
          <color>0 0 0</color>
        </ambient>
      </technique_common>
    </light>
  </library_lights>
  <library_visual_scenes>
    <visual_scene id="MaxScene">
      <node name="EnvironmentAmbientLight">
        <instance_light url="#EnvironmentAmbientLight"/>
      </node>
      <node id="node-Bip01" name="Bip01">
        <matrix sid="matrix">0.7792376 -0.6267174 0.003750309 -8.10623e-5 0.394603 0.4952663 0.7739508 0.009366653 -0.4869058 -0.6016117 0.6332346 0.7990584 0 0 0 1</matrix>
        <node id="node-Bip01_Pelvis" name="Bip01_Pelvis">
          <matrix sid="matrix">-0.009626687 0.9981475 0.0600725 0 -0.1217414 -0.06079841 0.990698 0 0.9925151 0.002223849 0.1221011 0 0 0 0 1</matrix>
          <node id="node-Bip01_Spine" name="Bip01_Spine">
            <matrix sid="matrix">0.9102763 -0.1242889 -0.3949049 0.1975095 0.1563549 0.9864376 0.04994372 0.02692926 0.3833415 -0.1072079 0.9173636 0.02593583 0 0 0 1</matrix>
            <node id="node-Bip01_Spine1" name="Bip01_Spine1">
              <matrix sid="matrix">0.976805 0.202363 0.07000813 0.1022094 -0.2050411 0.9781839 0.0333814 -9.88543e-5 -0.06172562 -0.04696167 0.9969877 4.70877e-6 0 0 0 1</matrix>
              <node id="node-Bip01_Spine2" name="Bip01_Spine2">
                <matrix>0.9382488 -0.180812 0.294952 0.1268969 0.1591711 0.9825715 0.09601042 -1.68204e-4 -0.3071713 -0.04313388 0.9506763 7.62939e-6 0 0 0 1</matrix>
                <node id="node-Bip01_Neck" name="Bip01_Neck">
                  <matrix>0.8407078 -0.4308255 0.3280236 0.215107 0.4136219 0.9019011 0.1244631 -4.96507e-5 -0.3494667 0.0310407 0.9364344 -1.69873e-6 0 0 0 1</matrix>
                  <node id="node-Bip01_Head" name="Bip01_Head">
                    <matrix sid="matrix">0.780236 0.2694755 -0.5644597 0.0705182 -0.6185188 0.1980898 -0.7603914 -0.01395917 -0.09309328 0.9424137 0.3212324 5.96046e-8 0 0 0 1</matrix>
                    <node id="node-ALTEYE" name="ALTEYE">
                      <matrix sid="matrix">0.05499094 0.3708133 0.9270785 0.06454694 0.07993889 0.9238679 -0.3742706 0.2214611 -0.9952821 0.0946908 0.02116187 0.04716257 0 0 0 1</matrix>
                    </node>
                  </node>
                  <node id="node-Bip01_L_Clavicle" name="Bip01_L_Clavicle">
                    <matrix>-0.5778345 -0.4531803 0.6787747 -0.04690337 0.283809 -0.8913432 -0.3534966 -0.01204771 0.7652189 -0.01162016 0.6436655 0.055884 0 0 0 1</matrix>
                    <node id="node-Bip01_L_UpperArm" name="Bip01_L_UpperArm">
                      <matrix sid="matrix">0.5537949 0.6559287 0.5129023 0.1824007 -0.5875221 -0.128669 0.7989132 0 0.5900247 -0.7437752 0.3141163 -5.96046e-8 0 0 0 1</matrix>
                      <node id="node-Bip01_L_Forearm" name="Bip01_L_Forearm">
                        <matrix sid="matrix">0.4248528 0.9052625 3.35276e-8 0.2843689 -0.9052626 0.4248528 0 0 -5.58794e-8 7.07805e-8 1 1.49012e-8 0 0 0 1</matrix>
                        <node id="node-Bip01_L_Hand" name="Bip01_L_Hand">
                          <matrix sid="matrix">0.7879227 0.4279187 -0.4427902 0.2810681 0.4333228 -0.896214 -0.09503767 5.96046e-8 -0.437503 -0.1169887 -0.8915743 1.49012e-8 0 0 0 1</matrix>
                          <node id="node-Bip01_L_Finger0" name="Bip01_L_Finger0">
                            <matrix>0.6413841 0.3141903 0.6999362 0.02119672 0.7352948 0.008702967 -0.6776914 -0.004734337 -0.2190155 0.9493201 -0.2254407 -0.02572179 0 0 0 1</matrix>
                            <node id="node-Bip01_L_Finger01" name="Bip01_L_Finger01">
                              <matrix>0.9975642 -0.06975647 2.98023e-8 0.04982877 0.06975642 0.9975641 -5.58794e-9 0 2.98023e-8 -1.49012e-8 1 0 0 0 0 1</matrix>
                              <node id="node-Bip01_L_Finger02" name="Bip01_L_Finger02">
                                <matrix>0.9203135 0.3911815 2.98023e-8 0.05202234 -0.3911814 0.9203136 -1.11759e-8 0 -5.96046e-8 -7.45058e-9 0.9999999 1.19209e-7 0 0 0 1</matrix>
                              </node>
                            </node>
                          </node>
                          <node id="node-Bip01_L_Finger1" name="Bip01_L_Finger1">
                            <matrix>0.9592716 -0.2819768 -0.01693496 0.1199946 0.2798395 0.9567645 -0.07931913 -0.008367658 0.03856896 0.07134947 0.9967054 -0.04101384 0 0 0 1</matrix>
                            <node id="node-Bip01_L_Finger11" name="Bip01_L_Finger11">
                              <matrix>0.7001772 -0.7139692 7.45058e-9 0.03644156 0.7139691 0.7001771 0 1.19209e-7 2.98023e-8 -7.45058e-8 0.9999999 5.96046e-8 0 0 0 1</matrix>
                              <node id="node-Bip01_L_Finger12" name="Bip01_L_Finger12">
                                <matrix>0.8757258 -0.4828088 0 0.03117537 0.4828089 0.8757258 0 0 2.98023e-8 -4.47035e-8 1 0 0 0 0 1</matrix>
                              </node>
                            </node>
                          </node>
                          <node id="node-Bip01_L_Finger2" name="Bip01_L_Finger2">
                            <matrix>0.6611331 -0.7495597 -0.03260921 0.1229538 0.7489769 0.656822 0.08728346 -0.008802176 -0.04400573 -0.08212958 0.9956496 -0.01328242 0 0 0 1</matrix>
                            <node id="node-Bip01_L_Finger21" name="Bip01_L_Finger21">
                              <matrix>0.8156035 -0.5786111 2.98023e-8 0.03895521 0.5786111 0.8156036 2.23517e-8 -5.96046e-8 2.6077e-8 -6.0536e-9 1 0 0 0 0 1</matrix>
                              <node id="node-Bip01_L_Finger22" name="Bip01_L_Finger22">
                                <matrix>0.9762961 -0.2164396 3.72529e-9 0.03800535 0.2164396 0.9762961 2.65427e-8 5.96046e-8 1.86265e-8 -8.3819e-9 1 0 0 0 0 1</matrix>
                              </node>
                            </node>
                          </node>
                          <node id="node-Bip01_L_Finger3" name="Bip01_L_Finger3">
                            <matrix>0.4124629 -0.9064789 -0.09038853 0.121188 0.9061532 0.3980611 0.1429456 -0.001191258 -0.093597 -0.1408658 0.9855944 0.01196873 0 0 0 1</matrix>
                            <node id="node-Bip01_L_Finger31" name="Bip01_L_Finger31">
                              <matrix>0.9381479 -0.3462352 8.3819e-9 0.03155839 0.3462351 0.9381478 -8.14907e-10 -1.19209e-7 1.86265e-9 7.71252e-8 1 -1.19209e-7 0 0 0 1</matrix>
                              <node id="node-Bip01_L_Finger32" name="Bip01_L_Finger32">
                                <matrix>0.9636305 -0.2672384 1.62981e-9 0.03366596 0.2672384 0.9636305 -4.97093e-8 5.96046e-8 5.58794e-9 1.71131e-8 1 5.96046e-8 0 0 0 1</matrix>
                              </node>
                            </node>
                          </node>
                          <node id="node-Bip01_L_Finger4" name="Bip01_L_Finger4">
                            <matrix>0.07120568 -0.9696805 0.2337718 0.1136796 0.9750154 0.1171046 0.1887628 0.005147219 -0.2104155 0.2144902 0.953792 0.0388658 0 0 0 1</matrix>
                            <node id="node-Bip01_L_Finger41" name="Bip01_L_Finger41">
                              <matrix>0.9790111 -0.2038069 0 0.03661638 0.2038069 0.9790112 -5.58794e-8 0 2.23517e-8 8.56817e-8 0.9999999 -2.98023e-8 0 0 0 1</matrix>
                              <node id="node-Bip01_L_Finger42" name="Bip01_L_Finger42">
                                <matrix>0.9645152 0.2640274 7.45058e-9 0.01772624 -0.2640274 0.9645152 3.72529e-9 0 7.45058e-9 -6.51926e-9 1 0 0 0 0 1</matrix>
                              </node>
                            </node>
                          </node>
                        </node>
                      </node>
                    </node>
                  </node>
                  <node id="node-Bip01_R_Clavicle" name="Bip01_R_Clavicle">
                    <matrix>0.2073932 -0.1669673 -0.9639035 8.67069e-4 0.5679265 -0.781728 0.2576057 -0.01629049 -0.7965222 -0.6008521 -0.06729981 -0.0721215 0 0 0 1</matrix>
                    <node id="node-Bip01_R_UpperArm" name="Bip01_R_UpperArm">
                      <matrix sid="matrix">0.438997 0.8827372 -0.167501 0.1824007 -0.8668976 0.4651361 0.1792685 0 0.2361576 0.06650776 0.969436 1.19209e-7 0 0 0 1</matrix>
                      <node id="node-Bip01_R_Forearm" name="Bip01_R_Forearm">
                        <matrix>-0.3364617 0.9416971 0 0.2843689 -0.9416972 -0.3364617 -1.49012e-8 1.49012e-8 3.72529e-9 1.19209e-7 1 0 0 0 0 1</matrix>
                        <node id="node-Bip01_R_Hand" name="Bip01_R_Hand">
                          <matrix>0.8243836 0.5555388 -0.1084826 0.2810681 0.2834097 -0.5710145 -0.7704682 8.9407e-8 -0.4899701 0.6044163 -0.6281801 1.19209e-7 0 0 0 1</matrix>
                          <node id="node-Bip01_R_Finger0" name="Bip01_R_Finger0">
                            <matrix>0.5215105 0.269013 -0.8097275 0.02119678 0.7250717 0.3605265 0.5867639 -0.004734248 0.4497753 -0.8931141 -0.007035483 0.02572179 0 0 0 1</matrix>
                            <node id="node-Bip01_R_Finger01" name="Bip01_R_Finger01">
                              <matrix>0.6423534 -0.7636238 0.0652757 0.04982853 0.7605617 0.645637 0.06854741 5.96046e-8 -0.09448881 0.005614502 0.9955102 -5.96046e-8 0 0 0 1</matrix>
                              <node id="node-Bip01_R_Finger02" name="Bip01_R_Finger02">
                                <matrix>0.9505157 -0.3106764 5.58794e-8 0.05202232 0.3106764 0.9505157 0 1.19209e-7 5.07571e-8 -4.00469e-8 0.9999999 5.96046e-8 0 0 0 1</matrix>
                              </node>
                            </node>
                          </node>
                          <node id="node-Bip01_R_Finger1" name="Bip01_R_Finger1">
                            <matrix>0.9820225 -0.1733428 -0.07472672 0.1199947 0.1795577 0.9799359 0.08651491 -0.008367598 0.05823065 -0.09837733 0.993444 0.04101384 0 0 0 1</matrix>
                            <node id="node-Bip01_R_Finger11" name="Bip01_R_Finger11">
                              <matrix>0.8240548 -0.5665103 1.49012e-8 0.03644168 0.5665101 0.8240547 1.49012e-8 2.98023e-8 -1.11759e-8 3.72529e-8 0.9999999 2.38419e-7 0 0 0 1</matrix>
                              <node id="node-Bip01_R_Finger12" name="Bip01_R_Finger12">
                                <matrix>0.8146398 -0.5796779 0.01831831 0.03117549 0.5799672 0.8142334 -0.0257305 -5.96046e-8 -3.72529e-9 0.0315851 0.9995012 5.96046e-8 0 0 0 1</matrix>
                              </node>
                            </node>
                          </node>
                          <node id="node-Bip01_R_Finger2" name="Bip01_R_Finger2">
                            <matrix>0.6754013 -0.7374504 -1.52121e-4 0.1229539 0.7368314 0.6748428 -0.04082684 -0.008802041 0.03021044 0.02746242 0.9991662 0.01328254 0 0 0 1</matrix>
                            <node id="node-Bip01_R_Finger21" name="Bip01_R_Finger21">
                              <matrix>0.5508358 -0.8338858 -0.0348487 0.03895518 0.8322219 0.551937 -0.05265062 0 0.0631389 -5.58794e-9 0.9980047 0 0 0 0 1</matrix>
                              <node id="node-Bip01_R_Finger22" name="Bip01_R_Finger22">
                                <matrix>0.1984733 -0.9799247 0.01886614 0.03800532 0.9755274 0.1993679 0.09272987 0 -0.09462959 1.49012e-8 0.9955126 0 0 0 0 1</matrix>
                              </node>
                            </node>
                          </node>
                          <node id="node-Bip01_R_Finger3" name="Bip01_R_Finger3">
                            <matrix>0.7159052 -0.6949216 0.06755466 0.1211882 0.6883788 0.6863562 -0.2346271 -0.001191244 0.1166808 0.2144739 0.9697353 -0.01196855 0 0 0 1</matrix>
                            <node id="node-Bip01_R_Finger31" name="Bip01_R_Finger31">
                              <matrix>0.4441953 -0.8949346 0.04222358 0.03155851 0.8909186 0.4461977 0.08468753 2.98023e-8 -0.09462982 -4.47035e-8 0.9955126 0 0 0 0 1</matrix>
                              <node id="node-Bip01_R_Finger32" name="Bip01_R_Finger32">
                                <matrix>0.199368 -0.9794357 -0.03095102 0.03366593 0.9799247 0.1992685 0.006297061 0 -9.31323e-9 -0.03158513 0.9995011 0 0 0 0 1</matrix>
                              </node>
                            </node>
                          </node>
                          <node id="node-Bip01_R_Finger4" name="Bip01_R_Finger4">
                            <matrix>0.5925791 -0.789795 -0.1583476 0.1136797 0.7783522 0.6120424 -0.1399001 0.005147398 0.2074078 -0.0403483 0.9774221 -0.03886563 0 0 0 1</matrix>
                            <node id="node-Bip01_R_Finger41" name="Bip01_R_Finger41">
                              <matrix>0.4202556 -0.9064698 0.04120624 0.03661621 0.9068531 0.4211512 0.0157878 0 -0.0316652 0.03073306 0.999026 5.96046e-8 0 0 0 1</matrix>
                              <node id="node-Bip01_R_Finger42" name="Bip01_R_Finger42">
                                <matrix>0.4024471 -0.9138247 -0.05441484 0.0177263 0.9154231 0.4021219 0.01728317 -5.96046e-8 0.006087646 -0.05676819 0.9983689 -5.96046e-8 0 0 0 1</matrix>
                              </node>
                            </node>
                          </node>
                          <node id="node-MOUNT0" name="MOUNT0">
                            <matrix>-6.35373e-7 1 6.63567e-9 0.109539 -1 -6.57885e-7 4.76837e-7 0.02518257 4.80562e-7 3.72529e-9 1 0.01321673 0 0 0 1</matrix>
                          </node>
                        </node>
                      </node>
                    </node>
                  </node>
                </node>
                <node id="node-Bip01_L_Pauldron_Upper" name="Bip01_L_Pauldron_Upper">
                  <matrix>0.9726266 0.1182924 0.2000105 0.176903 0.1448455 -0.9816828 -0.1237685 -0.03908369 0.181706 0.1493511 -0.9719449 0.2290198 0 0 0 1</matrix>
                </node>
                <node id="node-Bip01_R_Pauldron_Lower" name="Bip01_R_Pauldron_Lower">
                  <matrix>-0.1156723 -0.9403759 -0.3198653 0.1729059 0.9097751 -0.2295501 0.3458563 -0.1133294 -0.3986599 -0.2509994 0.8820827 -0.2351094 0 0 0 1</matrix>
                </node>
                <node id="node-Bip01_L_Pauldron_Lower" name="Bip01_L_Pauldron_Lower">
                  <matrix>-0.222468 -0.9222331 0.3162187 0.1529201 0.4323041 -0.3840303 -0.815864 -0.1054225 0.8738544 -0.04480103 0.4841194 0.2344801 0 0 0 1</matrix>
                </node>
              </node>
            </node>
            <node id="node-Bip01_L_Thigh" name="Bip01_L_Thigh">
              <matrix sid="matrix">-0.5659885 0.8188208 -0.09586094 -0.1450702 0.4710931 0.4166518 0.7774784 -0.01290268 0.676556 0.3948846 -0.621561 0.1698114 0 0 0 1</matrix>
              <node id="node-Bip01_L_Calf" name="Bip01_L_Calf">
                <matrix sid="matrix">0.5122989 0.8588074 -7.45058e-9 0.4629988 -0.8588073 0.5122989 3.72529e-9 1.49012e-8 1.67638e-8 -5.96046e-8 1 -9.31323e-9 0 0 0 1</matrix>
                <node id="node-Bip01_L_Foot" name="Bip01_L_Foot">
                  <matrix sid="matrix">0.8140748 0.5763059 -0.07179186 0.3610501 -0.5642482 0.8141302 0.1371719 2.98023e-8 0.1375007 -0.07115971 0.9879422 1.67638e-8 0 0 0 1</matrix>
                  <node id="node-Bip01_L_Toe0" name="Bip01_L_Toe0">
                    <matrix sid="matrix">4.47035e-7 -1 1.38977e-6 0.1486306 1 4.47035e-7 2.23517e-8 0.1543275 -2.32831e-8 1.3893e-6 1 1.49012e-8 0 0 0 1</matrix>
                  </node>
                </node>
              </node>
            </node>
            <node id="node-Bip01_R_Thigh" name="Bip01_R_Thigh">
              <matrix sid="matrix">-0.9188524 0.388423 -0.06955616 -0.2428117 0.3453852 0.8769042 0.3342876 0.01443204 0.1908389 0.2831373 -0.9399011 -0.06409156 0 0 0 1</matrix>
              <node id="node-Bip01_R_Calf" name="Bip01_R_Calf">
                <matrix sid="matrix">0.7818704 0.6234409 2.98023e-8 0.4629986 -0.6234409 0.7818705 2.98023e-8 -2.98023e-8 2.23517e-8 -2.98023e-8 1 5.96046e-8 0 0 0 1</matrix>
                <node id="node-Bip01_R_Foot" name="Bip01_R_Foot">
                  <matrix sid="matrix">0.7349802 0.6750678 0.06393214 0.3610501 -0.677192 0.7355851 0.0180327 5.96046e-8 -0.03485422 -0.05654809 0.9977911 -5.96046e-8 0 0 0 1</matrix>
                  <node id="node-Bip01_R_Toe0" name="Bip01_R_Toe0">
                    <matrix sid="matrix">-0.1805803 -0.9786913 0.09774533 0.1486307 0.9833316 -0.1817874 -0.003513932 0.1543274 0.02120796 0.09548153 0.9952053 0 0 0 0 1</matrix>
                  </node>
                </node>
              </node>
            </node>
          </node>
          <node id="node-Bip01_FannyPack" name="Bip01_FannyPack">
            <matrix>-0.962992 -0.2062317 0.1735378 0.2299507 -0.2083318 0.9780384 0.006226927 -0.1378937 -0.1710109 -0.03015691 -0.9848075 0.01013964 0 0 0 1</matrix>
          </node>
        </node>
        <node id="node-EYE" name="EYE">
          <matrix sid="matrix">0.7792377 0.3946029 -0.4869057 -0.3352276 -0.6267174 0.4952663 -0.6016114 -0.4195642 0.003750384 0.7739505 0.6332344 0.5615251 0 0 0 1</matrix>
          <node id="node-CAM" name="CAM">
            <matrix>1 -6.03104e-8 3.55271e-15 4.84288e-8 6.03104e-8 1 -2.32831e-9 -0.104 -3.55271e-15 2.32832e-9 1 0.3005601 0 0 0 1</matrix>
          </node>
        </node>
      </node>
      <node id="node-Bounds" name="Bounds">
        <matrix>0.9999915 0.001706907 0.003750479 0 -0.001711356 0.9999978 0.001183292 0.1035326 -0.003748452 -0.0011897 0.9999923 -8.93474e-5 0 0 0 1</matrix>
        <instance_geometry url="#geom-Bounds">
          <bind_material>
            <technique_common>
              <instance_material symbol="ShapeBounds" target="#ShapeBounds-material"/>
            </technique_common>
          </bind_material>
        </instance_geometry>
      </node>
    </visual_scene>
  </library_visual_scenes>
  <library_animations>
    <animation>
      <source id="node-Bip01_matrix-input">
        <float_array id="node-Bip01_matrix-input-array" count="60">49.66667 49.7 49.73333 49.76667 49.8 49.83333 49.86666 49.9 49.93333 49.96667 50 50.03333 50.06667 50.1 50.13334 50.16667 50.2 50.23333 50.26667 50.3 50.33333 50.36666 50.4 50.43333 50.46667 50.5 50.53333 50.56667 50.6 50.63334 50.66667 50.7 50.73333 50.76667 50.8 50.83333 50.86666 50.9 50.93333 50.96667 51 51.03333 51.06667 51.1 51.13334 51.16667 51.2 51.23333 51.26667 51.3 51.33333 51.36666 51.4 51.43333 51.46667 51.5 51.53333 51.56667 51.6 51.63334</float_array>
        <technique_common>
          <accessor source="#node-Bip01_matrix-input-array" count="60" stride="1">
            <param name="TIME" type="float"/>
          </accessor>
        </technique_common>
      </source>
      <source id="node-Bip01_matrix-output">
        <float_array id="node-Bip01_matrix-output-array" count="960">0.7792376 -0.6267174 0.003750264 -8.10623e-5 0.394603 0.4952663 0.7739508 0.009366631 -0.4869058 -0.6016117 0.6332346 0.7990584 0 0 0 1 0.7792376 -0.6267174 0.003750264 -8.10623e-5 0.394603 0.4952663 0.7739508 0.009369432 -0.4869058 -0.6016117 0.6332346 0.7993727 0 0 0 1 0.7792376 -0.6267174 0.003750264 -8.10623e-5 0.394603 0.4952663 0.7739508 0.009372115 -0.4869058 -0.6016117 0.6332346 0.8002799 0 0 0 1 0.7792376 -0.6267174 0.003750264 -8.10623e-5 0.394603 0.4952663 0.7739508 0.009374558 -0.4869058 -0.6016117 0.6332346 0.8017358 0 0 0 1 0.7792376 -0.6267174 0.003750264 -8.10623e-5 0.394603 0.4952663 0.7739508 0.009376883 -0.4869058 -0.6016117 0.6332346 0.8036971 0 0 0 1 0.7792376 -0.6267174 0.003750264 -8.10623e-5 0.394603 0.4952663 0.7739508 0.009379029 -0.4869058 -0.6016117 0.6332346 0.8061207 0 0 0 1 0.7792376 -0.6267174 0.003750264 -8.10623e-5 0.394603 0.4952663 0.7739508 0.009380996 -0.4869058 -0.6016117 0.6332346 0.8089649 0 0 0 1 0.7792376 -0.6267174 0.003750264 -8.10623e-5 0.394603 0.4952663 0.7739508 0.009382843 -0.4869058 -0.6016117 0.6332346 0.8121879 0 0 0 1 0.7792376 -0.6267174 0.003750264 -8.10623e-5 0.394603 0.4952663 0.7739508 0.009384572 -0.4869058 -0.6016117 0.6332346 0.81575 0 0 0 1 0.7792376 -0.6267174 0.003750264 -8.10623e-5 0.394603 0.4952663 0.7739508 0.009386122 -0.4869058 -0.6016117 0.6332346 0.8196077 0 0 0 1 0.7792376 -0.6267174 0.003750264 -8.10623e-5 0.394603 0.4952663 0.7739508 0.009387493 -0.4869058 -0.6016117 0.6332346 0.823722 0 0 0 1 0.7792376 -0.6267174 0.003750264 -8.10623e-5 0.394603 0.4952663 0.7739508 0.009388804 -0.4869058 -0.6016117 0.6332346 0.8280524 0 0 0 1 0.7792376 -0.6267174 0.003750264 -8.10623e-5 0.394603 0.4952663 0.7739508 0.009389936 -0.4869058 -0.6016117 0.6332346 0.83256 0 0 0 1 0.7792376 -0.6267174 0.003750264 -8.10623e-5 0.394603 0.4952663 0.7739508 0.00939095 -0.4869058 -0.6016117 0.6332346 0.8372048 0 0 0 1 0.7792376 -0.6267174 0.003750264 -8.10623e-5 0.394603 0.4952663 0.7739508 0.009391844 -0.4869058 -0.6016117 0.6332346 0.8419471 0 0 0 1 0.7792376 -0.6267174 0.003750264 -8.10623e-5 0.394603 0.4952663 0.7739508 0.009392678 -0.4869058 -0.6016117 0.6332346 0.8467484 0 0 0 1 0.7792376 -0.6267174 0.003750264 -8.10623e-5 0.394603 0.4952663 0.7739508 0.009393334 -0.4869058 -0.6016117 0.6332346 0.8515693 0 0 0 1 0.7792376 -0.6267174 0.003750264 -8.10623e-5 0.394603 0.4952663 0.7739508 0.00939387 -0.4869058 -0.6016117 0.6332346 0.8563705 0 0 0 1 0.7792376 -0.6267174 0.003750264 -8.10623e-5 0.394603 0.4952663 0.7739508 0.009394347 -0.4869058 -0.6016117 0.6332346 0.8611124 0 0 0 1 0.7792376 -0.6267174 0.003750145 -8.10623e-5 0.394603 0.4952662 0.7739509 0.009394645 -0.4869058 -0.6016118 0.6332346 0.8657567 0 0 0 1 0.7792376 -0.6267174 0.003750145 -8.10623e-5 0.394603 0.4952662 0.7739509 0.009394943 -0.4869058 -0.6016118 0.6332346 0.8702635 0 0 0 1 0.7792376 -0.6267174 0.003750145 -8.10623e-5 0.394603 0.4952662 0.7739509 0.009395062 -0.4869058 -0.6016118 0.6332346 0.874593 0 0 0 1 0.7792376 -0.6267174 0.003750145 -8.10623e-5 0.394603 0.4952662 0.7739509 0.009395122 -0.4869058 -0.6016118 0.6332346 0.8787062 0 0 0 1 0.7792376 -0.6267174 0.003750145 -8.10623e-5 0.394603 0.4952662 0.7739509 0.009395122 -0.4869058 -0.6016118 0.6332346 0.8825625 0 0 0 1 0.7792376 -0.6267174 0.003750145 -8.10623e-5 0.394603 0.4952662 0.7739509 0.009395003 -0.4869058 -0.6016118 0.6332346 0.8861231 0 0 0 1 0.7792376 -0.6267174 0.003750145 -8.10623e-5 0.394603 0.4952662 0.7739509 0.009394824 -0.4869058 -0.6016118 0.6332346 0.8893445 0 0 0 1 0.7792376 -0.6267174 0.003750145 -8.10623e-5 0.394603 0.4952662 0.7739509 0.009394526 -0.4869058 -0.6016118 0.6332346 0.8921868 0 0 0 1 0.7792376 -0.6267174 0.003750145 -8.10623e-5 0.394603 0.4952662 0.7739509 0.009394228 -0.4869058 -0.6016118 0.6332346 0.8946083 0 0 0 1 0.7792376 -0.6267174 0.003750145 -8.10623e-5 0.394603 0.4952662 0.7739509 0.009393811 -0.4869058 -0.6016118 0.6332346 0.8965673 0 0 0 1 0.7792376 -0.6267174 0.003750145 -8.10623e-5 0.394603 0.4952662 0.7739509 0.009393334 -0.4869058 -0.6016118 0.6332346 0.8980207 0 0 0 1 0.7792376 -0.6267174 0.003750145 -8.10623e-5 0.394603 0.4952662 0.7739509 0.009392797 -0.4869058 -0.6016118 0.6332346 0.898925 0 0 0 1 0.7792376 -0.6267174 0.003750145 -8.10623e-5 0.394603 0.4952662 0.7739509 0.009392201 -0.4869058 -0.6016118 0.6332346 0.8992365 0 0 0 1 0.7792376 -0.6267174 0.003750145 -8.10623e-5 0.394603 0.4952662 0.7739509 0.009391546 -0.4869058 -0.6016118 0.6332346 0.8988807 0 0 0 1 0.7792376 -0.6267174 0.003750145 -8.10623e-5 0.394603 0.4952662 0.7739509 0.00939089 -0.4869058 -0.6016118 0.6332346 0.8978502 0 0 0 1 0.7792376 -0.6267175 0.003750026 -8.10623e-5 0.394603 0.4952659 0.7739511 0.009390115 -0.4869058 -0.601612 0.6332344 0.8961985 0 0 0 1 0.7792376 -0.6267175 0.003750026 -8.10623e-5 0.394603 0.4952659 0.7739511 0.00938934 -0.4869058 -0.601612 0.6332344 0.89398 0 0 0 1 0.7792376 -0.6267175 0.003750026 -8.10623e-5 0.394603 0.4952659 0.7739511 0.009388506 -0.4869058 -0.601612 0.6332344 0.8912445 0 0 0 1 0.7792376 -0.6267175 0.003750026 -8.10623e-5 0.394603 0.4952659 0.7739511 0.009387671 -0.4869058 -0.601612 0.6332344 0.8880448 0 0 0 1 0.7792376 -0.6267175 0.003750026 -8.10623e-5 0.394603 0.4952659 0.7739511 0.009386777 -0.4869058 -0.601612 0.6332344 0.884431 0 0 0 1 0.7792376 -0.6267175 0.003750026 -8.10623e-5 0.394603 0.4952659 0.7739511 0.009385824 -0.4869058 -0.601612 0.6332344 0.8804538 0 0 0 1 0.7792376 -0.6267175 0.003750026 -8.10623e-5 0.394603 0.4952659 0.7739511 0.00938493 -0.4869058 -0.601612 0.6332344 0.876162 0 0 0 1 0.7792376 -0.6267175 0.003750026 -8.10623e-5 0.394603 0.4952659 0.7739511 0.009383916 -0.4869058 -0.601612 0.6332344 0.8716051 0 0 0 1 0.7792376 -0.6267175 0.003750026 -8.10623e-5 0.394603 0.4952659 0.7739511 0.009382963 -0.4869058 -0.601612 0.6332344 0.8668344 0 0 0 1 0.7792376 -0.6267175 0.003750026 -8.10623e-5 0.394603 0.4952659 0.7739511 0.009381949 -0.4869058 -0.601612 0.6332344 0.8618939 0 0 0 1 0.7792376 -0.6267175 0.003750026 -8.10623e-5 0.394603 0.4952659 0.7739511 0.009380936 -0.4869058 -0.601612 0.6332344 0.8568332 0 0 0 1 0.7792376 -0.6267174 0.003749847 -8.10623e-5 0.394603 0.4952659 0.7739511 0.009379923 -0.4869058 -0.6016121 0.6332343 0.851701 0 0 0 1 0.7792376 -0.6267174 0.003749847 -8.10623e-5 0.394603 0.4952659 0.7739511 0.00937891 -0.4869058 -0.6016121 0.6332343 0.8465455 0 0 0 1 0.7792376 -0.6267174 0.003749847 -8.10623e-5 0.394603 0.4952659 0.7739511 0.009377896 -0.4869058 -0.6016121 0.6332343 0.8414136 0 0 0 1 0.7792376 -0.6267174 0.003749847 -8.10623e-5 0.394603 0.4952659 0.7739511 0.009376943 -0.4869058 -0.6016121 0.6332343 0.8363539 0 0 0 1 0.7792376 -0.6267174 0.003749847 -8.10623e-5 0.394603 0.4952659 0.7739511 0.009375929 -0.4869058 -0.6016121 0.6332343 0.8314148 0 0 0 1 0.7792376 -0.6267174 0.003749847 -8.10623e-5 0.394603 0.4952659 0.7739511 0.009374916 -0.4869058 -0.6016121 0.6332343 0.8266459 0 0 0 1 0.7792376 -0.6267174 0.003749847 -8.10623e-5 0.394603 0.4952659 0.7739511 0.009373962 -0.4869058 -0.6016121 0.6332343 0.8220914 0 0 0 1 0.7792376 -0.6267174 0.003749847 -8.10623e-5 0.394603 0.4952659 0.7739511 0.009373009 -0.4869058 -0.6016121 0.6332343 0.8178024 0 0 0 1 0.7792376 -0.6267174 0.003749847 -8.10623e-5 0.394603 0.4952659 0.7739511 0.009372115 -0.4869058 -0.6016121 0.6332343 0.8138284 0 0 0 1 0.7792376 -0.6267174 0.003749847 -8.10623e-5 0.394603 0.4952659 0.7739511 0.009371221 -0.4869058 -0.6016121 0.6332343 0.8102183 0 0 0 1 0.7792376 -0.6267174 0.003749847 -8.10623e-5 0.394603 0.4952659 0.7739511 0.009370326 -0.4869058 -0.6016121 0.6332343 0.8070228 0 0 0 1 0.7792376 -0.6267174 0.003749668 -8.10623e-5 0.394603 0.4952656 0.7739512 0.009369492 -0.4869058 -0.6016123 0.6332341 0.8042919 0 0 0 1 0.7792376 -0.6267174 0.003749668 -8.10623e-5 0.394603 0.4952656 0.7739512 0.009368717 -0.4869058 -0.6016123 0.6332341 0.8020784 0 0 0 1 0.7792376 -0.6267174 0.003749668 -8.10623e-5 0.394603 0.4952656 0.7739512 0.009367942 -0.4869058 -0.6016123 0.6332341 0.8004323 0 0 0 1 0.7792376 -0.6267174 0.003749668 -8.10623e-5 0.394603 0.4952656 0.7739512 0.009367287 -0.4869058 -0.6016123 0.6332341 0.7994077 0 0 0 1</float_array>
        <technique_common>
          <accessor source="#node-Bip01_matrix-output-array" count="60" stride="16">
            <param name="TRANSFORM" type="float4x4"/>
          </accessor>
        </technique_common>
      </source>
      <source id="node-Bip01_matrix-interpolation">
        <Name_array id="node-Bip01_matrix-interpolation-array" count="60">LINEAR LINEAR LINEAR LINEAR LINEAR LINEAR LINEAR LINEAR LINEAR LINEAR LINEAR LINEAR LINEAR LINEAR LINEAR LINEAR LINEAR LINEAR LINEAR LINEAR LINEAR LINEAR LINEAR LINEAR LINEAR LINEAR LINEAR LINEAR LINEAR LINEAR LINEAR LINEAR LINEAR LINEAR LINEAR LINEAR LINEAR LINEAR LINEAR LINEAR LINEAR LINEAR LINEAR LINEAR LINEAR LINEAR LINEAR LINEAR LINEAR LINEAR LINEAR LINEAR LINEAR LINEAR LINEAR LINEAR LINEAR LINEAR LINEAR LINEAR</Name_array>
        <technique_common>
          <accessor source="#node-Bip01_matrix-interpolation-array" count="60" stride="1">
            <param name="INTERPOLATION" type="name"/>
          </accessor>
        </technique_common>
      </source>
      <source id="node-Bip01_Pelvis_matrix-input">
        <float_array id="node-Bip01_Pelvis_matrix-input-array" count="60">49.66667 49.7 49.73333 49.76667 49.8 49.83333 49.86666 49.9 49.93333 49.96667 50 50.03333 50.06667 50.1 50.13334 50.16667 50.2 50.23333 50.26667 50.3 50.33333 50.36666 50.4 50.43333 50.46667 50.5 50.53333 50.56667 50.6 50.63334 50.66667 50.7 50.73333 50.76667 50.8 50.83333 50.86666 50.9 50.93333 50.96667 51 51.03333 51.06667 51.1 51.13334 51.16667 51.2 51.23333 51.26667 51.3 51.33333 51.36666 51.4 51.43333 51.46667 51.5 51.53333 51.56667 51.6 51.63334</float_array>
        <technique_common>
          <accessor source="#node-Bip01_Pelvis_matrix-input-array" count="60" stride="1">
            <param name="TIME" type="float"/>
          </accessor>
        </technique_common>
      </source>
      <source id="node-Bip01_Pelvis_matrix-output">
