<?xml version="1.0" encoding="utf-8"?>
<COLLADA xmlns="http://www.collada.org/2005/11/COLLADASchema" version="1.4.1">
  <asset>
    <contributor>
      <author>MattO</author>
      <authoring_tool>OpenCOLLADA for 3ds Max;  Version: 1.3.0;  Revision: 839M;  Platform: x64;  Configuration: Release_Max2012</authoring_tool>
      <source_data>file:///C:/Dropbox/Prj/GGStout/Lurker/SoldierTP_Lurker_Animation_Master.max</source_data>
    </contributor>
    <created>2011-09-29T23:38:25</created>
    <modified>2011-09-29T23:38:25</modified>
    <unit name="meter" meter="1"/>
    <up_axis>Z_UP</up_axis>
  </asset>
  <library_effects>
    <effect id="ShapeBounds">
      <profile_COMMON>
        <technique sid="common">
          <blinn>
            <emission>
              <color>0 0 0 1</color>
            </emission>
            <ambient>
              <color>0.1647059 1 0 1</color>
            </ambient>
            <diffuse>
              <color>0.1647059 1 0 1</color>
            </diffuse>
            <specular>
              <color>0.9 0.9 0.9 1</color>
            </specular>
            <shininess>
              <float>10</float>
            </shininess>
            <reflective>
              <color>0 0 0 1</color>
            </reflective>
            <transparent opaque="A_ONE">
              <color>1 1 1 1</color>
            </transparent>
            <transparency>
              <float>1</float>
            </transparency>
          </blinn>
        </technique>
      </profile_COMMON>
      <extra>
        <technique profile="OpenCOLLADA3dsMax">
          <extended_shader>
            <apply_reflection_dimming>0</apply_reflection_dimming>
            <dim_level>0</dim_level>
            <falloff_type>0</falloff_type>
            <index_of_refraction>1.5</index_of_refraction>
            <opacity_type>0</opacity_type>
            <reflection_level>3</reflection_level>
            <wire_size>1</wire_size>
            <wire_units>0</wire_units>
          </extended_shader>
          <shader>
            <ambient_diffuse_lock>1</ambient_diffuse_lock>
            <ambient_diffuse_texture_lock>1</ambient_diffuse_texture_lock>
            <diffuse_specular_lock>0</diffuse_specular_lock>
            <soften>0.1</soften>
            <use_self_illum_color>0</use_self_illum_color>
          </shader>
        </technique>
      </extra>
    </effect>
  </library_effects>
  <library_materials>
    <material id="ShapeBounds-material" name="ShapeBounds">
      <instance_effect url="#ShapeBounds"/>
    </material>
  </library_materials>
  <library_geometries>
    <geometry id="geom-Bounds" name="Bounds">
      <mesh>
        <source id="geom-Bounds-positions">
          <float_array id="geom-Bounds-positions-array" count="24">-0.425 -0.425 0 0.425 -0.425 0 -0.425 0.425 0 0.425 0.425 0 -0.425 -0.425 1.84 0.425 -0.425 1.84 -0.425 0.425 1.84 0.425 0.425 1.84</float_array>
          <technique_common>
            <accessor source="#geom-Bounds-positions-array" count="8" stride="3">
              <param name="X" type="float"/>
              <param name="Y" type="float"/>
              <param name="Z" type="float"/>
            </accessor>
          </technique_common>
        </source>
        <source id="geom-Bounds-normals">
          <float_array id="geom-Bounds-normals-array" count="72">0 0 -1 0 0 -1 0 0 -1 0 0 -1 0 0 1 0 0 1 0 0 1 0 0 1 0 -1 0 0 -1 0 0 -1 0 0 -1 0 1 0 0 1 0 0 1 0 0 1 0 0 0 1 0 0 1 0 0 1 0 0 1 0 -1 0 0 -1 0 0 -1 0 0 -1 0 0</float_array>
          <technique_common>
            <accessor source="#geom-Bounds-normals-array" count="24" stride="3">
              <param name="X" type="float"/>
              <param name="Y" type="float"/>
              <param name="Z" type="float"/>
            </accessor>
          </technique_common>
        </source>
        <source id="geom-Bounds-map1">
          <float_array id="geom-Bounds-map1-array" count="36">0 0 0 1 0 0 0 1 0 1 1 0 0 0 0 1 0 0 0 1 0 1 1 0 0 0 0 1 0 0 0 1 0 1 1 0</float_array>
          <technique_common>
            <accessor source="#geom-Bounds-map1-array" count="12" stride="3">
              <param name="S" type="float"/>
              <param name="T" type="float"/>
              <param name="P" type="float"/>
            </accessor>
          </technique_common>
        </source>
        <vertices id="geom-Bounds-vertices">
          <input semantic="POSITION" source="#geom-Bounds-positions"/>
        </vertices>
        <triangles material="ShapeBounds" count="12">
          <input semantic="VERTEX" source="#geom-Bounds-vertices" offset="0"/>
          <input semantic="NORMAL" source="#geom-Bounds-normals" offset="1"/>
          <input semantic="TEXCOORD" source="#geom-Bounds-map1" offset="2" set="0"/>
          <p>0 0 9 2 1 11 3 2 10 3 2 10 1 3 8 0 0 9 4 4 8 5 5 9 7 6 11 7 6 11 6 7 10 4 4 8 0 8 4 1 9 5 5 10 7 5 10 7 4 11 6 0 8 4 1 12 0 3 13 1 7 14 3 7 14 3 5 15 2 1 12 0 3 16 4 2 17 5 6 18 7 6 18 7 7 19 6 3 16 4 2 20 0 0 21 1 4 22 3 4 22 3 6 23 2 2 20 0</p>
        </triangles>
      </mesh>
      <extra>
        <technique profile="OpenCOLLADA3dsMax">
          <max_box>
            <generateuvs>1</generateuvs>
            <height>1.84</height>
            <heightsegments>1</heightsegments>
            <length>0.85</length>
            <lengthsegments>1</lengthsegments>
            <width>0.85</width>
            <widthsegments>1</widthsegments>
          </max_box>
        </technique>
      </extra>
    </geometry>
  </library_geometries>
  <library_lights>
    <light id="EnvironmentAmbientLight" name="EnvironmentAmbientLight">
      <technique_common>
        <ambient>
          <color>0 0 0</color>
        </ambient>
      </technique_common>
    </light>
  </library_lights>
  <library_visual_scenes>
    <visual_scene id="MaxScene">
      <node name="EnvironmentAmbientLight">
        <instance_light url="#EnvironmentAmbientLight"/>
      </node>
      <node id="node-Bip01" name="Bip01">
        <matrix>0.7792375 -0.6267175 0.003750234 -8.10623e-5 0.626718 0.7792453 0.001183393 0.009366653 -0.003664005 0.001428194 0.9999923 0.9109396 0 0 0 1</matrix>
        <node id="node-Bip01_Pelvis" name="Bip01_Pelvis">
          <matrix sid="matrix">0.1747649 0.9844435 0.01811775 0 0.2778892 -0.06696894 0.958276 0 0.9445818 -0.1624383 -0.28527 0 0 0 0 1</matrix>
          <node id="node-Bip01_Spine" name="Bip01_Spine">
            <matrix sid="matrix">0.9976641 0.06778118 -0.008484483 0.1928509 -0.06579353 0.9868717 0.1474982 -0.006243944 0.01837066 -0.1465954 0.989026 -0.05634505 0 0 0 1</matrix>
            <node id="node-Bip01_Spine1" name="Bip01_Spine1">
              <matrix>0.9850422 0.02363086 -0.1706849 0.1022274 -0.01319329 0.9979871 0.06202855 -1.00818e-4 0.1718071 -0.05884887 0.9833714 5.93066e-6 0 0 0 1</matrix>
              <node id="node-Bip01_Spine2" name="Bip01_Spine2">
                <matrix sid="matrix">0.9118831 -0.1827258 0.3675331 0.1268976 0.1518598 0.982094 0.111488 -1.68206e-4 -0.3813238 -0.04585051 0.9233038 7.80821e-6 0 0 0 1</matrix>
                <node id="node-Bip01_Neck" name="Bip01_Neck">
                  <matrix>0.840708 -0.4308255 0.3280237 0.2151071 0.4136219 0.9019013 0.1244631 -4.96954e-5 -0.3494668 0.03104065 0.9364345 -1.69128e-6 0 0 0 1</matrix>
                  <node id="node-Bip01_Head" name="Bip01_Head">
                    <matrix sid="matrix">0.8256276 -0.1322618 -0.5484942 0.07051826 -0.4566818 0.4142266 -0.7873108 -0.01395917 0.331332 0.9005127 0.2815952 0 0 0 0 1</matrix>
                    <node id="node-ALTEYE" name="ALTEYE">
                      <matrix>0.08206864 0.1570575 0.984174 0.06454694 0.1160625 0.9792799 -0.1659546 0.2214611 -0.9898456 0.127845 0.06213956 0.04716256 0 0 0 1</matrix>
                    </node>
                  </node>
                  <node id="node-Bip01_L_Clavicle" name="Bip01_L_Clavicle">
                    <matrix>-0.5778345 -0.4531802 0.6787745 -0.04690349 0.283809 -0.8913432 -0.3534966 -0.01204765 0.7652187 -0.01162016 0.6436654 0.055884 0 0 0 1</matrix>
                    <node id="node-Bip01_L_UpperArm" name="Bip01_L_UpperArm">
                      <matrix sid="matrix">0.869007 -0.1269834 0.478228 0.1824006 -0.2814541 0.6680555 0.6888292 1.49012e-8 -0.4069526 -0.7331967 0.5448048 0 0 0 0 1</matrix>
                      <node id="node-Bip01_L_Forearm" name="Bip01_L_Forearm">
                        <matrix sid="matrix">0.3559558 0.9345028 2.98023e-8 0.284369 -0.9345028 0.3559557 2.98023e-8 5.96046e-8 -1.49012e-8 0 1 0 0 0 0 1</matrix>
                        <node id="node-Bip01_L_Hand" name="Bip01_L_Hand">
                          <matrix sid="matrix">0.9826421 -0.06120811 -0.175123 0.2810681 -0.1088463 -0.9546607 -0.2770845 -1.19209e-7 -0.1502233 0.2913363 -0.944752 5.96046e-8 0 0 0 1</matrix>
                          <node id="node-Bip01_L_Finger0" name="Bip01_L_Finger0">
                            <matrix>0.6413842 0.3141903 0.6999362 0.02119672 0.7352949 0.008702902 -0.6776915 -0.004734278 -0.2190156 0.9493199 -0.2254407 -0.02572185 0 0 0 1</matrix>
                            <node id="node-Bip01_L_Finger01" name="Bip01_L_Finger01">
                              <matrix>0.997564 -0.06975637 0 0.04982865 0.06975646 0.9975641 -4.65661e-9 0 -5.96046e-8 5.58794e-8 0.9999999 0 0 0 0 1</matrix>
                              <node id="node-Bip01_L_Finger02" name="Bip01_L_Finger02">
                                <matrix>0.9203136 0.3911814 0 0.05202222 -0.3911815 0.9203137 4.47035e-8 2.98023e-8 5.96046e-8 1.49012e-8 1 5.96046e-8 0 0 0 1</matrix>
                              </node>
                            </node>
                          </node>
                          <node id="node-Bip01_L_Finger1" name="Bip01_L_Finger1">
                            <matrix>0.9592717 -0.2819768 -0.01693496 0.1199946 0.2798395 0.9567645 -0.07931916 -0.008367538 0.03856893 0.07134952 0.9967054 -0.0410139 0 0 0 1</matrix>
                            <node id="node-Bip01_L_Finger11" name="Bip01_L_Finger11">
                              <matrix>0.7001771 -0.7139691 -7.45058e-9 0.03644156 0.7139691 0.7001772 0 -5.96046e-8 2.98023e-8 4.84288e-8 1 1.19209e-7 0 0 0 1</matrix>
                              <node id="node-Bip01_L_Finger12" name="Bip01_L_Finger12">
                                <matrix>0.8757259 -0.4828089 0 0.03117549 0.4828089 0.8757259 -1.11759e-8 -2.98023e-8 0 1.11759e-8 1 0 0 0 0 1</matrix>
                              </node>
                            </node>
                          </node>
                          <node id="node-Bip01_L_Finger2" name="Bip01_L_Finger2">
                            <matrix>0.6611331 -0.7495596 -0.03260922 0.1229538 0.7489769 0.6568219 0.08728345 -0.008802056 -0.04400566 -0.08212951 0.9956495 -0.01328242 0 0 0 1</matrix>
                            <node id="node-Bip01_L_Finger21" name="Bip01_L_Finger21">
                              <matrix>0.8156036 -0.5786111 1.67638e-8 0.03895533 0.5786111 0.8156035 5.30854e-8 5.96046e-8 5.58794e-9 -2.86382e-8 0.9999999 0 0 0 0 1</matrix>
                              <node id="node-Bip01_L_Finger22" name="Bip01_L_Finger22">
                                <matrix>0.9762959 -0.2164396 3.72529e-9 0.03800535 0.2164397 0.9762959 1.92085e-8 0 2.04891e-8 6.93835e-8 0.9999999 -5.96046e-8 0 0 0 1</matrix>
                              </node>
                            </node>
                          </node>
                          <node id="node-Bip01_L_Finger3" name="Bip01_L_Finger3">
                            <matrix>0.4124629 -0.9064789 -0.09038851 0.121188 0.9061533 0.3980611 0.1429456 -0.001191258 -0.09359707 -0.1408655 0.9855943 0.01196867 0 0 0 1</matrix>
                            <node id="node-Bip01_L_Finger31" name="Bip01_L_Finger31">
                              <matrix>0.9381478 -0.3462351 -7.45058e-9 0.03155851 0.3462351 0.9381477 -8.3819e-9 5.96046e-8 7.45058e-9 -6.14673e-8 1 0 0 0 0 1</matrix>
                              <node id="node-Bip01_L_Finger32" name="Bip01_L_Finger32">
                                <matrix>0.9636304 -0.2672384 1.86265e-9 0.03366578 0.2672384 0.9636304 -1.234e-8 0 -1.49012e-8 -3.91155e-8 0.9999999 -5.96046e-8 0 0 0 1</matrix>
                              </node>
                            </node>
                          </node>
                          <node id="node-Bip01_L_Finger4" name="Bip01_L_Finger4">
                            <matrix>0.07120568 -0.9696805 0.2337719 0.1136796 0.9750154 0.1171045 0.1887628 0.005147457 -0.2104154 0.2144903 0.9537919 0.03886575 0 0 0 1</matrix>
                            <node id="node-Bip01_L_Finger41" name="Bip01_L_Finger41">
                              <matrix>0.9790112 -0.2038069 1.49012e-8 0.03661621 0.203807 0.9790112 -1.49012e-8 5.96046e-8 1.49012e-8 3.72529e-9 1 -1.49012e-8 0 0 0 1</matrix>
                              <node id="node-Bip01_L_Finger42" name="Bip01_L_Finger42">
                                <matrix>0.9645151 0.2640274 0 0.01772618 -0.2640274 0.9645152 -1.11759e-8 0 1.49012e-8 -2.65427e-8 0.9999999 4.47035e-8 0 0 0 1</matrix>
                              </node>
                            </node>
                          </node>
                        </node>
                      </node>
                    </node>
                  </node>
                  <node id="node-Bip01_R_Clavicle" name="Bip01_R_Clavicle">
                    <matrix>0.2073931 -0.1669672 -0.9639035 8.67128e-4 0.5679265 -0.7817281 0.2576057 -0.01629043 -0.7965221 -0.6008521 -0.06729986 -0.07212147 0 0 0 1</matrix>
                    <node id="node-Bip01_R_UpperArm" name="Bip01_R_UpperArm">
                      <matrix sid="matrix">0.5832897 0.8093362 -0.06890497 0.1824007 -0.6477005 0.5146303 0.5618181 -2.98023e-8 0.4901603 -0.2830729 0.8243862 0 0 0 0 1</matrix>
                      <node id="node-Bip01_R_Forearm" name="Bip01_R_Forearm">
                        <matrix>-0.07265086 0.9973575 -2.98023e-8 0.2843689 -0.9973575 -0.07265082 0 0 7.45058e-8 0 1 -1.19209e-7 0 0 0 1</matrix>
                        <node id="node-Bip01_R_Hand" name="Bip01_R_Hand">
                          <matrix>0.9247895 0.3771958 -0.04987456 0.2810681 0.2033486 -0.6007847 -0.7731152 0 -0.3215797 0.704827 -0.6323018 1.19209e-7 0 0 0 1</matrix>
                          <node id="node-Bip01_R_Finger0" name="Bip01_R_Finger0">
                            <matrix>0.5215105 0.269013 -0.8097274 0.02119677 0.7250715 0.3605264 0.5867637 -0.004734233 0.4497752 -0.893114 -0.007035489 0.02572203 0 0 0 1</matrix>
                            <node id="node-Bip01_R_Finger01" name="Bip01_R_Finger01">
                              <matrix>0.6423535 -0.7636236 0.06527574 0.04982853 0.7605615 0.6456373 0.06854746 0 -0.09448884 0.005614473 0.9955102 0 0 0 0 1</matrix>
                              <node id="node-Bip01_R_Finger02" name="Bip01_R_Finger02">
                                <matrix>0.9505157 -0.3106764 4.09782e-8 0.05202231 0.3106765 0.9505159 0 0 5.02914e-8 -1.49012e-8 1 -2.98023e-8 0 0 0 1</matrix>
                              </node>
                            </node>
                          </node>
                          <node id="node-Bip01_R_Finger1" name="Bip01_R_Finger1">
                            <matrix>0.9820224 -0.1733427 -0.0747267 0.1199946 0.1795577 0.9799357 0.08651489 -0.008367553 0.05823064 -0.09837732 0.993444 0.04101396 0 0 0 1</matrix>
                            <node id="node-Bip01_R_Finger11" name="Bip01_R_Finger11">
                              <matrix>0.8240547 -0.5665103 3.72529e-9 0.03644171 0.5665103 0.8240548 7.45058e-9 0 -8.3819e-9 0 1 0 0 0 0 1</matrix>
                              <node id="node-Bip01_R_Finger12" name="Bip01_R_Finger12">
                                <matrix>0.8146399 -0.5796779 0.01831832 0.03117551 0.5799673 0.8142334 -0.02573049 0 7.45058e-9 0.03158512 0.9995011 1.19209e-7 0 0 0 1</matrix>
                              </node>
                            </node>
                          </node>
                          <node id="node-Bip01_R_Finger2" name="Bip01_R_Finger2">
                            <matrix>0.6754012 -0.7374503 -1.52119e-4 0.1229538 0.7368313 0.6748427 -0.04082684 -0.008802041 0.03021043 0.02746242 0.9991661 0.01328254 0 0 0 1</matrix>
                            <node id="node-Bip01_R_Finger21" name="Bip01_R_Finger21">
                              <matrix>0.5508358 -0.8338858 -0.0348487 0.03895522 0.832222 0.5519371 -0.05265062 -2.98023e-8 0.06313889 -9.77889e-9 0.9980047 0 0 0 0 1</matrix>
                              <node id="node-Bip01_R_Finger22" name="Bip01_R_Finger22">
                                <matrix>0.1984734 -0.9799246 0.01886613 0.03800537 0.9755272 0.199368 0.09272984 5.96046e-8 -0.09462959 0 0.9955126 -1.19209e-7 0 0 0 1</matrix>
                              </node>
                            </node>
                          </node>
                          <node id="node-Bip01_R_Finger3" name="Bip01_R_Finger3">
                            <matrix>0.7159052 -0.6949216 0.06755453 0.1211881 0.6883786 0.6863562 -0.234627 -0.001191258 0.1166809 0.2144738 0.9697352 -0.01196861 0 0 0 1</matrix>
                            <node id="node-Bip01_R_Finger31" name="Bip01_R_Finger31">
                              <matrix>0.4441952 -0.8949344 0.04222351 0.03155842 0.8909185 0.4461975 0.08468728 0 -0.0946296 -2.32831e-10 0.9955125 0 0 0 0 1</matrix>
                              <node id="node-Bip01_R_Finger32" name="Bip01_R_Finger32">
                                <matrix>0.1993681 -0.9794359 -0.03095104 0.03366597 0.9799249 0.1992686 0.006297085 -2.98023e-8 -9.31323e-9 -0.03158511 0.9995011 0 0 0 0 1</matrix>
                              </node>
                            </node>
                          </node>
                          <node id="node-Bip01_R_Finger4" name="Bip01_R_Finger4">
                            <matrix>0.5925791 -0.7897949 -0.1583476 0.1136797 0.7783522 0.6120423 -0.1399001 0.005147427 0.2074078 -0.0403483 0.977422 -0.03886557 0 0 0 1</matrix>
                            <node id="node-Bip01_R_Finger41" name="Bip01_R_Finger41">
                              <matrix>0.4202556 -0.9064696 0.04120624 0.03661624 0.906853 0.421151 0.01578781 -2.98023e-8 -0.03166521 0.030733 0.9990261 0 0 0 0 1</matrix>
                              <node id="node-Bip01_R_Finger42" name="Bip01_R_Finger42">
                                <matrix>0.402447 -0.9138246 -0.05441486 0.01772636 0.9154232 0.4021218 0.0172832 0 0.006087616 -0.05676816 0.9983687 -1.19209e-7 0 0 0 1</matrix>
                              </node>
                            </node>
                          </node>
                          <node id="node-MOUNT0" name="MOUNT0">
                            <matrix>-6.2238e-7 1 5.12227e-9 0.109539 -0.9999999 -6.57106e-7 4.75906e-7 0.0251826 4.76837e-7 4.88944e-9 0.9999999 0.01321661 0 0 0 1</matrix>
                          </node>
                        </node>
                      </node>
                    </node>
                  </node>
                </node>
                <node id="node-Bip01_L_Pauldron_Upper" name="Bip01_L_Pauldron_Upper">
                  <matrix>0.9726267 0.1182923 0.2000107 0.176903 0.1448455 -0.9816831 -0.1237686 -0.0390837 0.1817062 0.1493513 -0.9719452 0.2290199 0 0 0 1</matrix>
                </node>
                <node id="node-Bip01_R_Pauldron_Lower" name="Bip01_R_Pauldron_Lower">
                  <matrix>-0.1156725 -0.940376 -0.3198653 0.172906 0.9097751 -0.2295502 0.3458564 -0.1133294 -0.3986599 -0.2509995 0.8820827 -0.2351095 0 0 0 1</matrix>
                </node>
                <node id="node-Bip01_L_Pauldron_Lower" name="Bip01_L_Pauldron_Lower">
                  <matrix>-0.2099972 -0.7687201 0.6041284 0.1529204 0.4002344 -0.6313509 -0.6642358 -0.1054225 0.892028 0.1023053 0.4402496 0.2344801 0 0 0 1</matrix>
                </node>
              </node>
            </node>
            <node id="node-Bip01_L_Thigh" name="Bip01_L_Thigh">
              <matrix sid="matrix">-0.8850529 0.4448214 -0.1371677 -0.1894343 0.1636993 0.5732781 0.8028415 -0.03385841 0.4357564 0.6881031 -0.5801985 0.1843713 0 0 0 1</matrix>
              <node id="node-Bip01_L_Calf" name="Bip01_L_Calf">
                <matrix sid="matrix">0.6778107 0.7352366 4.65661e-10 0.4629987 -0.7352365 0.6778106 -3.25963e-9 0 2.28174e-8 5.82077e-9 1 0 0 0 0 1</matrix>
                <node id="node-Bip01_L_Foot" name="Bip01_L_Foot">
                  <matrix sid="matrix">0.8790581 0.4765733 -0.01161046 0.3610501 -0.4757286 0.878545 0.04290507 -2.98023e-8 0.03064766 -0.0321926 0.9990118 7.45058e-9 0 0 0 1</matrix>
                  <node id="node-Bip01_L_Toe0" name="Bip01_L_Toe0">
                    <matrix>4.47035e-7 -0.9999999 1.39279e-6 0.1486307 0.9999999 5.06639e-7 2.70084e-8 0.1543275 -2.23517e-8 1.38627e-6 1 0 0 0 0 1</matrix>
                  </node>
                </node>
              </node>
            </node>
            <node id="node-Bip01_R_Thigh" name="Bip01_R_Thigh">
              <matrix sid="matrix">-0.3184215 0.929522 -0.1860016 -0.194118 0.8122211 0.3686977 0.4520604 0.003519103 0.4887783 -0.007128775 -0.8723787 -0.06780353 0 0 0 1</matrix>
              <node id="node-Bip01_R_Calf" name="Bip01_R_Calf">
                <matrix sid="matrix">-0.3497498 0.9368433 -7.45058e-9 0.4629988 -0.936843 -0.3497498 2.6077e-8 0 1.49012e-8 -1.86265e-8 0.9999999 -2.98023e-8 0 0 0 1</matrix>
                <node id="node-Bip01_R_Foot" name="Bip01_R_Foot">
                  <matrix sid="matrix">0.8885838 0.4383287 -0.1352301 0.36105 -0.4156701 0.8940974 0.1667583 0 0.1940038 -0.09196764 0.9766804 -1.49012e-8 0 0 0 1</matrix>
                  <node id="node-Bip01_R_Toe0" name="Bip01_R_Toe0">
                    <matrix>-0.2644268 -0.9539026 0.1419447 0.1486307 0.9630895 -0.2535029 0.09052611 0.1543275 -0.05036974 0.1606429 0.9857265 1.49012e-8 0 0 0 1</matrix>
                  </node>
                </node>
              </node>
            </node>
          </node>
          <node id="node-Bip01_FannyPack" name="Bip01_FannyPack">
            <matrix sid="matrix">-0.8322091 -0.4771121 0.2824753 0.2028494 -0.4932149 0.8697606 0.01598545 -0.1504242 -0.2533128 -0.1260178 -0.9591415 -0.008565128 0 0 0 1</matrix>
          </node>
        </node>
        <node id="node-EYE" name="EYE">
          <matrix>0.7792377 0.6267179 -0.003664042 0.05980457 -0.6267175 0.7792451 0.001428225 0.07219034 0.003750281 0.001183214 0.999992 0.659456 0 0 0 1</matrix>
          <node id="node-CAM" name="CAM">
            <matrix>1 -6.03104e-8 3.55271e-15 4.84288e-8 6.03104e-8 1 -2.32831e-9 -0.104 -3.55271e-15 2.32832e-9 1 0.3005601 0 0 0 1</matrix>
          </node>
        </node>
      </node>
      <node id="node-Bounds" name="Bounds">
        <matrix>0.9999915 0.001706907 0.003750479 0 -0.001711356 0.9999978 0.001183292 0.1035326 -0.003748452 -0.0011897 0.9999923 -8.93474e-5 0 0 0 1</matrix>
        <instance_geometry url="#geom-Bounds">
          <bind_material>
            <technique_common>
              <instance_material symbol="ShapeBounds" target="#ShapeBounds-material"/>
            </technique_common>
          </bind_material>
        </instance_geometry>
      </node>
    </visual_scene>
  </library_visual_scenes>
  <library_animations>
    <animation>
      <source id="node-Bip01_Pelvis_matrix-input">
        <float_array id="node-Bip01_Pelvis_matrix-input-array" count="30">34.66667 34.7 34.73333 34.76667 34.8 34.83333 34.86666 34.9 34.93333 34.96667 35 35.03333 35.06667 35.1 35.13334 35.16667 35.2 35.23333 35.26667 35.3 35.33333 35.36666 35.4 35.43333 35.46667 35.5 35.53333 35.56667 35.6 35.63334</float_array>
        <technique_common>
          <accessor source="#node-Bip01_Pelvis_matrix-input-array" count="30" stride="1">
            <param name="TIME" type="float"/>
          </accessor>
        </technique_common>
      </source>
      <source id="node-Bip01_Pelvis_matrix-output">
        <float_array id="node-Bip01_Pelvis_matrix-output-array" count="480">0.1747649 0.9844435 0.01811772 0 0.2778892 -0.06696891 0.958276 0 0.9445818 -0.1624383 -0.28527 0 0 0 0 1 0.1789557 0.9838079 0.00985831 0 0.2785211 -0.0602684 0.9585373 0 0.9436105 -0.1687899 -0.2847966 0 0 0 0 1 0.1898162 0.9817357 -0.01284992 0 0.280152 -0.04161369 0.9590533 0 0.941002 -0.1856438 -0.282934 0 0 0 0 1 0.2048299 0.9776706 -0.04696047 0 0.2823363 -0.01307708 0.9592264 0 0.937193 -0.2097368 -0.2787104 0 0 0 0 1 0.2215867 0.9710287 -0.08945786 0 0.2846034 0.02334487 0.9583611 0 0.9326844 -0.23782 -0.2711851 0 0 0 0 1 0.2378091 0.9615513 -0.1373539 0 0.286498 0.06568014 0.9558269 0 0.9280979 -0.266656 -0.2598631 0 0 0 0 1 0.2513462 0.9495118 -0.1877564 0 0.2876154 0.1119514 0.9511806 0 0.9241766 -0.2930772 -0.2449556 0 0 0 0 1 0.2601318 0.9357884 -0.2379741 0 0.287633 0.16017 0.9442526 0 0.9217367 -0.3140793 -0.2274982 0 0 0 0 1 0.2621052 0.9218068 -0.28561 0 0.2863317 0.2083458 0.9352039 0 0.9215828 -0.326901 -0.209334 0 0 0 0 1 0.2550978 0.9093707 -0.3285879 0 0.2836105 0.2545131 0.9245477 0 0.9243864 -0.3290409 -0.1929813 0 0 0 0 1 0.2328013 0.9054017 -0.3550373 0 0.2565313 0.2949686 0.9204268 0 0.9380806 -0.3053548 -0.1635947 0 0 0 0 1 0.1951585 0.9107606 -0.363907 0 0.1949468 0.3276156 0.9244803 0 0.9612017 -0.2513628 -0.113613 0 0 0 0 1 0.1471728 0.918314 -0.3674774 0 0.1167336 0.3528006 0.9283885 0 0.9821982 -0.1795305 -0.05527538 0 0 0 0 1 0.09401375 0.9231253 -0.3728289 0 0.0393061 0.3707538 0.9278991 0 0.9947947 -0.1018897 -0.001428425 0 0 0 0 1 0.04135423 0.9238311 -0.3805603 0 -0.02001005 0.3815756 0.924121 0 0.9989442 -0.03060126 0.03426569 0 0 0 0 1 -0.005489885 0.9225638 -0.3858054 0 -0.04379582 0.3852193 0.9217852 0 0.9990254 0.02195715 0.0382896 0 0 0 0 1 -0.039303 0.9243866 -0.3794267 0 -0.04341113 0.3777821 0.9248764 0 0.9982838 0.05282175 0.02528065 0 0 0 0 1 -0.05886483 0.9313927 -0.3592251 0 -0.04169738 0.357241 0.933081 0 0.9973947 0.06990438 0.01780772 0 0 0 0 1 -0.06772583 0.9422668 -0.3279429 0 -0.03777039 0.3260406 0.944601 0 0.9969887 0.0763604 0.01350843 0 0 0 0 1 -0.06905865 0.95514 -0.2879907 0 -0.03069365 0.2865089 0.9575858 0 0.9971403 0.07496905 0.009530782 0 0 0 0 1 -0.06571167 0.9681034 -0.2417806 0 -0.01950407 0.2410119 0.9703263 0 0.997648 0.06847751 0.003044664 0 0 0 0 1 -0.06031262 0.9795625 -0.1918848 0 -0.00324577 0.1920413 0.9813815 0 0.9981742 0.05981248 -0.008403062 0 0 0 0 1 -0.05541366 0.9884553 -0.1410163 0 0.01900219 0.1422519 0.9896482 0 0.9982826 0.05216038 -0.02666556 0 0 0 0 1 -0.05367696 0.994324 -0.09186184 0 0.04811728 0.09446316 0.9943649 0 0.9973983 0.04895436 -0.05291467 0 0 0 0 1 -0.04155457 0.9979579 -0.04851222 0 0.08520156 0.05191671 0.9950103 0 0.9954968 0.03721392 -0.0871849 0 0 0 0 1 -0.008765816 0.999851 -0.01487582 0 0.1277694 0.01587444 0.9916769 0 0.9917652 0.006792187 -0.1278895 0 0 0 0 1 0.03646862 0.9993063 0.007549047 0 0.1714664 -0.01369911 0.9850947 0 0.9845148 -0.03463065 -0.1718471 0 0 0 0 1 0.08559006 0.99615 0.01896142 0 0.2121841 -0.03681915 0.9765359 0 0.9734743 -0.07955843 -0.2145185 0 0 0 0 1 0.1301858 0.9912528 0.02166414 0 0.246033 -0.05346387 0.967786 0 0.9604787 -0.1206619 -0.2508412 0 0 0 0 1 0.1623808 0.9865304 0.01975679 0 0.2692317 -0.06356006 0.9609758 0 0.9492875 -0.1507248 -0.2759261 0 0 0 0 1</float_array>
        <technique_common>
          <accessor source="#node-Bip01_Pelvis_matrix-output-array" count="30" stride="16">
            <param name="TRANSFORM" type="float4x4"/>
          </accessor>
        </technique_common>
      </source>
      <source id="node-Bip01_Pelvis_matrix-interpolation">
        <Name_array id="node-Bip01_Pelvis_matrix-interpolation-array" count="30">LINEAR LINEAR LINEAR LINEAR LINEAR LINEAR LINEAR LINEAR LINEAR LINEAR LINEAR LINEAR LINEAR LINEAR LINEAR LINEAR LINEAR LINEAR LINEAR LINEAR LINEAR LINEAR LINEAR LINEAR LINEAR LINEAR LINEAR LINEAR LINEAR LINEAR</Name_array>
        <technique_common>
          <accessor source="#node-Bip01_Pelvis_matrix-interpolation-array" count="30" stride="1">
            <param name="INTERPOLATION" type="name"/>
          </accessor>
        </technique_common>
      </source>
      <source id="node-Bip01_Spine_matrix-input">
        <float_array id="node-Bip01_Spine_matrix-input-array" count="30">34.66667 34.7 34.73333 34.76667 34.8 34.83333 34.86666 34.9 34.93333 34.96667 35 35.03333 35.06667 35.1 35.13334 35.16667 35.2 35.23333 35.26667 35.3 35.33333 35.36666 35.4 35.43333 35.46667 35.5 35.53333 35.56667 35.6 35.63334</float_array>
        <technique_common>
          <accessor source="#node-Bip01_Spine_matrix-input-array" count="30" stride="1">
            <param name="TIME" type="float"/>
          </accessor>
        </technique_common>
      </source>
      <source id="node-Bip01_Spine_matrix-output">
        <float_array id="node-Bip01_Spine_matrix-output-array" count="480">0.9976641 0.06778115 -0.008484482 0.1928508 -0.06579351 0.9868717 0.1474981 -0.006243944 0.01837062 -0.1465954 0.989026 -0.05634504 0 0 0 1 0.9973933 0.07182532 -0.0069108 0.1927685 -0.06987851 0.9853361 0.155659 -0.007526218 0.01798969 -0.1547703 0.9877866 -0.05646985 0 0 0 1 0.9966026 0.08231228 -0.002810239 0.192537 -0.08049833 0.9807198 0.17807 -0.01093912 0.01741337 -0.1772387 0.9840139 -0.0567013 0 0 0 1 0.9952964 0.09683364 0.002856433 0.1921765 -0.09524154 0.9726877 0.2116774 -0.01584708 0.01771903 -0.210954 0.9773353 -0.0567649 0 0 0 1 0.9935434 0.1130871 0.009102225 0.1917229 -0.1116902 0.9608662 0.253499 -0.02161842 0.01992148 -0.2528789 0.9672929 -0.0563932 0 0 0 1 0.9915462 0.1288908 0.01493746 0.1912395 -0.1273944 0.9451943 0.3006303 -0.02761483 0.02462971 -0.2999919 0.9536238 -0.05540829 0 0 0 1 0.989652 0.1421705 0.01940274 0.1908174 -0.1399137 0.9261394 0.3502716 -0.03319811 0.03182864 -0.3493617 0.9364472 -0.05377548 0 0 0 1 0.9883106 0.1509162 0.02160555 0.1905644 -0.1468991 0.9047722 0.39976 -0.03774625 0.04078203 -0.3982608 0.9163653 -0.05162978 0 0 0 1 0.9879922 0.1531041 0.02075564 0.190586 -0.1461719 0.8827146 0.446597 -0.04067122 0.05005455 -0.4442684 0.8944945 -0.04927474 0 0 0 1 0.9890648 0.14659 0.01619648 0.1909587 -0.1357516 0.8619679 0.4884497 -0.04142695 0.05764096 -0.4853071 0.8724417 -0.04715704 0 0 0 1 0.9914903 0.1290617 -0.01704221 0.1930952 -0.1016312 0.8491906 0.5182151 -0.03681212 0.08135378 -0.5120732 0.8550807 -0.04200369 0 0 0 1 0.9908381 0.1024472 -0.08800315 0.1967023 -0.04009771 0.8453766 0.5326638 -0.02591145 0.1289657 -0.5242547 0.8417391 -0.03228002 0 0 0 1 0.9820592 0.06892693 -0.1755253 0.1996113 0.03635334 0.8441442 0.5348826 -0.01139795 0.1850364 -0.5316672 0.8264936 -0.02075088 0 0 0 1 0.9649848 0.03064298 -0.2605099 0.2007094 0.1158443 0.8412637 0.5280678 0.004199981 0.2353391 -0.539756 0.8082568 -0.01016384 0 0 0 1 0.945379 -0.010091 -0.3258169 0.2001379 0.1867291 0.8360418 0.5159133 0.01842314 0.2671904 -0.5485731 0.7922607 -0.003256916 0 0 0 1 0.9331891 -0.05157059 -0.3556664 0.1989107 0.2374963 0.8312528 0.502608 0.02886193 0.2697289 -0.5534977 0.7879638 -0.002594411 0 0 0 1 0.9288848 -0.08476328 -0.3605391 0.1978658 0.2647252 0.8327556 0.4862498 0.03505998 0.2590249 -0.5471139 0.7959728 -0.005017101 0 0 0 1 0.9264044 -0.104221 -0.3618186 0.1971694 0.2755396 0.8425522 0.4627997 0.03864932 0.2566176 -0.5284351 0.8092612 -0.005969941 0 0 0 1 0.9262211 -0.1136262 -0.3594496 0.1968535 0.2735174 0.8587225 0.4333408 0.04022377 0.2594285 -0.499685 0.8264454 -0.005996286 0 0 0 1 0.9283357 -0.1162701 -0.3530921 0.1968485 0.2617838 0.8788444 0.3988758 0.04028755 0.2639357 -0.4627245 0.8463002 -0.005728483 0 0 0 1 0.9325334 -0.115116 -0.3422425 0.1970385 0.2434408 0.9004526 0.3604467 0.03933739 0.2666799 -0.4194445 0.867726 -0.005794405 0 0 0 1 0.9384909 -0.112902 -0.3263251 0.197287 0.2218331 0.921356 0.3192077 0.03791421 0.2646223 -0.3719632 0.8897296 -0.006751179 0 0 0 1 0.9457898 -0.1122801 -0.3047537 0.1974388 0.2006582 0.9398409 0.2764694 0.03662472 0.255378 -0.3226334 0.911422 -0.009040057 0 0 0 1 0.9538553 -0.1159946 -0.2769573 0.1973091 0.1839638 0.9547427 0.2337176 0.03614097 0.2373129 -0.273883 0.9320251 -0.01296579 0 0 0 1 0.9644831 -0.1109644 -0.2397074 0.1972526 0.1605033 0.9669332 0.1981896 0.03389745 0.209789 -0.2296243 0.9504007 -0.01864385 0 0 0 1 0.9772885 -0.08659636 -0.193412 0.1973798 0.1210914 0.9772129 0.174333 0.02788555 0.173908 -0.1937942 0.9655049 -0.02586174 0 0 0 1 0.9884651 -0.05004298 -0.1429432 0.1971361 0.07292002 0.9844868 0.1595896 0.01961708 0.1327393 -0.1681722 0.9767796 -0.03402543 0 0 0 1 0.9955848 -0.008911907 -0.09344291 0.1962403 0.02307087 0.9881785 0.1515626 0.01058107 0.0909875 -0.1530492 0.9840211 -0.04222506 0 0 0 1 0.9982985 0.02917677 -0.05048596 0.194835 -0.02140706 0.9887393 0.1481106 0.002260982 0.05423879 -0.1467778 0.9876813 -0.04939079 0 0 0 1 0.9981724 0.05700498 -0.02006369 0.1934598 -0.05344176 0.9876405 0.1473452 -0.003854572 0.02821511 -0.1460036 0.9888817 -0.05443972 0 0 0 1</float_array>
        <technique_common>
          <accessor source="#node-Bip01_Spine_matrix-output-array" count="30" stride="16">
            <param name="TRANSFORM" type="float4x4"/>
          </accessor>
        </technique_common>
      </source>
      <source id="node-Bip01_Spine_matrix-interpolation">
        <Name_array id="node-Bip01_Spine_matrix-interpolation-array" count="30">LINEAR LINEAR LINEAR LINEAR LINEAR LINEAR LINEAR LINEAR LINEAR LINEAR LINEAR LINEAR LINEAR LINEAR LINEAR LINEAR LINEAR LINEAR LINEAR LINEAR LINEAR LINEAR LINEAR LINEAR LINEAR LINEAR LINEAR LINEAR LINEAR LINEAR</Name_array>
        <technique_common>
          <accessor source="#node-Bip01_Spine_matrix-interpolation-array" count="30" stride="1">
            <param name="INTERPOLATION" type="name"/>
          </accessor>
        </technique_common>
      </source>
      <source id="node-Bip01_Spine2_matrix-input">
        <float_array id="node-Bip01_Spine2_matrix-input-array" count="30">34.66667 34.7 34.73333 34.76667 34.8 34.83333 34.86666 34.9 34.93333 34.96667 35 35.03333 35.06667 35.1 35.13334 35.16667 35.2 35.23333 35.26667 35.3 35.33333 35.36666 35.4 35.43333 35.46667 35.5 35.53333 35.56667 35.6 35.63334</float_array>
        <technique_common>
          <accessor source="#node-Bip01_Spine2_matrix-input-array" count="30" stride="1">
            <param name="TIME" type="float"/>
          </accessor>
        </technique_common>
      </source>
      <source id="node-Bip01_Spine2_matrix-output">
        <float_array id="node-Bip01_Spine2_matrix-output-array" count="480">0.9118831 -0.1827258 0.367533 0.1268975 0.1518598 0.9820941 0.111488 -1.68206e-4 -0.3813238 -0.04585045 0.9233038 7.80821e-6 0 0 0 1 0.9122964 -0.1832538 0.3662421 0.1268974 0.1525693 0.982004 0.1113131 -1.68204e-4 -0.3800498 -0.04567319 0.9238377 7.86781e-6 0 0 0 1 0.9134422 -0.1847317 0.3626261 0.1268976 0.1545541 0.9817501 0.110814 -1.68154e-4 -0.3764791 -0.04517686 0.9253228 7.689e-6 0 0 0 1 0.9151714 -0.187004 0.3570586 0.1268982 0.157603 0.9813545 0.1100196 -1.68093e-4 -0.3709753 -0.04441332 0.92758 7.51019e-6 0 0 0 1 0.9173325 -0.1899197 0.3499024 0.1268987 0.1615093 0.9808384 0.1089525 -1.68001e-4 -0.36389 -0.04343318 0.9304287 7.39098e-6 0 0 0 1 0.9197785 -0.1933308 0.3415123 0.1268992 0.1660706 0.980222 0.1076357 -1.67888e-4 -0.3555672 -0.04228579 0.9336937 7.27177e-6 0 0 0 1 0.9223729 -0.1970926 0.3322387 0.1268999 0.1710887 0.9795262 0.1060978 -1.67776e-4 -0.3463476 -0.04101938 0.937209 6.97374e-6 0 0 0 1 0.9249935 -0.2010625 0.3224297 0.1269005 0.1763691 0.9787742 0.1043777 -1.67634e-4 -0.3365724 -0.03968191 0.9408211 6.85453e-6 0 0 0 1 0.9275342 -0.2050991 0.3124334 0.1269012 0.1817209 0.9779908 0.1025262 -1.67513e-4 -0.326585 -0.03832077 0.9443905 6.55651e-6 0 0 0 1 0.9299069 -0.209062 0.3025988 0.1269019 0.1869565 0.9772027 0.1006081 -1.67388e-4 -0.3167338 -0.03698319 0.9477931 6.25849e-6 0 0 0 1 0.9320405 -0.2128114 0.2932773 0.1269025 0.1918914 0.9764403 0.09870195 -1.67243e-4 -0.3073726 -0.03571677 0.9509186 6.07967e-6 0 0 0 1 0.9338791 -0.2162059 0.2848241 0.1269031 0.1963428 0.9757355 0.0968995 -1.67131e-4 -0.2988632 -0.03456914 0.9536696 5.90086e-6 0 0 0 1 0.9353783 -0.2191035 0.277599 0.1269036 0.2001295 0.9751232 0.09530323 -1.67031e-4 -0.2915746 -0.03358882 0.9559582 5.72205e-6 0 0 0 1 0.9365004 -0.2213592 0.2719686 0.1269041 0.2030686 0.9746397 0.09402394 -1.6693e-4 -0.2858844 -0.03282511 0.9577018 5.60284e-6 0 0 0 1 0.9372088 -0.2228252 0.268307 0.1269043 0.2049745 0.974322 0.09317535 -1.66884e-4 -0.2821793 -0.03232854 0.9588168 5.48363e-6 0 0 0 1 0.9374576 -0.2233487 0.2669991 0.1269043 0.2056543 0.9742081 0.09286898 -1.66854e-4 -0.2808549 -0.03215116 0.9592115 5.48363e-6 0 0 0 1 0.9372087 -0.2228252 0.2683071 0.1269043 0.2049745 0.974322 0.09317541 -1.6688e-4 -0.2821793 -0.03232854 0.9588168 5.48363e-6 0 0 0 1 0.9365004 -0.2213592 0.2719686 0.1269041 0.2030686 0.9746397 0.09402394 -1.6693e-4 -0.2858844 -0.03282511 0.9577018 5.60284e-6 0 0 0 1 0.9353782 -0.2191035 0.2775991 0.1269036 0.2001295 0.9751232 0.09530329 -1.67031e-4 -0.2915746 -0.03358882 0.9559583 5.78165e-6 0 0 0 1 0.9338791 -0.2162059 0.2848241 0.1269031 0.1963428 0.9757355 0.0968995 -1.67131e-4 -0.2988632 -0.03456914 0.9536696 5.90086e-6 0 0 0 1 0.9320405 -0.2128114 0.2932773 0.1269025 0.1918914 0.9764403 0.09870195 -1.67243e-4 -0.3073726 -0.03571677 0.9509186 6.07967e-6 0 0 0 1 0.9299069 -0.209062 0.3025988 0.1269019 0.1869565 0.9772027 0.1006081 -1.67388e-4 -0.3167338 -0.03698319 0.9477931 6.25849e-6 0 0 0 1 0.9275342 -0.2050991 0.3124334 0.1269012 0.1817209 0.9779907 0.1025262 -1.67513e-4 -0.326585 -0.03832077 0.9443905 6.55651e-6 0 0 0 1 0.9249935 -0.2010625 0.3224297 0.1269005 0.1763691 0.9787742 0.1043777 -1.67634e-4 -0.3365724 -0.03968191 0.9408211 6.85453e-6 0 0 0 1 0.9223729 -0.1970926 0.3322387 0.1268999 0.1710887 0.9795262 0.1060978 -1.67776e-4 -0.3463476 -0.04101938 0.937209 6.97374e-6 0 0 0 1 0.9197785 -0.1933308 0.3415123 0.1268992 0.1660706 0.9802219 0.1076357 -1.67888e-4 -0.3555672 -0.04228574 0.9336937 7.27177e-6 0 0 0 1 0.9173325 -0.1899197 0.3499024 0.1268987 0.1615093 0.9808384 0.1089525 -1.68001e-4 -0.36389 -0.04343318 0.9304287 7.39098e-6 0 0 0 1 0.9151714 -0.187004 0.3570587 0.1268982 0.157603 0.9813545 0.1100198 -1.68085e-4 -0.3709754 -0.04441326 0.92758 7.56979e-6 0 0 0 1 0.9134422 -0.1847317 0.3626261 0.1268976 0.1545541 0.9817501 0.110814 -1.68154e-4 -0.3764791 -0.04517686 0.9253228 7.689e-6 0 0 0 1 0.9122964 -0.1832538 0.3662421 0.1268974 0.1525693 0.982004 0.1113131 -1.68204e-4 -0.3800498 -0.04567319 0.9238377 7.86781e-6 0 0 0 1</float_array>
        <technique_common>
          <accessor source="#node-Bip01_Spine2_matrix-output-array" count="30" stride="16">
            <param name="TRANSFORM" type="float4x4"/>
          </accessor>
        </technique_common>
      </source>
      <source id="node-Bip01_Spine2_matrix-interpolation">
        <Name_array id="node-Bip01_Spine2_matrix-interpolation-array" count="30">LINEAR LINEAR LINEAR LINEAR LINEAR LINEAR LINEAR LINEAR LINEAR LINEAR LINEAR LINEAR LINEAR LINEAR LINEAR LINEAR LINEAR LINEAR LINEAR LINEAR LINEAR LINEAR LINEAR LINEAR LINEAR LINEAR LINEAR LINEAR LINEAR LINEAR</Name_array>
        <technique_common>
          <accessor source="#node-Bip01_Spine2_matrix-interpolation-array" count="30" stride="1">
            <param name="INTERPOLATION" type="name"/>
          </accessor>
        </technique_common>
      </source>
      <source id="node-Bip01_Head_matrix-input">
        <float_array id="node-Bip01_Head_matrix-input-array" count="30">34.66667 34.7 34.73333 34.76667 34.8 34.83333 34.86666 34.9 34.93333 34.96667 35 35.03333 35.06667 35.1 35.13334 35.16667 35.2 35.23333 35.26667 35.3 35.33333 35.36666 35.4 35.43333 35.46667 35.5 35.53333 35.56667 35.6 35.63334</float_array>
        <technique_common>
