<?xml version="1.0" encoding="utf-8"?>
<COLLADA xmlns="http://www.collada.org/2005/11/COLLADASchema" version="1.4.1">
  <asset>
    <contributor>
      <author>MattO</author>
      <authoring_tool>OpenCOLLADA for 3ds Max;  Version: 1.3.0;  Revision: 839M;  Platform: x64;  Configuration: Release_Max2012</authoring_tool>
      <source_data>file:///C:/Dropbox/Prj/GGStout/Lurker/SoldierTP_Lurker_Animation_Master.max</source_data>
    </contributor>
    <created>2011-09-29T23:38:20</created>
    <modified>2011-09-29T23:38:20</modified>
    <unit name="meter" meter="1"/>
    <up_axis>Z_UP</up_axis>
  </asset>
  <library_effects>
    <effect id="ShapeBounds">
      <profile_COMMON>
        <technique sid="common">
          <blinn>
            <emission>
              <color>0 0 0 1</color>
            </emission>
            <ambient>
              <color>0.1647059 1 0 1</color>
            </ambient>
            <diffuse>
              <color>0.1647059 1 0 1</color>
            </diffuse>
            <specular>
              <color>0.9 0.9 0.9 1</color>
            </specular>
            <shininess>
              <float>10</float>
            </shininess>
            <reflective>
              <color>0 0 0 1</color>
            </reflective>
            <transparent opaque="A_ONE">
              <color>1 1 1 1</color>
            </transparent>
            <transparency>
              <float>1</float>
            </transparency>
          </blinn>
        </technique>
      </profile_COMMON>
      <extra>
        <technique profile="OpenCOLLADA3dsMax">
          <extended_shader>
            <apply_reflection_dimming>0</apply_reflection_dimming>
            <dim_level>0</dim_level>
            <falloff_type>0</falloff_type>
            <index_of_refraction>1.5</index_of_refraction>
            <opacity_type>0</opacity_type>
            <reflection_level>3</reflection_level>
            <wire_size>1</wire_size>
            <wire_units>0</wire_units>
          </extended_shader>
          <shader>
            <ambient_diffuse_lock>1</ambient_diffuse_lock>
            <ambient_diffuse_texture_lock>1</ambient_diffuse_texture_lock>
            <diffuse_specular_lock>0</diffuse_specular_lock>
            <soften>0.1</soften>
            <use_self_illum_color>0</use_self_illum_color>
          </shader>
        </technique>
      </extra>
    </effect>
  </library_effects>
  <library_materials>
    <material id="ShapeBounds-material" name="ShapeBounds">
      <instance_effect url="#ShapeBounds"/>
    </material>
  </library_materials>
  <library_geometries>
    <geometry id="geom-Bounds" name="Bounds">
      <mesh>
        <source id="geom-Bounds-positions">
          <float_array id="geom-Bounds-positions-array" count="24">-0.425 -0.425 0 0.425 -0.425 0 -0.425 0.425 0 0.425 0.425 0 -0.425 -0.425 1.84 0.425 -0.425 1.84 -0.425 0.425 1.84 0.425 0.425 1.84</float_array>
          <technique_common>
            <accessor source="#geom-Bounds-positions-array" count="8" stride="3">
              <param name="X" type="float"/>
              <param name="Y" type="float"/>
              <param name="Z" type="float"/>
            </accessor>
          </technique_common>
        </source>
        <source id="geom-Bounds-normals">
          <float_array id="geom-Bounds-normals-array" count="72">0 0 -1 0 0 -1 0 0 -1 0 0 -1 0 0 1 0 0 1 0 0 1 0 0 1 0 -1 0 0 -1 0 0 -1 0 0 -1 0 1 0 0 1 0 0 1 0 0 1 0 0 0 1 0 0 1 0 0 1 0 0 1 0 -1 0 0 -1 0 0 -1 0 0 -1 0 0</float_array>
          <technique_common>
            <accessor source="#geom-Bounds-normals-array" count="24" stride="3">
              <param name="X" type="float"/>
              <param name="Y" type="float"/>
              <param name="Z" type="float"/>
            </accessor>
          </technique_common>
        </source>
        <source id="geom-Bounds-map1">
          <float_array id="geom-Bounds-map1-array" count="36">0 0 0 1 0 0 0 1 0 1 1 0 0 0 0 1 0 0 0 1 0 1 1 0 0 0 0 1 0 0 0 1 0 1 1 0</float_array>
          <technique_common>
            <accessor source="#geom-Bounds-map1-array" count="12" stride="3">
              <param name="S" type="float"/>
              <param name="T" type="float"/>
              <param name="P" type="float"/>
            </accessor>
          </technique_common>
        </source>
        <vertices id="geom-Bounds-vertices">
          <input semantic="POSITION" source="#geom-Bounds-positions"/>
        </vertices>
        <triangles material="ShapeBounds" count="12">
          <input semantic="VERTEX" source="#geom-Bounds-vertices" offset="0"/>
          <input semantic="NORMAL" source="#geom-Bounds-normals" offset="1"/>
          <input semantic="TEXCOORD" source="#geom-Bounds-map1" offset="2" set="0"/>
          <p>0 0 9 2 1 11 3 2 10 3 2 10 1 3 8 0 0 9 4 4 8 5 5 9 7 6 11 7 6 11 6 7 10 4 4 8 0 8 4 1 9 5 5 10 7 5 10 7 4 11 6 0 8 4 1 12 0 3 13 1 7 14 3 7 14 3 5 15 2 1 12 0 3 16 4 2 17 5 6 18 7 6 18 7 7 19 6 3 16 4 2 20 0 0 21 1 4 22 3 4 22 3 6 23 2 2 20 0</p>
        </triangles>
      </mesh>
      <extra>
        <technique profile="OpenCOLLADA3dsMax">
          <max_box>
            <generateuvs>1</generateuvs>
            <height>1.84</height>
            <heightsegments>1</heightsegments>
            <length>0.85</length>
            <lengthsegments>1</lengthsegments>
            <width>0.85</width>
            <widthsegments>1</widthsegments>
          </max_box>
        </technique>
      </extra>
    </geometry>
  </library_geometries>
  <library_lights>
    <light id="EnvironmentAmbientLight" name="EnvironmentAmbientLight">
      <technique_common>
        <ambient>
          <color>0 0 0</color>
        </ambient>
      </technique_common>
    </light>
  </library_lights>
  <library_visual_scenes>
    <visual_scene id="MaxScene">
      <node name="EnvironmentAmbientLight">
        <instance_light url="#EnvironmentAmbientLight"/>
      </node>
      <node id="node-Bip01" name="Bip01">
        <matrix sid="matrix">0.7792375 -0.6267175 0.003750234 -8.10623e-5 0.626718 0.7792453 0.001183393 0.009366653 -0.003664005 0.001428194 0.9999923 0.8541834 0 0 0 1</matrix>
        <node id="node-Bip01_Pelvis" name="Bip01_Pelvis">
          <matrix sid="matrix">-0.009626728 0.991236 0.1317526 0 -0.1217413 -0.1319404 0.9837535 0 0.9925151 -0.0065694 0.1219445 0 0 0 0 1</matrix>
          <node id="node-Bip01_Spine" name="Bip01_Spine">
            <matrix sid="matrix">0.9142388 -0.1596023 -0.3724171 0.1975122 0.1756539 0.9844077 0.009333367 0.02499345 0.3651206 -0.07394945 0.9280186 0.02780973 0 0 0 1</matrix>
            <node id="node-Bip01_Spine1" name="Bip01_Spine1">
              <matrix sid="matrix">0.9786782 0.06511253 -0.1948072 0.1022232 -0.06634992 0.9977965 1.73897e-4 -1.00806e-4 0.1943892 0.01275527 0.9808417 -1.3113e-6 0 0 0 1</matrix>
              <node id="node-Bip01_Spine2" name="Bip01_Spine2">
                <matrix>0.9369742 -0.3477308 -0.03409585 0.1269256 0.349036 0.9270917 0.1366548 -1.58787e-4 -0.01590914 -0.1399427 0.9900318 2.40505e-5 0 0 0 1</matrix>
                <node id="node-Bip01_Neck" name="Bip01_Neck">
                  <matrix>0.8407081 -0.4308256 0.3280237 0.2151072 0.413622 0.9019013 0.1244631 -4.97401e-5 -0.3494669 0.0310407 0.9364346 -1.72853e-6 0 0 0 1</matrix>
                  <node id="node-Bip01_Head" name="Bip01_Head">
                    <matrix sid="matrix">0.9638679 -0.05710912 -0.260187 0.07051814 -0.2276922 0.3303206 -0.9159938 -0.01395917 0.1382568 0.9421394 0.3053821 -1.49012e-8 0 0 0 1</matrix>
                    <node id="node-ALTEYE" name="ALTEYE">
                      <matrix sid="matrix">0.4522428 0.4115258 0.7912799 0.06454694 0.04689857 0.8749896 -0.4818653 0.2214611 -0.8906611 0.2550297 0.3764077 0.04716259 0 0 0 1</matrix>
                    </node>
                  </node>
                  <node id="node-Bip01_L_Clavicle" name="Bip01_L_Clavicle">
                    <matrix>-0.5778345 -0.4531803 0.6787746 -0.04690349 0.283809 -0.8913431 -0.3534966 -0.01204759 0.7652187 -0.0116202 0.6436655 0.05588408 0 0 0 1</matrix>
                    <node id="node-Bip01_L_UpperArm" name="Bip01_L_UpperArm">
                      <matrix sid="matrix">0.7778434 0.6023589 0.1792302 0.1824007 -0.4391572 0.3169665 0.8406388 0 0.4495564 -0.7325952 0.5110805 0 0 0 0 1</matrix>
                      <node id="node-Bip01_L_Forearm" name="Bip01_L_Forearm">
                        <matrix sid="matrix">0.6274314 0.7786717 1.49012e-8 0.284369 -0.7786719 0.6274315 2.98023e-8 -1.19209e-7 -1.04308e-7 -5.96046e-8 0.9999999 0 0 0 0 1</matrix>
                        <node id="node-Bip01_L_Hand" name="Bip01_L_Hand">
                          <matrix sid="matrix">0.9690493 0.09583575 -0.2275061 0.2810681 -0.001845926 -0.9187334 -0.3948741 5.96046e-8 -0.2468605 0.3830724 -0.890121 -5.96046e-8 0 0 0 1</matrix>
                          <node id="node-Bip01_L_Finger0" name="Bip01_L_Finger0">
                            <matrix>0.6413842 0.3141902 0.6999363 0.02119684 0.7352949 0.008702921 -0.6776913 -0.004734397 -0.2190156 0.9493201 -0.2254407 -0.02572197 0 0 0 1</matrix>
                            <node id="node-Bip01_L_Finger01" name="Bip01_L_Finger01">
                              <matrix>0.997564 -0.0697564 2.98023e-8 0.04982865 0.06975641 0.997564 5.3551e-8 2.98023e-8 0 2.23517e-8 1 -5.96046e-8 0 0 0 1</matrix>
                              <node id="node-Bip01_L_Finger02" name="Bip01_L_Finger02">
                                <matrix>0.9203137 0.3911815 2.98023e-8 0.05202234 -0.3911815 0.9203137 -7.45058e-9 2.98023e-8 -5.96046e-8 2.98023e-8 1 0 0 0 0 1</matrix>
                              </node>
                            </node>
                          </node>
                          <node id="node-Bip01_L_Finger1" name="Bip01_L_Finger1">
                            <matrix>0.9592717 -0.2819768 -0.016935 0.1199945 0.2798395 0.9567644 -0.07931917 -0.008367479 0.03856891 0.07134951 0.9967055 -0.04101384 0 0 0 1</matrix>
                            <node id="node-Bip01_L_Finger11" name="Bip01_L_Finger11">
                              <matrix>0.7001772 -0.7139691 1.49012e-8 0.0364418 0.7139691 0.7001773 2.98023e-8 0 0 -7.45058e-9 1 0 0 0 0 1</matrix>
                              <node id="node-Bip01_L_Finger12" name="Bip01_L_Finger12">
                                <matrix>0.8757257 -0.4828087 1.49012e-8 0.03117537 0.4828088 0.8757258 -4.09782e-8 -1.19209e-7 1.49012e-8 3.72529e-9 0.9999999 0 0 0 0 1</matrix>
                              </node>
                            </node>
                          </node>
                          <node id="node-Bip01_L_Finger2" name="Bip01_L_Finger2">
                            <matrix>0.6611331 -0.7495597 -0.03260916 0.1229539 0.7489769 0.6568218 0.08728343 -0.008801937 -0.04400572 -0.08212953 0.9956495 -0.01328248 0 0 0 1</matrix>
                            <node id="node-Bip01_L_Finger21" name="Bip01_L_Finger21">
                              <matrix>0.8156037 -0.5786111 -1.58325e-8 0.03895497 0.5786113 0.8156036 -3.1665e-8 -1.19209e-7 1.30385e-8 8.15489e-8 1 -5.96046e-8 0 0 0 1</matrix>
                              <node id="node-Bip01_L_Finger22" name="Bip01_L_Finger22">
                                <matrix>0.9762958 -0.2164396 2.79397e-9 0.03800547 0.2164396 0.9762959 -2.50293e-9 0 -1.30385e-8 -7.59028e-8 1 5.96046e-8 0 0 0 1</matrix>
                              </node>
                            </node>
                          </node>
                          <node id="node-Bip01_L_Finger3" name="Bip01_L_Finger3">
                            <matrix>0.4124629 -0.906479 -0.09038851 0.121188 0.9061533 0.3980611 0.1429456 -0.001191199 -0.09359708 -0.1408656 0.9855944 0.01196867 0 0 0 1</matrix>
                            <node id="node-Bip01_L_Finger31" name="Bip01_L_Finger31">
                              <matrix>0.9381478 -0.3462351 -3.72529e-9 0.03155851 0.3462351 0.9381478 5.07571e-8 2.98023e-8 0 -1.39698e-8 1 0 0 0 0 1</matrix>
                              <node id="node-Bip01_L_Finger32" name="Bip01_L_Finger32">
                                <matrix>0.9636303 -0.2672384 0 0.03366601 0.2672384 0.9636304 2.28174e-8 0 -1.86265e-8 4.65661e-9 1 1.19209e-7 0 0 0 1</matrix>
                              </node>
                            </node>
                          </node>
                          <node id="node-Bip01_L_Finger4" name="Bip01_L_Finger4">
                            <matrix>0.07120568 -0.9696806 0.2337719 0.1136796 0.9750154 0.1171045 0.1887628 0.005147517 -0.2104154 0.2144901 0.953792 0.03886575 0 0 0 1</matrix>
                            <node id="node-Bip01_L_Finger41" name="Bip01_L_Finger41">
                              <matrix>0.9790111 -0.2038068 0 0.03661609 0.2038069 0.979011 6.51926e-9 5.96046e-8 -1.49012e-8 -4.47035e-8 0.9999999 -4.47035e-8 0 0 0 1</matrix>
                              <node id="node-Bip01_L_Finger42" name="Bip01_L_Finger42">
                                <matrix>0.9645151 0.2640274 0 0.01772642 -0.2640274 0.9645153 2.6077e-8 0 -2.98023e-8 -3.25963e-8 1 0 0 0 0 1</matrix>
                              </node>
                            </node>
                          </node>
                        </node>
                      </node>
                    </node>
                  </node>
                  <node id="node-Bip01_R_Clavicle" name="Bip01_R_Clavicle">
                    <matrix>0.2073932 -0.1669672 -0.9639035 8.66771e-4 0.5679266 -0.781728 0.2576057 -0.01629031 -0.7965221 -0.600852 -0.06729992 -0.07212143 0 0 0 1</matrix>
                    <node id="node-Bip01_R_UpperArm" name="Bip01_R_UpperArm">
                      <matrix sid="matrix">0.3458015 0.9154646 -0.2057813 0.1824006 -0.8924096 0.3886318 0.2292829 0 0.2898734 0.1043549 0.9513587 -1.19209e-7 0 0 0 1</matrix>
                      <node id="node-Bip01_R_Forearm" name="Bip01_R_Forearm">
                        <matrix sid="matrix">0.02019624 0.9997962 -2.98023e-8 0.2843689 -0.999796 0.02019629 3.72529e-9 1.49012e-8 -3.72529e-8 -5.96046e-8 1 -1.19209e-7 0 0 0 1</matrix>
                        <node id="node-Bip01_R_Hand" name="Bip01_R_Hand">
                          <matrix sid="matrix">0.9376017 0.3402195 -0.07178781 0.281068 0.1694684 -0.6274033 -0.7600299 5.96046e-8 -0.3036169 0.7004398 -0.6459109 1.19209e-7 0 0 0 1</matrix>
                          <node id="node-Bip01_R_Finger0" name="Bip01_R_Finger0">
                            <matrix>0.5215105 0.269013 -0.8097275 0.02119678 0.7250716 0.3605264 0.5867639 -0.004734188 0.4497753 -0.8931139 -0.007035501 0.02572191 0 0 0 1</matrix>
                            <node id="node-Bip01_R_Finger01" name="Bip01_R_Finger01">
                              <matrix>0.6423535 -0.7636236 0.06527562 0.04982853 0.7605615 0.6456373 0.06854744 0 -0.09448878 0.00561451 0.99551 2.98023e-8 0 0 0 1</matrix>
                              <node id="node-Bip01_R_Finger02" name="Bip01_R_Finger02">
                                <matrix>0.9505157 -0.3106765 2.8871e-8 0.05202237 0.3106765 0.9505157 -1.30385e-8 0 1.11759e-8 3.1665e-8 0.9999999 0 0 0 0 1</matrix>
                              </node>
                            </node>
                          </node>
                          <node id="node-Bip01_R_Finger1" name="Bip01_R_Finger1">
                            <matrix>0.9820224 -0.1733427 -0.07472672 0.1199946 0.1795577 0.9799358 0.08651489 -0.008367538 0.05823063 -0.09837732 0.993444 0.04101372 0 0 0 1</matrix>
                            <node id="node-Bip01_R_Finger11" name="Bip01_R_Finger11">
                              <matrix>0.8240547 -0.5665103 0 0.03644174 0.5665103 0.8240547 7.45058e-9 0 -5.58794e-9 1.49012e-8 1 1.19209e-7 0 0 0 1</matrix>
                              <node id="node-Bip01_R_Finger12" name="Bip01_R_Finger12">
                                <matrix>0.8146399 -0.5796779 0.01831834 0.03117543 0.5799672 0.8142335 -0.02573051 0 0 0.03158512 0.9995011 0 0 0 0 1</matrix>
                              </node>
                            </node>
                          </node>
                          <node id="node-Bip01_R_Finger2" name="Bip01_R_Finger2">
                            <matrix>0.6754012 -0.7374504 -1.52118e-4 0.1229538 0.7368312 0.6748427 -0.04082684 -0.008801997 0.03021042 0.02746242 0.9991661 0.0132823 0 0 0 1</matrix>
                            <node id="node-Bip01_R_Finger21" name="Bip01_R_Finger21">
                              <matrix>0.5508358 -0.8338858 -0.0348487 0.03895521 0.8322219 0.551937 -0.05265061 2.98023e-8 0.0631389 -1.21072e-8 0.9980047 -1.19209e-7 0 0 0 1</matrix>
                              <node id="node-Bip01_R_Finger22" name="Bip01_R_Finger22">
                                <matrix>0.1984735 -0.9799247 0.01886613 0.03800538 0.9755274 0.1993681 0.09272987 0 -0.09462958 7.45058e-9 0.9955126 1.19209e-7 0 0 0 1</matrix>
                              </node>
                            </node>
                          </node>
                          <node id="node-Bip01_R_Finger3" name="Bip01_R_Finger3">
                            <matrix>0.7159052 -0.6949216 0.06755453 0.1211881 0.6883785 0.6863561 -0.234627 -0.001191229 0.1166809 0.2144738 0.9697352 -0.01196873 0 0 0 1</matrix>
                            <node id="node-Bip01_R_Finger31" name="Bip01_R_Finger31">
                              <matrix>0.4441952 -0.8949344 0.04222352 0.03155848 0.8909186 0.4461976 0.08468726 2.98023e-8 -0.0946296 2.8871e-8 0.9955126 0 0 0 0 1</matrix>
                              <node id="node-Bip01_R_Finger32" name="Bip01_R_Finger32">
                                <matrix>0.199368 -0.9794358 -0.03095105 0.03366593 0.9799247 0.1992686 0.006297079 -5.96046e-8 -2.23517e-8 -0.03158513 0.999501 0 0 0 0 1</matrix>
                              </node>
                            </node>
                          </node>
                          <node id="node-Bip01_R_Finger4" name="Bip01_R_Finger4">
                            <matrix>0.5925791 -0.7897949 -0.1583475 0.1136796 0.7783521 0.6120424 -0.1399001 0.005147457 0.2074078 -0.0403483 0.9774219 -0.0388658 0 0 0 1</matrix>
                            <node id="node-Bip01_R_Finger41" name="Bip01_R_Finger41">
                              <matrix>0.4202556 -0.9064696 0.04120623 0.03661624 0.906853 0.421151 0.01578781 0 -0.03166523 0.03073303 0.9990261 -1.19209e-7 0 0 0 1</matrix>
                              <node id="node-Bip01_R_Finger42" name="Bip01_R_Finger42">
                                <matrix>0.402447 -0.9138246 -0.05441484 0.0177263 0.9154231 0.4021218 0.01728317 0 0.006087616 -0.05676819 0.9983688 0 0 0 0 1</matrix>
                              </node>
                            </node>
                          </node>
                          <node id="node-MOUNT0" name="MOUNT0">
                            <matrix>-6.12941e-7 1 4.65661e-9 0.109539 -0.9999999 -6.60468e-7 4.75906e-7 0.0251826 4.77768e-7 2.79397e-9 0.9999999 0.01321661 0 0 0 1</matrix>
                          </node>
                        </node>
                      </node>
                    </node>
                  </node>
                </node>
                <node id="node-Bip01_L_Pauldron_Upper" name="Bip01_L_Pauldron_Upper">
                  <matrix>0.9726268 0.1182923 0.2000108 0.176903 0.1448455 -0.9816831 -0.1237684 -0.03908369 0.1817064 0.1493511 -0.971945 0.2290199 0 0 0 1</matrix>
                </node>
                <node id="node-Bip01_R_Pauldron_Lower" name="Bip01_R_Pauldron_Lower">
                  <matrix sid="matrix">-0.1156725 -0.9403759 -0.3198655 0.172906 0.9097749 -0.2295502 0.3458563 -0.1133294 -0.3986598 -0.2509996 0.8820828 -0.2351094 0 0 0 1</matrix>
                </node>
                <node id="node-Bip01_L_Pauldron_Lower" name="Bip01_L_Pauldron_Lower">
                  <matrix>-0.2099968 -0.7687202 0.6041284 0.1529202 0.4002343 -0.6313506 -0.6642359 -0.1054225 0.8920282 0.1023054 0.4402498 0.2344802 0 0 0 1</matrix>
                </node>
              </node>
            </node>
            <node id="node-Bip01_L_Thigh" name="Bip01_L_Thigh">
              <matrix sid="matrix">-0.9612805 0.2745542 0.02366245 -0.1485698 0.1898923 0.5977308 0.7788833 -4.51192e-4 0.1997019 0.7532186 -0.6267225 0.1658256 0 0 0 1</matrix>
              <node id="node-Bip01_L_Calf" name="Bip01_L_Calf">
                <matrix sid="matrix">0.735745 0.677259 0 0.4629988 -0.677259 0.7357449 -1.04774e-8 0 3.72529e-8 -9.31323e-9 1 0 0 0 0 1</matrix>
                <node id="node-Bip01_L_Foot" name="Bip01_L_Foot">
                  <matrix sid="matrix">0.7067708 -0.7035477 -0.07413398 0.3610501 0.7054395 0.6930093 0.1486385 0 -0.05319872 -0.1573504 0.986109 -1.49012e-8 0 0 0 1</matrix>
                  <node id="node-Bip01_L_Toe0" name="Bip01_L_Toe0">
                    <matrix sid="matrix">4.75673e-7 -1 1.38953e-6 0.1486307 1 4.76139e-7 2.21444e-8 0.1543275 -2.21044e-8 1.38953e-6 1 7.45058e-9 0 0 0 1</matrix>
                  </node>
                </node>
              </node>
            </node>
            <node id="node-Bip01_R_Thigh" name="Bip01_R_Thigh">
              <matrix sid="matrix">-0.3682518 0.9229521 -0.1120284 -0.2416655 0.7021201 0.3550597 0.6172196 0.01840353 0.6094407 0.1486347 -0.7787745 -0.07079414 0 0 0 1</matrix>
              <node id="node-Bip01_R_Calf" name="Bip01_R_Calf">
                <matrix sid="matrix">0.1240058 0.9922815 -7.45058e-9 0.4629987 -0.9922816 0.1240059 -2.23517e-8 0 7.45058e-8 4.00469e-8 1 -3.72529e-8 0 0 0 1</matrix>
                <node id="node-Bip01_R_Foot" name="Bip01_R_Foot">
                  <matrix sid="matrix">0.7570393 -0.6459119 0.09843531 0.3610501 0.6289722 0.7612383 0.1578304 -2.98023e-8 -0.1768773 -0.05757086 0.9825477 1.49012e-8 0 0 0 1</matrix>
                  <node id="node-Bip01_R_Toe0" name="Bip01_R_Toe0">
                    <matrix sid="matrix">-0.3051539 -0.9472734 0.09774533 0.1486307 0.9517195 -0.3069488 -0.003513966 0.1543275 0.03333151 0.09195383 0.9952053 -2.98023e-8 0 0 0 1</matrix>
                  </node>
                </node>
              </node>
            </node>
          </node>
          <node id="node-Bip01_FannyPack" name="Bip01_FannyPack">
            <matrix sid="matrix">-0.9629918 -0.2062316 0.1735378 0.2299507 -0.2083318 0.9780384 0.006227053 -0.1378937 -0.1710108 -0.03015685 -0.9848076 0.01013964 0 0 0 1</matrix>
          </node>
        </node>
        <node id="node-EYE" name="EYE">
          <matrix sid="matrix">0.7792379 0.626718 -0.003664043 0.05959663 -0.6267177 0.7792451 0.001428225 0.07227141 0.003750282 0.001183215 0.9999921 0.7162118 0 0 0 1</matrix>
          <node id="node-CAM" name="CAM">
            <matrix>1 -6.03104e-8 0 4.84288e-8 6.03104e-8 1 -2.32831e-9 -0.104 3.55271e-15 2.32831e-9 1 0.30056 0 0 0 1</matrix>
          </node>
        </node>
      </node>
      <node id="node-Bounds" name="Bounds">
        <matrix>0.9999915 0.001706907 0.003750479 0 -0.001711356 0.9999978 0.001183292 0.1035326 -0.003748452 -0.0011897 0.9999923 -8.93474e-5 0 0 0 1</matrix>
        <instance_geometry url="#geom-Bounds">
          <bind_material>
            <technique_common>
              <instance_material symbol="ShapeBounds" target="#ShapeBounds-material"/>
            </technique_common>
          </bind_material>
        </instance_geometry>
      </node>
    </visual_scene>
  </library_visual_scenes>
  <library_animations>
    <animation>
      <source id="node-Bip01_matrix-input">
        <float_array id="node-Bip01_matrix-input-array" count="20">5 5.033333 5.066667 5.1 5.133333 5.166667 5.2 5.233333 5.266667 5.3 5.333333 5.366667 5.4 5.433333 5.466667 5.5 5.533333 5.566667 5.6 5.633333</float_array>
        <technique_common>
          <accessor source="#node-Bip01_matrix-input-array" count="20" stride="1">
            <param name="TIME" type="float"/>
          </accessor>
        </technique_common>
      </source>
      <source id="node-Bip01_matrix-output">
        <float_array id="node-Bip01_matrix-output-array" count="320">0.7792375 -0.6267175 0.003750205 -8.10623e-5 0.626718 0.7792453 0.00118339 0.009366631 -0.003663957 0.001428186 0.9999923 0.8541834 0 0 0 1 0.7792375 -0.6267175 0.003750205 -6.83108e-5 0.626718 0.7792453 0.00118339 0.009366631 -0.003663957 0.001428186 0.9999923 0.8604552 0 0 0 1 0.7792375 -0.6267175 0.003750205 -4.0531e-5 0.626718 0.7792453 0.00118339 0.009366631 -0.003663957 0.001428186 0.9999923 0.8648363 0 0 0 1 0.7792375 -0.6267175 0.003750205 -1.2751e-5 0.626718 0.7792453 0.00118339 0.009366631 -0.003663957 0.001428186 0.9999923 0.8665093 0 0 0 1 0.7792375 -0.6267175 0.003750205 0 0.626718 0.7792453 0.00118339 0.009366631 -0.003663957 0.001428186 0.9999923 0.8645753 0 0 0 1 0.7792375 -0.6267175 0.003750205 0 0.626718 0.7792453 0.00118339 0.009366631 -0.003663957 0.001428186 0.9999923 0.8503889 0 0 0 1 0.7792375 -0.6267175 0.003750205 0 0.626718 0.7792453 0.00118339 0.009366631 -0.003663957 0.001428186 0.9999923 0.8277881 0 0 0 1 0.7792375 -0.6267175 0.003750205 0 0.626718 0.7792453 0.00118339 0.009366631 -0.003663957 0.001428186 0.9999923 0.8158713 0 0 0 1 0.7792375 -0.6267175 0.003750205 0 0.626718 0.7792453 0.00118339 0.009366631 -0.003663957 0.001428186 0.9999923 0.8188524 0 0 0 1 0.7792375 -0.6267175 0.003750205 0 0.626718 0.7792453 0.00118339 0.009366631 -0.003663957 0.001428186 0.9999923 0.8262196 0 0 0 1 0.7792375 -0.6267175 0.003750205 0 0.626718 0.7792453 0.00118339 0.009366631 -0.003663957 0.001428186 0.9999923 0.8358076 0 0 0 1 0.7792375 -0.6267175 0.003750205 0 0.626718 0.7792453 0.00118339 0.009366631 -0.003663957 0.001428186 0.9999923 0.8458128 0 0 0 1 0.7792375 -0.6267175 0.003750205 0 0.626718 0.7792453 0.00118339 0.009366631 -0.003663957 0.001428186 0.9999923 0.8556377 0 0 0 1 0.7792375 -0.6267175 0.003750205 0 0.626718 0.7792453 0.00118339 0.009366631 -0.003663957 0.001428186 0.9999923 0.8649905 0 0 0 1 0.7792375 -0.6267175 0.003750205 0 0.626718 0.7792453 0.00118339 0.009366631 -0.003663957 0.001428186 0.9999923 0.8562424 0 0 0 1 0.7792375 -0.6267175 0.003750205 0 0.626718 0.7792453 0.00118339 0.009366631 -0.003663957 0.001428186 0.9999923 0.8308835 0 0 0 1 0.7792375 -0.6267175 0.003750205 0 0.626718 0.7792453 0.00118339 0.009366631 -0.003663957 0.001428186 0.9999923 0.8162076 0 0 0 1 0.7792375 -0.6267175 0.003750205 -1.27515e-5 0.626718 0.7792453 0.00118339 0.009366631 -0.003663957 0.001428186 0.9999923 0.8193174 0 0 0 1 0.7792375 -0.6267175 0.003750205 -4.05313e-5 0.626718 0.7792453 0.00118339 0.009366631 -0.003663957 0.001428186 0.9999923 0.8276056 0 0 0 1 0.7792375 -0.6267175 0.003750205 -6.83113e-5 0.626718 0.7792453 0.00118339 0.009366631 -0.003663957 0.001428186 0.9999923 0.8396605 0 0 0 1</float_array>
        <technique_common>
          <accessor source="#node-Bip01_matrix-output-array" count="20" stride="16">
            <param name="TRANSFORM" type="float4x4"/>
          </accessor>
        </technique_common>
      </source>
      <source id="node-Bip01_matrix-interpolation">
        <Name_array id="node-Bip01_matrix-interpolation-array" count="20">LINEAR LINEAR LINEAR LINEAR LINEAR LINEAR LINEAR LINEAR LINEAR LINEAR LINEAR LINEAR LINEAR LINEAR LINEAR LINEAR LINEAR LINEAR LINEAR LINEAR</Name_array>
        <technique_common>
          <accessor source="#node-Bip01_matrix-interpolation-array" count="20" stride="1">
            <param name="INTERPOLATION" type="name"/>
          </accessor>
        </technique_common>
      </source>
      <source id="node-Bip01_Pelvis_matrix-input">
        <float_array id="node-Bip01_Pelvis_matrix-input-array" count="20">5 5.033333 5.066667 5.1 5.133333 5.166667 5.2 5.233333 5.266667 5.3 5.333333 5.366667 5.4 5.433333 5.466667 5.5 5.533333 5.566667 5.6 5.633333</float_array>
        <technique_common>
          <accessor source="#node-Bip01_Pelvis_matrix-input-array" count="20" stride="1">
            <param name="TIME" type="float"/>
          </accessor>
        </technique_common>
      </source>
      <source id="node-Bip01_Pelvis_matrix-output">
        <float_array id="node-Bip01_Pelvis_matrix-output-array" count="320">-0.009626686 0.991236 0.1317526 0 -0.1217413 -0.1319403 0.9837535 0 0.9925152 -0.006569385 0.1219445 0 0 0 0 1 3.3692e-4 0.993488 0.1139364 0 -0.08625018 -0.113483 0.9897891 0 0.9962734 -0.0101605 0.08565026 0 0 0 0 1 0.01557433 0.9966858 0.07984274 0 -0.01887136 -0.07954525 0.9966526 0 0.9997006 -0.01702892 0.01756995 0 0 0 0 1 0.02575212 0.9989731 0.03727841 0 0.052895 -0.03860026 0.9978538 0 0.9982679 -0.02372503 -0.05383473 0 0 0 0 1 0.02655941 0.9996404 -0.003710746 0 0.1011759 0.001004815 0.994868 0 0.9945139 -0.02679854 -0.1011128 0 0 0 0 1 0.01961016 0.9992695 -0.03280454 0 0.09777808 0.0307368 0.9947335 0 0.9950151 -0.02271443 -0.09710389 0 0 0 0 1 0.002594053 0.9969927 -0.07745265 0 -0.003658533 0.07746189 0.9969886 0 0.9999899 -0.002302885 0.003848493 0 0 0 0 1 -0.005906403 0.9940372 -0.1088817 0 -0.09394544 0.1078504 0.9897184 0 0.9955598 0.01607465 0.09274828 0 0 0 0 1 -0.01098757 0.9988862 -0.04588824 0 -0.06137639 0.04513078 0.9970939 0 0.9980542 0.01377213 0.06081211 0 0 0 0 1 -0.001704335 0.9979964 0.06324779 0 0.02237069 -0.06319397 0.9977505 0 0.9997483 0.003115415 -0.02221816 0 0 0 0 1 0.0176382 0.991236 0.1309209 0 0.08289796 -0.1319403 0.9877853 0 0.9964018 -0.006569683 -0.08449864 0 0 0 0 1 0.03198403 0.9883255 0.1489623 0 0.08951538 -0.1512721 0.9844307 0 0.9954718 -0.01815164 -0.09330862 0 0 0 0 1 0.04792416 0.9854957 0.1627933 0 0.06937026 -0.1658709 0.9837046 0 0.9964391 -0.03585016 -0.07631331 0 0 0 0 1 0.05963724 0.9838027 0.1690437 0 0.03499567 -0.1713016 0.984597 0 0.9976064 -0.05280286 -0.04464477 0 0 0 0 1 0.06289762 0.9846534 0.1627936 0 -0.001739442 -0.1630082 0.9866232 0 0.9980184 -0.06233942 -0.008540034 0 0 0 0 1 0.05400121 0.9890418 0.1374058 0 -0.02888631 -0.1360018 0.9902874 0 0.9981229 -0.05744588 0.02122551 0 0 0 0 1 0.01844632 0.99848 0.05193561 0 -0.07381546 -0.05044275 0.9959955 0 0.9971012 -0.02220612 0.0727728 0 0 0 0 1 -0.008875668 0.9996628 -0.02440351 0 -0.1161357 0.02320885 0.9929622 0 0.9931937 0.01164728 0.1158905 0 0 0 0 1 -0.01313292 0.9999019 0.004865825 0 -0.1235544 -0.006451785 0.9923169 0 0.9922509 0.01243084 0.123627 0 0 0 0 1 -0.0115239 0.9968552 0.07840341 0 -0.1232314 -0.07922661 0.9892104 0 0.992311 0.001737773 0.1237569 0 0 0 0 1</float_array>
        <technique_common>
          <accessor source="#node-Bip01_Pelvis_matrix-output-array" count="20" stride="16">
            <param name="TRANSFORM" type="float4x4"/>
          </accessor>
        </technique_common>
      </source>
      <source id="node-Bip01_Pelvis_matrix-interpolation">
        <Name_array id="node-Bip01_Pelvis_matrix-interpolation-array" count="20">LINEAR LINEAR LINEAR LINEAR LINEAR LINEAR LINEAR LINEAR LINEAR LINEAR LINEAR LINEAR LINEAR LINEAR LINEAR LINEAR LINEAR LINEAR LINEAR LINEAR</Name_array>
        <technique_common>
          <accessor source="#node-Bip01_Pelvis_matrix-interpolation-array" count="20" stride="1">
            <param name="INTERPOLATION" type="name"/>
          </accessor>
        </technique_common>
      </source>
      <source id="node-Bip01_Spine_matrix-input">
        <float_array id="node-Bip01_Spine_matrix-input-array" count="20">5 5.033333 5.066667 5.1 5.133333 5.166667 5.2 5.233333 5.266667 5.3 5.333333 5.366667 5.4 5.433333 5.466667 5.5 5.533333 5.566667 5.6 5.633333</float_array>
        <technique_common>
          <accessor source="#node-Bip01_Spine_matrix-input-array" count="20" stride="1">
            <param name="TIME" type="float"/>
          </accessor>
        </technique_common>
      </source>
      <source id="node-Bip01_Spine_matrix-output">
        <float_array id="node-Bip01_Spine_matrix-output-array" count="320">0.9142388 -0.1596022 -0.3724171 0.1975122 0.1756539 0.9844077 0.009333312 0.02499341 0.3651207 -0.07394945 0.9280186 0.02780967 0 0 0 1 0.9279139 -0.1571173 -0.3380683 0.198526 0.1768679 0.9838299 0.02822345 0.02433788 0.3281674 -0.08598226 0.9406983 0.020105 0 0 0 1 0.949565 -0.1553137 -0.272404 0.1996144 0.1786463 0.9819009 0.06289756 0.02305465 0.2577049 -0.1083893 0.960125 0.005634605 0 0 0 1 0.966502 -0.1583645 -0.2019774 0.1996001 0.1819688 0.9777773 0.1041105 0.02178168 0.1810016 -0.1373767 0.9738411 -0.009723067 0 0 0 1 0.9739543 -0.1657757 -0.1546982 0.1988742 0.1880888 0.9717018 0.1428933 0.02118754 0.1266323 -0.1682684 0.9775736 -0.02023154 0 0 0 1 0.972184 -0.1719643 -0.1590175 0.1987894 0.1985738 0.9651855 0.1702503 0.02199196 0.1242045 -0.1970914 0.9724856 -0.02020472 0 0 0 1 0.9504885 -0.1707104 -0.2596725 0.1993278 0.2279942 0.9508733 0.2094248 0.02599942 0.2111646 -0.2582597 0.942715 -0.001273691 0 0 0 1 0.9241735 -0.1616243 -0.3460934 0.1982182 0.2516649 0.9392506 0.2333945 0.02958339 0.2873463 -0.3027967 0.9087059 0.0156064 0 0 0 1 0.9327796 -0.1729411 -0.3162497 0.1985807 0.2364168 0.9558331 0.1746146 0.02925235 0.2720839 -0.2376436 0.9324678 0.01091456 0 0 0 1 0.9551904 -0.1795961 -0.23528 0.1991659 0.2017529 0.9766707 0.07355582 0.02710366 0.2165807 -0.1177284 0.9691404 -0.002733945 0 0 0 1 0.9697382 -0.1713874 -0.1738807 0.1990134 0.1756536 0.9844077 0.009333491 0.02499336 0.1695699 -0.03959375 0.9847226 -0.01334834 0 0 0 1 0.9734023 -0.1585573 -0.1653707 0.1992087 0.1596767 0.9871475 -0.006590187 0.02260798 0.1642902 -0.01999098 0.9862096 -0.01462513 0 0 0 1 0.9731972 -0.1396117 -0.1827451 0.1998242 0.138965 0.9901615 -0.01640409 0.01900607 0.1832374 -0.009430766 0.9830234 -0.01087158 0 0 0 1 0.9690824 -0.1221839 -0.2143602 0.2003672 0.1212654 0.9924661 -0.01748144 0.01558303 0.2148813 -0.009053528 0.9765981 -0.004395365 0 0 0 1 0.9619151 -0.112371 -0.2491827 0.2005354 0.1142435 0.9934282 -0.006982982 0.01370549 0.2483299 -0.02175045 0.9684314 0.002632975 0 0 0 1 0.9540156 -0.1160238 -0.2763924 0.2003195 0.1259013 0.9918758 0.01820105 0.01479744 0.2720352 -0.05216217 0.9608724 0.007890462 0 0 0 1 0.9353602 -0.142017 -0.3239334 0.1991719 0.1806466 0.9792058 0.0923205 0.02207106 0.3040863 -0.1448704 0.9415649 0.01589375 0 0 0 1 0.9163039 -0.1600205 -0.3671248 0.1976674 0.2296361 0.9609701 0.1542841 0.02884924 0.3281073 -0.2256764 0.9172872 0.02245956 0 0 0 1 0.9128318 -0.1626167 -0.3745582 0.1973666 0.2237671 0.9664992 0.1257288 0.02901124 0.3415645 -0.198583 0.9186394 0.02477788 0 0 0 1 0.9133051 -0.1611294 -0.3740472 0.1974213 0.1965968 0.9787431 0.05841106 0.0267986 0.3566843 -0.1268836 0.9255685 0.02675521 0 0 0 1</float_array>
        <technique_common>
          <accessor source="#node-Bip01_Spine_matrix-output-array" count="20" stride="16">
            <param name="TRANSFORM" type="float4x4"/>
          </accessor>
        </technique_common>
      </source>
      <source id="node-Bip01_Spine_matrix-interpolation">
        <Name_array id="node-Bip01_Spine_matrix-interpolation-array" count="20">LINEAR LINEAR LINEAR LINEAR LINEAR LINEAR LINEAR LINEAR LINEAR LINEAR LINEAR LINEAR LINEAR LINEAR LINEAR LINEAR LINEAR LINEAR LINEAR LINEAR</Name_array>
        <technique_common>
          <accessor source="#node-Bip01_Spine_matrix-interpolation-array" count="20" stride="1">
            <param name="INTERPOLATION" type="name"/>
          </accessor>
        </technique_common>
      </source>
      <source id="node-Bip01_Spine1_matrix-input">
        <float_array id="node-Bip01_Spine1_matrix-input-array" count="20">5 5.033333 5.066667 5.1 5.133333 5.166667 5.2 5.233333 5.266667 5.3 5.333333 5.366667 5.4 5.433333 5.466667 5.5 5.533333 5.566667 5.6 5.633333</float_array>
        <technique_common>
          <accessor source="#node-Bip01_Spine1_matrix-input-array" count="20" stride="1">
            <param name="TIME" type="float"/>
          </accessor>
        </technique_common>
      </source>
      <source id="node-Bip01_Spine1_matrix-output">
        <float_array id="node-Bip01_Spine1_matrix-output-array" count="320">0.9786782 0.06511253 -0.1948072 0.1022231 -0.06634992 0.9977965 1.73897e-4 -1.00806e-4 0.1943892 0.01275521 0.9808417 -1.3113e-6 0 0 0 1 0.9810956 0.05307686 -0.1861043 0.1022242 -0.0522052 0.9985906 0.009584486 -1.00866e-4 0.1863507 3.12306e-4 0.9824833 0 0 0 0 1 0.9830988 0.04116827 -0.1783884 0.1022254 -0.03850835 0.9990898 0.01834923 -1.00911e-4 0.1789814 -0.01116967 0.9837892 1.13249e-6 0 0 0 1 0.9846916 0.02983391 -0.1717342 0.1022267 -0.02568852 0.9993239 0.02631062 -1.00955e-4 0.1724029 -0.02149617 0.9847921 2.14577e-6 0 0 0 1 0.9858993 0.01951342 -0.1661987 0.1022279 -0.01416701 0.9993454 0.03329384 -1.0097e-4 0.1667396 -0.03046977 0.9855302 3.03984e-6 0 0 0 1 0.9867616 0.01064664 -0.1618289 0.1022287 -0.004366993 0.9992255 0.03911024 -1.00955e-4 0.1621199 -0.03788566 0.9860436 3.8147e-6 0 0 0 1 0.9873249 0.003681182 -0.1586701 0.1022294 0.003275513 0.9990456 0.04356068 -1.0094e-4 0.158679 -0.04352819 0.9863705 4.38094e-6 0 0 0 1 0.9876338 -9.1806e-4 -0.1567774 0.1022298 0.008300244 0.9988867 0.04643946 -1.00911e-4 0.1565602 -0.04716646 0.9865416 4.72367e-6 0 0 0 1 0.9877173 -0.002658843 -0.1562295 0.1022301 0.01020789 0.9988175 0.0475381 -1.00896e-4 0.1559184 -0.04854893 0.9865763 4.90248e-6 0 0 0 1 0.987487 -4.21479e-4 -0.1577019 0.1022298 0.007630109 0.9989532 0.04510813 -1.00911e-4 0.1575179 -0.04574692 0.986456 4.58956e-6 0 0 0 1 0.9868727 0.005766093 -0.1613975 0.1022292 4.51326e-4 0.9992602 0.03845936 -1.0097e-4 0.1614999 -0.03802728 0.9861399 3.8147e-6 0 0 0 1 0.9858859 0.01474487 -0.1667692 0.1022282 -0.01005291 0.9995306 0.02894401 -1.00955e-4 0.1671176 -0.02685886 0.9855712 2.71201e-6 0 0 0 1 0.9845475 0.02539217 -0.1732684 0.1022273 -0.02263706 0.9995843 0.0178585 -1.0097e-4 0.1736497 -0.01366031 0.9847128 1.3411e-6 0 0 0 1 0.9829337 0.03660398 -0.1802829 0.1022261 -0.03603547 0.99933 0.006428956 -1.0097e-4 0.1803974 1.77272e-4 0.9835938 0 0 0 0 1 0.9812017 0.0472843 -0.1871039 0.102225 -0.04893189 0.9987934 -0.004194378 -1.00896e-4 0.1866797 0.01327097 0.9823313 -1.3411e-6 0 0 0 1 0.9795963 0.05633533 -0.1929193 0.102224 -0.05994629 0.9981181 -0.01292699 -1.00821e-4 0.1918279 0.02422803 0.9811295 -2.44379e-6 0 0 0 1 0.9784345 0.06264507 -0.19683 0.1022233 -0.06763356 0.9975349 -0.0187183 -1.00762e-4 0.1951721 0.03162693 0.9802591 -3.18885e-6 0 0 0 1 0.9780625 0.06506687 -0.1978899 0.102223 -0.0704934 0.9973019 -0.02049452 -1.00732e-4 0.1960223 0.03399491 0.9800101 -3.39746e-6 0 0 0 1 0.9777052 0.06703341 -0.1989961 0.102223 -0.07170975 0.9972912 -0.01637792 -1.00777e-4 0.1973592 0.03028285 0.9798635 -3.06964e-6 0 0 0 1 0.9774023 0.06894397 -0.1998299 0.1022229 -0.07201379 0.9973706 -0.008125364 -1.00762e-4 0.1987441 0.02233225 0.979797 -2.29478e-6 0 0 0 1</float_array>
        <technique_common>
          <accessor source="#node-Bip01_Spine1_matrix-output-array" count="20" stride="16">
            <param name="TRANSFORM" type="float4x4"/>
          </accessor>
        </technique_common>
      </source>
      <source id="node-Bip01_Spine1_matrix-interpolation">
        <Name_array id="node-Bip01_Spine1_matrix-interpolation-array" count="20">LINEAR LINEAR LINEAR LINEAR LINEAR LINEAR LINEAR LINEAR LINEAR LINEAR LINEAR LINEAR LINEAR LINEAR LINEAR LINEAR LINEAR LINEAR LINEAR LINEAR</Name_array>
        <technique_common>
          <accessor source="#node-Bip01_Spine1_matrix-interpolation-array" count="20" stride="1">
            <param name="INTERPOLATION" type="name"/>
          </accessor>
        </technique_common>
      </source>
      <source id="node-Bip01_Head_matrix-input">
        <float_array id="node-Bip01_Head_matrix-input-array" count="20">5 5.033333 5.066667 5.1 5.133333 5.166667 5.2 5.233333 5.266667 5.3 5.333333 5.366667 5.4 5.433333 5.466667 5.5 5.533333 5.566667 5.6 5.633333</float_array>
        <technique_common>
          <accessor source="#node-Bip01_Head_matrix-input-array" count="20" stride="1">
            <param name="TIME" type="float"/>
          </accessor>
