<?xml version="1.0" encoding="utf-8"?>
<COLLADA xmlns="http://www.collada.org/2005/11/COLLADASchema" version="1.4.1">
  <asset>
    <contributor>
      <author>MattO</author>
      <authoring_tool>OpenCOLLADA for 3ds Max;  Version: 1.3.0;  Revision: 839M;  Platform: x64;  Configuration: Release_Max2012</authoring_tool>
      <source_data>file:///C:/Dropbox/Prj/GGStout/Lurker/SoldierTP_Lurker_Animation_Master.max</source_data>
    </contributor>
    <created>2011-09-29T23:38:24</created>
    <modified>2011-09-29T23:38:24</modified>
    <unit name="meter" meter="1"/>
    <up_axis>Z_UP</up_axis>
  </asset>
  <library_effects>
    <effect id="ShapeBounds">
      <profile_COMMON>
        <technique sid="common">
          <blinn>
            <emission>
              <color>0 0 0 1</color>
            </emission>
            <ambient>
              <color>0.1647059 1 0 1</color>
            </ambient>
            <diffuse>
              <color>0.1647059 1 0 1</color>
            </diffuse>
            <specular>
              <color>0.9 0.9 0.9 1</color>
            </specular>
            <shininess>
              <float>10</float>
            </shininess>
            <reflective>
              <color>0 0 0 1</color>
            </reflective>
            <transparent opaque="A_ONE">
              <color>1 1 1 1</color>
            </transparent>
            <transparency>
              <float>1</float>
            </transparency>
          </blinn>
        </technique>
      </profile_COMMON>
      <extra>
        <technique profile="OpenCOLLADA3dsMax">
          <extended_shader>
            <apply_reflection_dimming>0</apply_reflection_dimming>
            <dim_level>0</dim_level>
            <falloff_type>0</falloff_type>
            <index_of_refraction>1.5</index_of_refraction>
            <opacity_type>0</opacity_type>
            <reflection_level>3</reflection_level>
            <wire_size>1</wire_size>
            <wire_units>0</wire_units>
          </extended_shader>
          <shader>
            <ambient_diffuse_lock>1</ambient_diffuse_lock>
            <ambient_diffuse_texture_lock>1</ambient_diffuse_texture_lock>
            <diffuse_specular_lock>0</diffuse_specular_lock>
            <soften>0.1</soften>
            <use_self_illum_color>0</use_self_illum_color>
          </shader>
        </technique>
      </extra>
    </effect>
  </library_effects>
  <library_materials>
    <material id="ShapeBounds-material" name="ShapeBounds">
      <instance_effect url="#ShapeBounds"/>
    </material>
  </library_materials>
  <library_geometries>
    <geometry id="geom-Bounds" name="Bounds">
      <mesh>
        <source id="geom-Bounds-positions">
          <float_array id="geom-Bounds-positions-array" count="24">-0.425 -0.425 0 0.425 -0.425 0 -0.425 0.425 0 0.425 0.425 0 -0.425 -0.425 1.84 0.425 -0.425 1.84 -0.425 0.425 1.84 0.425 0.425 1.84</float_array>
          <technique_common>
            <accessor source="#geom-Bounds-positions-array" count="8" stride="3">
              <param name="X" type="float"/>
              <param name="Y" type="float"/>
              <param name="Z" type="float"/>
            </accessor>
          </technique_common>
        </source>
        <source id="geom-Bounds-normals">
          <float_array id="geom-Bounds-normals-array" count="72">0 0 -1 0 0 -1 0 0 -1 0 0 -1 0 0 1 0 0 1 0 0 1 0 0 1 0 -1 0 0 -1 0 0 -1 0 0 -1 0 1 0 0 1 0 0 1 0 0 1 0 0 0 1 0 0 1 0 0 1 0 0 1 0 -1 0 0 -1 0 0 -1 0 0 -1 0 0</float_array>
          <technique_common>
            <accessor source="#geom-Bounds-normals-array" count="24" stride="3">
              <param name="X" type="float"/>
              <param name="Y" type="float"/>
              <param name="Z" type="float"/>
            </accessor>
          </technique_common>
        </source>
        <source id="geom-Bounds-map1">
          <float_array id="geom-Bounds-map1-array" count="36">0 0 0 1 0 0 0 1 0 1 1 0 0 0 0 1 0 0 0 1 0 1 1 0 0 0 0 1 0 0 0 1 0 1 1 0</float_array>
          <technique_common>
            <accessor source="#geom-Bounds-map1-array" count="12" stride="3">
              <param name="S" type="float"/>
              <param name="T" type="float"/>
              <param name="P" type="float"/>
            </accessor>
          </technique_common>
        </source>
        <vertices id="geom-Bounds-vertices">
          <input semantic="POSITION" source="#geom-Bounds-positions"/>
        </vertices>
        <triangles material="ShapeBounds" count="12">
          <input semantic="VERTEX" source="#geom-Bounds-vertices" offset="0"/>
          <input semantic="NORMAL" source="#geom-Bounds-normals" offset="1"/>
          <input semantic="TEXCOORD" source="#geom-Bounds-map1" offset="2" set="0"/>
          <p>0 0 9 2 1 11 3 2 10 3 2 10 1 3 8 0 0 9 4 4 8 5 5 9 7 6 11 7 6 11 6 7 10 4 4 8 0 8 4 1 9 5 5 10 7 5 10 7 4 11 6 0 8 4 1 12 0 3 13 1 7 14 3 7 14 3 5 15 2 1 12 0 3 16 4 2 17 5 6 18 7 6 18 7 7 19 6 3 16 4 2 20 0 0 21 1 4 22 3 4 22 3 6 23 2 2 20 0</p>
        </triangles>
      </mesh>
      <extra>
        <technique profile="OpenCOLLADA3dsMax">
          <max_box>
            <generateuvs>1</generateuvs>
            <height>1.84</height>
            <heightsegments>1</heightsegments>
            <length>0.85</length>
            <lengthsegments>1</lengthsegments>
            <width>0.85</width>
            <widthsegments>1</widthsegments>
          </max_box>
        </technique>
      </extra>
    </geometry>
  </library_geometries>
  <library_lights>
    <light id="EnvironmentAmbientLight" name="EnvironmentAmbientLight">
      <technique_common>
        <ambient>
          <color>0 0 0</color>
        </ambient>
      </technique_common>
    </light>
  </library_lights>
  <library_visual_scenes>
    <visual_scene id="MaxScene">
      <node name="EnvironmentAmbientLight">
        <instance_light url="#EnvironmentAmbientLight"/>
      </node>
      <node id="node-Bip01" name="Bip01">
        <matrix>0.7792375 -0.6267175 0.003750234 -8.10623e-5 0.626718 0.7792453 0.001183393 0.009366653 -0.003664005 0.001428194 0.9999923 0.7990584 0 0 0 1</matrix>
        <node id="node-Bip01_Pelvis" name="Bip01_Pelvis">
          <matrix sid="matrix">-0.009626728 0.991236 0.1317526 0 -0.1217413 -0.1319404 0.9837535 0 0.9925151 -0.0065694 0.1219445 0 0 0 0 1</matrix>
          <node id="node-Bip01_Spine" name="Bip01_Spine">
            <matrix sid="matrix">0.999499 0.03113756 0.005690239 0.1974968 -0.03126512 0.9992253 0.02390386 0.02499225 -0.004941538 -0.02406974 0.9996981 0.02780567 0 0 0 1</matrix>
            <node id="node-Bip01_Spine1" name="Bip01_Spine1">
              <matrix sid="matrix">0.979529 0.1313833 0.1525168 0.1022164 -0.1391307 0.9894149 0.04124083 -9.99458e-5 -0.145484 -0.06161634 0.9874401 6.21378e-6 0 0 0 1</matrix>
              <node id="node-Bip01_Spine2" name="Bip01_Spine2">
                <matrix sid="matrix">0.9539156 -0.0187569 0.2994885 0.1268693 -0.02263173 0.9907046 0.1341332 -1.69665e-4 -0.2992206 -0.1347296 0.9446241 2.30968e-5 0 0 0 1</matrix>
                <node id="node-Bip01_Neck" name="Bip01_Neck">
                  <matrix>0.840708 -0.4308254 0.3280236 0.215107 0.413622 0.9019013 0.1244631 -4.96954e-5 -0.3494668 0.03104064 0.9364344 -1.66893e-6 0 0 0 1</matrix>
                  <node id="node-Bip01_Head" name="Bip01_Head">
                    <matrix sid="matrix">0.654734 -0.4381051 -0.615944 0.07051814 0.04800139 0.8373477 -0.5445594 -0.01395914 0.7543336 0.3269753 0.5692697 -1.19209e-7 0 0 0 1</matrix>
                    <node id="node-ALTEYE" name="ALTEYE">
                      <matrix sid="matrix">0.3293718 0.05677255 0.9424925 0.06454682 0.3690135 0.9110618 -0.1838378 0.2214612 -0.8691052 0.408343 0.2791281 0.04716256 0 0 0 1</matrix>
                    </node>
                  </node>
                  <node id="node-Bip01_L_Clavicle" name="Bip01_L_Clavicle">
                    <matrix sid="matrix">-0.120912 -0.4773678 0.8703449 -0.04690331 0.145229 -0.8758503 -0.4602117 -0.01204771 0.9819821 0.07075423 0.1752286 0.055884 0 0 0 1</matrix>
                    <node id="node-Bip01_L_UpperArm" name="Bip01_L_UpperArm">
                      <matrix sid="matrix">0.9546829 -0.01846871 0.2970516 0.1824005 -0.2741033 0.3343291 0.9017161 0 -0.1159664 -0.9422754 0.3141159 -1.19209e-7 0 0 0 1</matrix>
                      <node id="node-Bip01_L_Forearm" name="Bip01_L_Forearm">
                        <matrix sid="matrix">0.6133906 0.7897795 0 0.2843689 -0.7897797 0.6133907 -2.98023e-8 1.19209e-7 1.78814e-7 5.4948e-8 1 -5.96046e-8 0 0 0 1</matrix>
                        <node id="node-Bip01_L_Hand" name="Bip01_L_Hand">
                          <matrix sid="matrix">0.9263884 -0.1762467 -0.3327783 0.2810681 -0.2620358 -0.9363764 -0.2335299 0 -0.270447 0.3035393 -0.9136313 0 0 0 0 1</matrix>
                          <node id="node-Bip01_L_Finger0" name="Bip01_L_Finger0">
                            <matrix>0.6413841 0.3141903 0.6999362 0.02119696 0.735295 0.0087029 -0.6776915 -0.004734248 -0.2190155 0.9493201 -0.2254407 -0.02572203 0 0 0 1</matrix>
                            <node id="node-Bip01_L_Finger01" name="Bip01_L_Finger01">
                              <matrix>0.997564 -0.06975642 -2.98023e-8 0.04982853 0.06975645 0.9975641 0 0 5.96046e-8 0 1 0 0 0 0 1</matrix>
                              <node id="node-Bip01_L_Finger02" name="Bip01_L_Finger02">
                                <matrix>0.9203137 0.3911815 0 0.05202228 -0.3911815 0.9203136 0 1.19209e-7 2.98023e-8 -4.47035e-8 1 -2.38419e-7 0 0 0 1</matrix>
                              </node>
                            </node>
                          </node>
                          <node id="node-Bip01_L_Finger1" name="Bip01_L_Finger1">
                            <matrix>0.9592716 -0.2819768 -0.01693499 0.1199946 0.2798396 0.9567646 -0.07931919 -0.008367568 0.03856888 0.07134953 0.9967054 -0.04101384 0 0 0 1</matrix>
                            <node id="node-Bip01_L_Finger11" name="Bip01_L_Finger11">
                              <matrix>0.7001771 -0.7139691 -2.98023e-8 0.0364418 0.7139691 0.7001772 0 0 5.96046e-8 -5.96046e-8 0.9999999 0 0 0 0 1</matrix>
                              <node id="node-Bip01_L_Finger12" name="Bip01_L_Finger12">
                                <matrix>0.8757257 -0.4828087 -1.49012e-8 0.03117549 0.4828088 0.8757257 5.96046e-8 0 -7.45058e-9 0 0.9999999 0 0 0 0 1</matrix>
                              </node>
                            </node>
                          </node>
                          <node id="node-Bip01_L_Finger2" name="Bip01_L_Finger2">
                            <matrix>0.6611331 -0.7495596 -0.03260919 0.1229538 0.7489771 0.656822 0.08728343 -0.008802056 -0.04400572 -0.08212948 0.9956497 -0.01328242 0 0 0 1</matrix>
                            <node id="node-Bip01_L_Finger21" name="Bip01_L_Finger21">
                              <matrix>0.8156036 -0.5786111 2.98023e-8 0.03895521 0.5786111 0.8156036 5.96046e-8 0 2.23517e-8 -5.96046e-8 1 0 0 0 0 1</matrix>
                              <node id="node-Bip01_L_Finger22" name="Bip01_L_Finger22">
                                <matrix>0.976296 -0.2164396 -2.23517e-8 0.03800537 0.2164396 0.9762961 -2.98023e-8 0 1.11759e-8 -2.98023e-8 1 0 0 0 0 1</matrix>
                              </node>
                            </node>
                          </node>
                          <node id="node-Bip01_L_Finger3" name="Bip01_L_Finger3">
                            <matrix>0.412463 -0.906479 -0.09038842 0.1211883 0.9061533 0.3980612 0.1429456 -0.001191258 -0.09359705 -0.1408656 0.9855945 0.01196861 0 0 0 1</matrix>
                            <node id="node-Bip01_L_Finger31" name="Bip01_L_Finger31">
                              <matrix>0.9381477 -0.3462351 1.49012e-8 0.03155848 0.3462351 0.9381478 0 -1.19209e-7 7.45058e-9 0 0.9999999 -1.19209e-7 0 0 0 1</matrix>
                              <node id="node-Bip01_L_Finger32" name="Bip01_L_Finger32">
                                <matrix>0.9636305 -0.2672384 1.49012e-8 0.03366596 0.2672384 0.9636303 0 -1.19209e-7 1.11759e-8 -2.98023e-8 1 0 0 0 0 1</matrix>
                              </node>
                            </node>
                          </node>
                          <node id="node-Bip01_L_Finger4" name="Bip01_L_Finger4">
                            <matrix>0.07120566 -0.9696807 0.2337719 0.1136796 0.9750155 0.1171045 0.1887628 0.005147368 -0.2104155 0.2144902 0.953792 0.0388658 0 0 0 1</matrix>
                            <node id="node-Bip01_L_Finger41" name="Bip01_L_Finger41">
                              <matrix>0.9790113 -0.2038069 1.49012e-8 0.03661621 0.2038069 0.9790112 5.96046e-8 0 -7.45058e-9 -5.96046e-8 1 1.19209e-7 0 0 0 1</matrix>
                              <node id="node-Bip01_L_Finger42" name="Bip01_L_Finger42">
                                <matrix>0.9645151 0.2640274 -9.31323e-9 0.0177263 -0.2640274 0.9645152 0 2.38419e-7 -2.23517e-8 -2.98023e-8 1 5.96046e-8 0 0 0 1</matrix>
                              </node>
                            </node>
                          </node>
                        </node>
                      </node>
                    </node>
                  </node>
                  <node id="node-Bip01_R_Clavicle" name="Bip01_R_Clavicle">
                    <matrix sid="matrix">0.3111095 -0.07489042 -0.9474187 8.67069e-4 0.6681757 -0.6916772 0.2740878 -0.01629046 -0.6758345 -0.7183135 -0.1651475 -0.0721215 0 0 0 1</matrix>
                    <node id="node-Bip01_R_UpperArm" name="Bip01_R_UpperArm">
                      <matrix sid="matrix">0.1830108 0.971845 -0.1484065 0.1824006 -0.9553715 0.2114151 0.2063225 0 0.2318888 0.104024 0.9671641 0 0 0 0 1</matrix>
                      <node id="node-Bip01_R_Forearm" name="Bip01_R_Forearm">
                        <matrix sid="matrix">0.4932256 0.8699015 0 0.2843689 -0.8699015 0.4932256 2.98023e-8 0 5.96046e-8 5.96046e-8 1 0 0 0 0 1</matrix>
                        <node id="node-Bip01_R_Hand" name="Bip01_R_Hand">
                          <matrix sid="matrix">0.8037191 0.3430739 -0.486144 0.281068 -0.1246042 -0.7018741 -0.7013177 2.98023e-8 -0.5818156 0.624238 -0.5213612 0 0 0 0 1</matrix>
                          <node id="node-Bip01_R_Finger0" name="Bip01_R_Finger0">
                            <matrix>0.5215106 0.269013 -0.8097276 0.02119684 0.7250717 0.3605265 0.5867638 -0.004734218 0.4497754 -0.8931141 -0.007035524 0.02572191 0 0 0 1</matrix>
                            <node id="node-Bip01_R_Finger01" name="Bip01_R_Finger01">
                              <matrix>0.6423535 -0.7636237 0.06527576 0.04982865 0.7605616 0.6456372 0.06854743 0 -0.09448886 0.005614549 0.9955102 0 0 0 0 1</matrix>
                              <node id="node-Bip01_R_Finger02" name="Bip01_R_Finger02">
                                <matrix>0.9505157 -0.3106765 2.98023e-8 0.05202246 0.3106764 0.9505157 0 2.98023e-8 -2.98023e-8 2.98023e-8 0.9999999 -2.38419e-7 0 0 0 1</matrix>
                              </node>
                            </node>
                          </node>
                          <node id="node-Bip01_R_Finger1" name="Bip01_R_Finger1">
                            <matrix>0.9820225 -0.1733428 -0.07472672 0.1199946 0.1795577 0.979936 0.08651493 -0.008367538 0.05823065 -0.09837735 0.9934441 0.04101387 0 0 0 1</matrix>
                            <node id="node-Bip01_R_Finger11" name="Bip01_R_Finger11">
                              <matrix>0.8240547 -0.5665103 -7.45058e-9 0.03644192 0.5665101 0.8240547 -9.31323e-9 -5.96046e-8 -1.49012e-8 0 0.9999999 0 0 0 0 1</matrix>
                              <node id="node-Bip01_R_Finger12" name="Bip01_R_Finger12">
                                <matrix>0.8146399 -0.5796779 0.01831836 0.03117537 0.5799672 0.8142334 -0.0257305 1.19209e-7 -1.11759e-8 0.03158511 0.999501 0 0 0 0 1</matrix>
                              </node>
                            </node>
                          </node>
                          <node id="node-Bip01_R_Finger2" name="Bip01_R_Finger2">
                            <matrix>0.6754014 -0.7374505 -1.52126e-4 0.1229538 0.7368313 0.6748428 -0.04082686 -0.008802086 0.03021041 0.02746241 0.9991664 0.01328248 0 0 0 1</matrix>
                            <node id="node-Bip01_R_Finger21" name="Bip01_R_Finger21">
                              <matrix>0.5508358 -0.8338859 -0.03484868 0.03895527 0.832222 0.5519371 -0.0526506 0 0.06313889 1.49012e-8 0.9980048 -1.49012e-8 0 0 0 1</matrix>
                              <node id="node-Bip01_R_Finger22" name="Bip01_R_Finger22">
                                <matrix>0.1984734 -0.9799246 0.01886612 0.03800541 0.9755272 0.199368 0.09272984 0 -0.09462955 3.72529e-9 0.9955125 -2.98023e-8 0 0 0 1</matrix>
                              </node>
                            </node>
                          </node>
                          <node id="node-Bip01_R_Finger3" name="Bip01_R_Finger3">
                            <matrix>0.7159053 -0.6949217 0.06755449 0.121188 0.6883786 0.6863563 -0.234627 -0.001191258 0.1166809 0.2144738 0.9697353 -0.01196866 0 0 0 1</matrix>
                            <node id="node-Bip01_R_Finger31" name="Bip01_R_Finger31">
                              <matrix>0.4441952 -0.8949344 0.04222351 0.03155863 0.8909185 0.4461975 0.08468725 -1.19209e-7 -0.09462957 2.98023e-8 0.9955124 2.98023e-8 0 0 0 1</matrix>
                              <node id="node-Bip01_R_Finger32" name="Bip01_R_Finger32">
                                <matrix>0.1993681 -0.9794359 -0.03095104 0.03366601 0.9799247 0.1992686 0.006297082 1.19209e-7 0 -0.03158513 0.9995011 -2.98023e-8 0 0 0 1</matrix>
                              </node>
                            </node>
                          </node>
                          <node id="node-Bip01_R_Finger4" name="Bip01_R_Finger4">
                            <matrix>0.5925791 -0.789795 -0.1583476 0.1136796 0.7783522 0.6120424 -0.1399001 0.005147398 0.2074078 -0.04034831 0.9774222 -0.03886572 0 0 0 1</matrix>
                            <node id="node-Bip01_R_Finger41" name="Bip01_R_Finger41">
                              <matrix>0.4202557 -0.9064698 0.04120623 0.03661615 0.9068531 0.421151 0.01578781 0 -0.0316652 0.03073307 0.9990261 0 0 0 0 1</matrix>
                              <node id="node-Bip01_R_Finger42" name="Bip01_R_Finger42">
                                <matrix>0.402447 -0.9138247 -0.05441485 0.01772624 0.9154232 0.4021219 0.01728318 0 0.006087584 -0.05676818 0.9983689 1.49012e-8 0 0 0 1</matrix>
                              </node>
                            </node>
                          </node>
                          <node id="node-MOUNT0" name="MOUNT0">
                            <matrix>-6.33299e-7 1 2.98023e-8 0.109539 -1 -6.44475e-7 4.90341e-7 0.0251826 4.88479e-7 0 1 0.01321664 0 0 0 1</matrix>
                          </node>
                        </node>
                      </node>
                    </node>
                  </node>
                </node>
                <node id="node-Bip01_L_Pauldron_Upper" name="Bip01_L_Pauldron_Upper">
                  <matrix sid="matrix">0.9411858 0.1176719 -0.3167372 0.2378187 0.05457862 -0.9780348 -0.2011718 1.61603e-4 -0.3334523 0.172053 -0.9269345 0.2355701 0 0 0 1</matrix>
                </node>
                <node id="node-Bip01_R_Pauldron_Lower" name="Bip01_R_Pauldron_Lower">
                  <matrix>-0.1156725 -0.940376 -0.3198655 0.1729059 0.909775 -0.2295503 0.3458563 -0.1133294 -0.3986599 -0.2509995 0.8820828 -0.2351094 0 0 0 1</matrix>
                </node>
                <node id="node-Bip01_L_Pauldron_Lower" name="Bip01_L_Pauldron_Lower">
                  <matrix sid="matrix">0.2046717 -0.6534801 0.7287478 0.246425 0.1017765 -0.7262656 -0.6798382 -0.04385313 0.973525 0.2133131 -0.08213687 0.2253602 0 0 0 1</matrix>
                </node>
              </node>
            </node>
            <node id="node-Bip01_L_Thigh" name="Bip01_L_Thigh">
              <matrix sid="matrix">-0.7797651 0.6254058 0.02888228 -0.1971092 0.4037275 0.4670428 0.7866862 -0.03352159 0.4785088 0.625091 -0.6166771 0.09792942 0 0 0 1</matrix>
              <node id="node-Bip01_L_Calf" name="Bip01_L_Calf">
                <matrix sid="matrix">0.403409 0.9150199 7.45058e-9 0.4629987 -0.9150198 0.4034089 -1.86265e-9 0 0 -6.23986e-8 1 2.23517e-8 0 0 0 1</matrix>
                <node id="node-Bip01_L_Foot" name="Bip01_L_Foot">
                  <matrix sid="matrix">0.9319401 -0.353628 -0.08021855 0.3610502 0.3615502 0.9231077 0.1309723 5.96046e-8 0.02773488 -0.1510614 0.9881353 -2.23517e-8 0 0 0 1</matrix>
                  <node id="node-Bip01_L_Toe0" name="Bip01_L_Toe0">
                    <matrix>4.75673e-7 -1 1.38953e-6 0.1486307 1 4.76139e-7 2.21444e-8 0.1543275 -2.21044e-8 1.38953e-6 1 0 0 0 0 1</matrix>
                  </node>
                </node>
              </node>
            </node>
            <node id="node-Bip01_R_Thigh" name="Bip01_R_Thigh">
              <matrix sid="matrix">-0.895022 0.01816709 0.4456519 -0.1958489 0.2165652 0.8911853 0.398608 -0.02738479 -0.3899168 0.4532757 -0.8015649 -0.1569665 0 0 0 1</matrix>
              <node id="node-Bip01_R_Calf" name="Bip01_R_Calf">
                <matrix>0.4440025 0.8960255 0 0.4629988 -0.8960254 0.4440025 4.09782e-8 7.45058e-9 2.98023e-8 0 1 5.96046e-8 0 0 0 1</matrix>
                <node id="node-Bip01_R_Foot" name="Bip01_R_Foot">
                  <matrix sid="matrix">0.6470512 -0.7363815 0.1976539 0.3610501 0.7123458 0.6762883 0.1876108 0 -0.2718241 0.01940422 0.9621512 -2.98023e-8 0 0 0 1</matrix>
                  <node id="node-Bip01_R_Toe0" name="Bip01_R_Toe0">
                    <matrix sid="matrix">-0.1805797 -0.9786913 0.09774533 0.1486307 0.9833316 -0.1817868 -0.003513858 0.1543275 0.02120782 0.09548155 0.9952052 -2.98023e-8 0 0 0 1</matrix>
                  </node>
                </node>
              </node>
            </node>
          </node>
          <node id="node-Bip01_FannyPack" name="Bip01_FannyPack">
            <matrix>-0.9629918 -0.2062316 0.1735378 0.2299508 -0.2083318 0.9780384 0.006227053 -0.1378937 -0.1710108 -0.03015685 -0.9848076 0.01013963 0 0 0 1</matrix>
          </node>
        </node>
        <node id="node-EYE" name="EYE">
          <matrix>0.7792377 0.6267179 -0.003664042 0.05939464 -0.6267175 0.7792451 0.001428225 0.07235013 0.003750281 0.001183214 0.999992 0.7713364 0 0 0 1</matrix>
          <node id="node-CAM" name="CAM">
            <matrix>1 -6.03104e-8 3.55271e-15 4.84288e-8 6.03104e-8 1 -2.32831e-9 -0.104 -3.55271e-15 2.32832e-9 1 0.3005601 0 0 0 1</matrix>
          </node>
        </node>
      </node>
      <node id="node-Bounds" name="Bounds">
        <matrix>0.9999915 0.001706907 0.003750479 0 -0.001711356 0.9999978 0.001183292 0.1035326 -0.003748452 -0.0011897 0.9999923 -8.93474e-5 0 0 0 1</matrix>
        <instance_geometry url="#geom-Bounds">
          <bind_material>
            <technique_common>
              <instance_material symbol="ShapeBounds" target="#ShapeBounds-material"/>
            </technique_common>
          </bind_material>
        </instance_geometry>
      </node>
    </visual_scene>
  </library_visual_scenes>
  <library_animations>
    <animation>
      <source id="node-Bip01_Pelvis_matrix-input">
        <float_array id="node-Bip01_Pelvis_matrix-input-array" count="11">31.66667 31.7 31.73333 31.76667 31.8 31.83333 31.86667 31.9 31.93333 31.96667 32</float_array>
        <technique_common>
          <accessor source="#node-Bip01_Pelvis_matrix-input-array" count="11" stride="1">
            <param name="TIME" type="float"/>
          </accessor>
        </technique_common>
      </source>
      <source id="node-Bip01_Pelvis_matrix-output">
        <float_array id="node-Bip01_Pelvis_matrix-output-array" count="176">-0.009626686 0.991236 0.1317526 0 -0.1217413 -0.1319403 0.9837535 0 0.9925152 -0.006569385 0.1219445 0 0 0 0 1 -0.009940087 0.9911623 0.1322827 0 -0.121455 -0.1325065 0.9837128 0 0.9925472 -0.00628817 0.1216987 0 0 0 0 1 -0.01055955 0.9910151 0.1333325 0 -0.1208881 -0.1336271 0.983631 0 0.9926099 -0.005731523 0.121213 0 0 0 0 1 -0.01102226 0.9909041 0.1341181 0 -0.120464 -0.1344653 0.9835688 0 0.9926565 -0.005315244 0.1208504 0 0 0 0 1 -0.01087093 0.9909405 0.1338611 0 -0.1206028 -0.134191 0.9835893 0 0.9926413 -0.00545144 0.120969 0 0 0 0 1 -0.009626686 0.991236 0.1317526 0 -0.1217413 -0.1319403 0.9837535 0 0.9925152 -0.006569385 0.1219445 0 0 0 0 1 -0.009940087 0.9911623 0.1322827 0 -0.121455 -0.1325065 0.9837128 0 0.9925472 -0.00628817 0.1216987 0 0 0 0 1 -0.01055955 0.9910151 0.1333325 0 -0.1208881 -0.1336271 0.983631 0 0.9926099 -0.005731523 0.121213 0 0 0 0 1 -0.01102226 0.9909041 0.1341181 0 -0.120464 -0.1344653 0.9835688 0 0.9926565 -0.005315244 0.1208504 0 0 0 0 1 -0.01087093 0.9909405 0.1338611 0 -0.1206028 -0.134191 0.9835893 0 0.9926413 -0.00545144 0.120969 0 0 0 0 1 -0.009626686 0.991236 0.1317526 0 -0.1217413 -0.1319403 0.9837535 0 0.9925152 -0.006569385 0.1219445 0 0 0 0 1</float_array>
        <technique_common>
          <accessor source="#node-Bip01_Pelvis_matrix-output-array" count="11" stride="16">
            <param name="TRANSFORM" type="float4x4"/>
          </accessor>
        </technique_common>
      </source>
      <source id="node-Bip01_Pelvis_matrix-interpolation">
        <Name_array id="node-Bip01_Pelvis_matrix-interpolation-array" count="11">LINEAR LINEAR LINEAR LINEAR LINEAR LINEAR LINEAR LINEAR LINEAR LINEAR LINEAR</Name_array>
        <technique_common>
          <accessor source="#node-Bip01_Pelvis_matrix-interpolation-array" count="11" stride="1">
            <param name="INTERPOLATION" type="name"/>
          </accessor>
        </technique_common>
      </source>
      <source id="node-Bip01_Spine_matrix-input">
        <float_array id="node-Bip01_Spine_matrix-input-array" count="11">31.66667 31.7 31.73333 31.76667 31.8 31.83333 31.86667 31.9 31.93333 31.96667 32</float_array>
        <technique_common>
          <accessor source="#node-Bip01_Spine_matrix-input-array" count="11" stride="1">
            <param name="TIME" type="float"/>
          </accessor>
        </technique_common>
      </source>
      <source id="node-Bip01_Spine_matrix-output">
        <float_array id="node-Bip01_Spine_matrix-output-array" count="176">0.999499 0.03113752 0.005690217 0.1974968 -0.03126507 0.9992253 0.02390384 0.02499222 -0.004941523 -0.02406972 0.9996981 0.02780562 0 0 0 1 0.9993466 0.01057535 -0.03456151 0.1974964 -0.009577691 0.9995363 0.02890467 0.02504628 0.03485113 -0.02855485 0.9989845 0.02777117 0 0 0 1 0.9908083 -0.03774672 -0.1299018 0.1974965 0.04253935 0.9985053 0.03431856 0.02515333 0.1284121 -0.0395292 0.990933 0.02770322 0 0 0 1 0.9656307 -0.09457105 -0.2421022 0.197498 0.1046414 0.9940857 0.0290504 0.02523368 0.237923 -0.05338591 0.9698157 0.02765297 0 0 0 1 0.9319533 -0.1413156 -0.3339056 0.1975029 0.1553196 0.9877431 0.01547467 0.02520805 0.3276261 -0.06628388 0.9424794 0.02767086 0 0 0 1 0.9142388 -0.1596022 -0.3724171 0.1975123 0.1756539 0.9844077 0.009333312 0.02499341 0.3651207 -0.07394945 0.9280186 0.02780967 0 0 0 1 0.9106191 -0.1647396 -0.3789902 0.1975107 0.1810991 0.9834352 0.007655858 0.02504754 0.371451 -0.07560634 0.925369 0.02777498 0 0 0 1 0.901747 -0.1767001 -0.3944993 0.1975077 0.1938245 0.9810297 0.003631472 0.02515476 0.3863738 -0.07973837 0.9188891 0.02770644 0 0 0 1 0.8906022 -0.1905443 -0.4129412 0.1975058 0.2087038 0.9779782 -0.001152992 0.02523499 0.4040672 -0.08515554 0.9107569 0.0276556 0 0 0 1 0.8807103 -0.2015058 -0.4286547 0.1975078 0.2209329 0.9752785 -0.00454086 0.02520906 0.4189726 -0.09070479 0.9034569 0.02767282 0 0 0 1 0.876297 -0.2047652 -0.4360904 0.197516 0.2257846 0.9741701 -0.003718733 0.02499425 0.4255877 -0.09520375 0.8998952 0.02781146 0 0 0 1</float_array>
        <technique_common>
          <accessor source="#node-Bip01_Spine_matrix-output-array" count="11" stride="16">
            <param name="TRANSFORM" type="float4x4"/>
          </accessor>
        </technique_common>
      </source>
      <source id="node-Bip01_Spine_matrix-interpolation">
        <Name_array id="node-Bip01_Spine_matrix-interpolation-array" count="11">LINEAR LINEAR LINEAR LINEAR LINEAR LINEAR LINEAR LINEAR LINEAR LINEAR LINEAR</Name_array>
        <technique_common>
          <accessor source="#node-Bip01_Spine_matrix-interpolation-array" count="11" stride="1">
            <param name="INTERPOLATION" type="name"/>
          </accessor>
        </technique_common>
      </source>
      <source id="node-Bip01_Spine1_matrix-input">
        <float_array id="node-Bip01_Spine1_matrix-input-array" count="11">31.66667 31.7 31.73333 31.76667 31.8 31.83333 31.86667 31.9 31.93333 31.96667 32</float_array>
        <technique_common>
          <accessor source="#node-Bip01_Spine1_matrix-input-array" count="11" stride="1">
            <param name="TIME" type="float"/>
          </accessor>
        </technique_common>
      </source>
      <source id="node-Bip01_Spine1_matrix-output">
        <float_array id="node-Bip01_Spine1_matrix-output-array" count="176">0.979529 0.1313833 0.1525167 0.1022164 -0.1391306 0.9894149 0.04124081 -9.99458e-5 -0.145484 -0.0616163 0.9874401 6.21378e-6 0 0 0 1 0.9855934 0.1201261 0.1190624 0.1022176 -0.1264398 0.9908629 0.04694807 -1.00093e-4 -0.1123348 -0.06132584 0.9917762 6.19143e-6 0 0 0 1 0.9948482 0.09348636 0.03920924 0.1022205 -0.09563899 0.9937722 0.05718493 -1.00397e-4 -0.03361904 -0.06064015 0.9975934 6.12531e-6 0 0 0 1 0.9964911 0.06172567 -0.05652594 0.1022234 -0.0581212 0.9962984 0.06333279 -1.00642e-4 0.06022596 -0.05982524 0.9963905 6.03497e-6 0 0 0 1 0.98997 0.03496944 -0.1368809 0.102226 -0.02647423 0.997637 0.06339913 -1.00762e-4 0.1387745 -0.05913943 0.9885566 6.00517e-6 0 0 0 1 0.9850425 0.02363085 -0.1706848 0.1022274 -0.0131933 0.9979873 0.06202858 -1.00851e-4 0.1718071 -0.05884879 0.9833716 5.94556e-6 0 0 0 1 0.9837951 0.01873558 -0.1783144 0.1022278 -0.007883846 0.9980837 0.06137269 -1.00851e-4 0.1791225 -0.05897235 0.9820576 5.96046e-6 0 0 0 1 0.9805218 0.007175028 -0.1962798 0.1022291 0.004609823 0.9982167 0.05951875 -1.00836e-4 0.1963567 -0.05926418 0.9787401 5.96046e-6 0 0 0 1 0.9760306 -0.006572186 -0.2175347 0.1022304 0.01937139 0.9982 0.05675762 -1.00836e-4 0.21677 -0.0596112 0.974401 6.02007e-6 0 0 0 1 0.9717529 -0.01813143 -0.2353031 0.1022315 0.03169047 0.9980396 0.05397045 -1.00791e-4 0.2338631 -0.0599029 0.9704225 6.07967e-6 0 0 0 1 0.9698042 -0.02302575 -0.2427951 0.1022319 0.03687793 0.9979313 0.05266278 -1.00791e-4 0.2410801 -0.0600264 0.9686471 6.07967e-6 0 0 0 1</float_array>
        <technique_common>
          <accessor source="#node-Bip01_Spine1_matrix-output-array" count="11" stride="16">
            <param name="TRANSFORM" type="float4x4"/>
          </accessor>
        </technique_common>
      </source>
      <source id="node-Bip01_Spine1_matrix-interpolation">
        <Name_array id="node-Bip01_Spine1_matrix-interpolation-array" count="11">LINEAR LINEAR LINEAR LINEAR LINEAR LINEAR LINEAR LINEAR LINEAR LINEAR LINEAR</Name_array>
        <technique_common>
          <accessor source="#node-Bip01_Spine1_matrix-interpolation-array" count="11" stride="1">
            <param name="INTERPOLATION" type="name"/>
          </accessor>
        </technique_common>
      </source>
      <source id="node-Bip01_Spine2_matrix-input">
        <float_array id="node-Bip01_Spine2_matrix-input-array" count="11">31.66667 31.7 31.73333 31.76667 31.8 31.83333 31.86667 31.9 31.93333 31.96667 32</float_array>
        <technique_common>
          <accessor source="#node-Bip01_Spine2_matrix-input-array" count="11" stride="1">
            <param name="TIME" type="float"/>
          </accessor>
        </technique_common>
      </source>
      <source id="node-Bip01_Spine2_matrix-output">
        <float_array id="node-Bip01_Spine2_matrix-output-array" count="176">0.9539156 -0.01875686 0.2994886 0.1268693 -0.0226317 0.9907046 0.1341332 -1.69665e-4 -0.2992206 -0.1347296 0.9446241 2.30968e-5 0 0 0 1 0.9626615 -0.05406934 0.2652528 0.1268755 0.01565855 0.9893315 0.1448376 -1.69441e-4 -0.2702543 -0.1352761 0.9532381 2.3216e-5 0 0 0 1 0.9736286 -0.1370778 0.1823663 0.1268893 0.1080659 0.9811012 0.1605078 -1.6804e-4 -0.2009218 -0.1365674 0.9700413 2.3406e-5 0 0 0 1 0.968627 -0.2344285 0.08249461 0.1269062 0.2191585 0.9622738 0.1612415 -1.64814e-4 -0.117182 -0.1381034 0.9834613 2.36928e-5 0 0 0 1 0.9492642 -0.3144801 -7.91252e-5 0.1269198 0.3110832 0.9389736 0.14682 -1.60828e-4 -0.04609763 -0.1393955 0.9891633 2.39015e-5 0 0 0 1 0.9369742 -0.3477308 -0.03409594 0.1269254 0.349036 0.9270917 0.1366547 -1.58779e-4 -0.01590913 -0.1399426 0.9900317 2.40505e-5 0 0 0 1 0.9284735 -0.3613807 -0.08567863 0.1269279 0.3700494 0.919793 0.130553 -1.57572e-4 0.03162735 -0.1529203 0.9877322 2.61664e-5 0 0 0 1 0.8963906 -0.3927663 -0.2054715 0.1269333 0.4197134 0.9011538 0.1084542 -1.54376e-4 0.1425642 -0.1834565 0.972635 3.13818e-5 0 0 0 1 0.8366212 -0.4283925 -0.341387 0.1269394 0.4765487 0.8765184 0.06794834 -1.50174e-4 0.2701236 -0.2195345 0.9374638 3.76105e-5 0 0 0 1 0.7689481 -0.456783 -0.4472898 0.1269442 0.5200793 0.8538312 0.02212965 -1.4624e-4 0.3718018 -0.2496427 0.8941153 4.26769e-5 0 0 0 1 0.7357639 -0.4683428 -0.4891898 0.1269463 0.5368027 0.8437077 -3.76523e-4 -1.44511e-4 0.4129094 -0.2623214 0.8721774 4.49419e-5 0 0 0 1</float_array>
        <technique_common>
          <accessor source="#node-Bip01_Spine2_matrix-output-array" count="11" stride="16">
            <param name="TRANSFORM" type="float4x4"/>
          </accessor>
        </technique_common>
      </source>
      <source id="node-Bip01_Spine2_matrix-interpolation">
        <Name_array id="node-Bip01_Spine2_matrix-interpolation-array" count="11">LINEAR LINEAR LINEAR LINEAR LINEAR LINEAR LINEAR LINEAR LINEAR LINEAR LINEAR</Name_array>
        <technique_common>
          <accessor source="#node-Bip01_Spine2_matrix-interpolation-array" count="11" stride="1">
            <param name="INTERPOLATION" type="name"/>
          </accessor>
        </technique_common>
      </source>
      <source id="node-Bip01_Head_matrix-input">
        <float_array id="node-Bip01_Head_matrix-input-array" count="11">31.66667 31.7 31.73333 31.76667 31.8 31.83333 31.86667 31.9 31.93333 31.96667 32</float_array>
        <technique_common>
          <accessor source="#node-Bip01_Head_matrix-input-array" count="11" stride="1">
            <param name="TIME" type="float"/>
          </accessor>
        </technique_common>
      </source>
      <source id="node-Bip01_Head_matrix-output">
        <float_array id="node-Bip01_Head_matrix-output-array" count="176">0.654734 -0.4381051 -0.615944 0.07051813 0.04800134 0.8373477 -0.5445594 -0.0139591 0.7543336 0.3269753 0.5692697 -1.19209e-7 0 0 0 1 0.6890655 -0.4587744 -0.5609944 0.07051819 0.03763401 0.7957151 -0.6045007 -0.01395922 0.7237212 0.3954279 0.5655656 0 0 0 0 1 0.80198 -0.3804858 -0.4604981 0.07051825 -0.07548421 0.7001705 -0.7099742 -0.01395922 0.5925623 0.6041455 0.532802 0 0 0 0 1 0.89973 -0.2283785 -0.3719258 0.07051825 -0.2023627 0.5367413 -0.8191202 -0.0139591 0.3866975 0.812251 0.4367069 0 0 0 0 1 0.9402733 -0.0879907 -0.3288523 0.07051813 -0.2786901 0.355791 -0.8920452 -0.01395916 0.1954942 0.9304141 0.3100187 0 0 0 0 1 0.9475709 -0.06889563 -0.3120296 0.07051813 -0.2855058 0.2560086 -0.9235506 -0.01395916 0.1435108 0.9642161 0.2229163 0 0 0 0 1 0.9511646 -0.01666903 -0.3082336 0.07051825 -0.2982449 0.2078596 -0.9315817 -0.01395916 0.07959783 0.9780166 0.1927373 0 0 0 0 1 0.9449653 0.1098881 -0.3081642 0.07051813 -0.318427 0.092606 -0.9434131 -0.01395922 -0.07513207 0.9896204 0.1225008 0 0 0 0 1 0.9094088 0.2609406 -0.3238604 0.07051813 -0.3238837 -0.04417288 -0.9450652 -0.01395916 -0.2609116 0.9643438 0.04434317 0 0 0 0 1 0.8552567 0.3828145 -0.3492693 0.07051819 -0.3128805 -0.1558096 -0.9369254 -0.0139591 -0.4130883 0.9105911 -0.01348221 0 0 0 0 1 0.8257165 0.4317411 -0.3630315 0.07051813 -0.3040304 -0.2014666 -0.9311158 -0.01395916 -0.4751396 0.8792104 -0.03509199 0 0 0 0 1</float_array>
        <technique_common>
          <accessor source="#node-Bip01_Head_matrix-output-array" count="11" stride="16">
            <param name="TRANSFORM" type="float4x4"/>
          </accessor>
        </technique_common>
      </source>
      <source id="node-Bip01_Head_matrix-interpolation">
        <Name_array id="node-Bip01_Head_matrix-interpolation-array" count="11">LINEAR LINEAR LINEAR LINEAR LINEAR LINEAR LINEAR LINEAR LINEAR LINEAR LINEAR</Name_array>
        <technique_common>
          <accessor source="#node-Bip01_Head_matrix-interpolation-array" count="11" stride="1">
            <param name="INTERPOLATION" type="name"/>
          </accessor>
        </technique_common>
      </source>
      <source id="node-ALTEYE_matrix-input">
        <float_array id="node-ALTEYE_matrix-input-array" count="11">31.66667 31.7 31.73333 31.76667 31.8 31.83333 31.86667 31.9 31.93333 31.96667 32</float_array>
        <technique_common>
          <accessor source="#node-ALTEYE_matrix-input-array" count="11" stride="1">
            <param name="TIME" type="float"/>
          </accessor>
        </technique_common>
      </source>
      <source id="node-ALTEYE_matrix-output">
        <float_array id="node-ALTEYE_matrix-output-array" count="176">0.3293718 0.05677253 0.9424926 0.06454682 0.3690134 0.9110618 -0.1838378 0.2214611 -0.8691052 0.408343 0.2791281 0.04716253 0 0 0 1 0.3590886 0.1302104 0.9241763 0.06454682 0.3113114 0.9167992 -0.250131 0.2214611 -0.8798527 0.3775254 0.288676 0.04716253 0 0 0 1 0.3860106 0.1995061 0.9006631 0.06454694 0.2491692 0.9174965 -0.3100249 0.2214611 -0.8882066 0.3440901 0.3044525 0.04716259 0 0 0 1 0.4101423 0.2642744 0.8728936 0.06454694 0.1833574 0.9136621 -0.3627704 0.2214612 -0.8934002 0.3088386 0.3262747 0.04716253 0 0 0 1 0.431607 0.3242438 0.8417733 0.06454706 0.1147134 0.9058607 -0.4077472 0.2214612 -0.8947383 0.272549 0.3537805 0.04716259 0 0 0 1 0.4506335 0.3792482 0.8081468 0.06454706 0.04412794 0.8947044 -0.4444743 0.2214611 -0.891618 0.2359566 0.3864483 0.04716253 0 0 0 1 0.4506335 0.3792482 0.8081468 0.06454706 0.04412794 0.8947044 -0.4444743 0.2214611 -0.891618 0.2359566 0.3864483 0.04716265 0 0 0 1 0.4506335 0.3792482 0.8081468 0.06454706 0.04412794 0.8947044 -0.4444743 0.221461 -0.891618 0.2359566 0.3864483 0.04716265 0 0 0 1 0.4506335 0.3792482 0.8081468 0.06454694 0.04412794 0.8947044 -0.4444743 0.2214611 -0.891618 0.2359566 0.3864483 0.04716259 0 0 0 1 0.4506335 0.3792482 0.8081468 0.06454694 0.04412794 0.8947044 -0.4444743 0.2214611 -0.891618 0.2359566 0.3864483 0.04716259 0 0 0 1 0.4506335 0.3792482 0.8081468 0.06454706 0.04412794 0.8947044 -0.4444743 0.2214611 -0.891618 0.2359566 0.3864483 0.04716253 0 0 0 1</float_array>
        <technique_common>
          <accessor source="#node-ALTEYE_matrix-output-array" count="11" stride="16">
            <param name="TRANSFORM" type="float4x4"/>
          </accessor>
        </technique_common>
      </source>
      <source id="node-ALTEYE_matrix-interpolation">
        <Name_array id="node-ALTEYE_matrix-interpolation-array" count="11">LINEAR LINEAR LINEAR LINEAR LINEAR LINEAR LINEAR LINEAR LINEAR LINEAR LINEAR</Name_array>
        <technique_common>
          <accessor source="#node-ALTEYE_matrix-interpolation-array" count="11" stride="1">
            <param name="INTERPOLATION" type="name"/>
          </accessor>
        </technique_common>
      </source>
      <source id="node-Bip01_L_Clavicle_matrix-input">
        <float_array id="node-Bip01_L_Clavicle_matrix-input-array" count="11">31.66667 31.7 31.73333 31.76667 31.8 31.83333 31.86667 31.9 31.93333 31.96667 32</float_array>
        <technique_common>
