<?xml version="1.0" encoding="utf-8"?>
<COLLADA xmlns="http://www.collada.org/2005/11/COLLADASchema" version="1.4.1">
  <asset>
    <contributor>
      <author>MattO</author>
      <authoring_tool>OpenCOLLADA for 3ds Max;  Version: 1.3.0;  Revision: 839M;  Platform: x64;  Configuration: Release_Max2012</authoring_tool>
      <source_data>file:///C:/Dropbox/Prj/GGStout/Lurker/SoldierTP_Lurker_Animation_Master.max</source_data>
    </contributor>
    <created>2011-09-29T23:38:30</created>
    <modified>2011-09-29T23:38:30</modified>
    <unit name="meter" meter="1"/>
    <up_axis>Z_UP</up_axis>
  </asset>
  <library_effects>
    <effect id="ShapeBounds">
      <profile_COMMON>
        <technique sid="common">
          <blinn>
            <emission>
              <color>0 0 0 1</color>
            </emission>
            <ambient>
              <color>0.1647059 1 0 1</color>
            </ambient>
            <diffuse>
              <color>0.1647059 1 0 1</color>
            </diffuse>
            <specular>
              <color>0.9 0.9 0.9 1</color>
            </specular>
            <shininess>
              <float>10</float>
            </shininess>
            <reflective>
              <color>0 0 0 1</color>
            </reflective>
            <transparent opaque="A_ONE">
              <color>1 1 1 1</color>
            </transparent>
            <transparency>
              <float>1</float>
            </transparency>
          </blinn>
        </technique>
      </profile_COMMON>
      <extra>
        <technique profile="OpenCOLLADA3dsMax">
          <extended_shader>
            <apply_reflection_dimming>0</apply_reflection_dimming>
            <dim_level>0</dim_level>
            <falloff_type>0</falloff_type>
            <index_of_refraction>1.5</index_of_refraction>
            <opacity_type>0</opacity_type>
            <reflection_level>3</reflection_level>
            <wire_size>1</wire_size>
            <wire_units>0</wire_units>
          </extended_shader>
          <shader>
            <ambient_diffuse_lock>1</ambient_diffuse_lock>
            <ambient_diffuse_texture_lock>1</ambient_diffuse_texture_lock>
            <diffuse_specular_lock>0</diffuse_specular_lock>
            <soften>0.1</soften>
            <use_self_illum_color>0</use_self_illum_color>
          </shader>
        </technique>
      </extra>
    </effect>
  </library_effects>
  <library_materials>
    <material id="ShapeBounds-material" name="ShapeBounds">
      <instance_effect url="#ShapeBounds"/>
    </material>
  </library_materials>
  <library_geometries>
    <geometry id="geom-Bounds" name="Bounds">
      <mesh>
        <source id="geom-Bounds-positions">
          <float_array id="geom-Bounds-positions-array" count="24">-0.425 -0.425 0 0.425 -0.425 0 -0.425 0.425 0 0.425 0.425 0 -0.425 -0.425 1.84 0.425 -0.425 1.84 -0.425 0.425 1.84 0.425 0.425 1.84</float_array>
          <technique_common>
            <accessor source="#geom-Bounds-positions-array" count="8" stride="3">
              <param name="X" type="float"/>
              <param name="Y" type="float"/>
              <param name="Z" type="float"/>
            </accessor>
          </technique_common>
        </source>
        <source id="geom-Bounds-normals">
          <float_array id="geom-Bounds-normals-array" count="72">0 0 -1 0 0 -1 0 0 -1 0 0 -1 0 0 1 0 0 1 0 0 1 0 0 1 0 -1 0 0 -1 0 0 -1 0 0 -1 0 1 0 0 1 0 0 1 0 0 1 0 0 0 1 0 0 1 0 0 1 0 0 1 0 -1 0 0 -1 0 0 -1 0 0 -1 0 0</float_array>
          <technique_common>
            <accessor source="#geom-Bounds-normals-array" count="24" stride="3">
              <param name="X" type="float"/>
              <param name="Y" type="float"/>
              <param name="Z" type="float"/>
            </accessor>
          </technique_common>
        </source>
        <source id="geom-Bounds-map1">
          <float_array id="geom-Bounds-map1-array" count="36">0 0 0 1 0 0 0 1 0 1 1 0 0 0 0 1 0 0 0 1 0 1 1 0 0 0 0 1 0 0 0 1 0 1 1 0</float_array>
          <technique_common>
            <accessor source="#geom-Bounds-map1-array" count="12" stride="3">
              <param name="S" type="float"/>
              <param name="T" type="float"/>
              <param name="P" type="float"/>
            </accessor>
          </technique_common>
        </source>
        <vertices id="geom-Bounds-vertices">
          <input semantic="POSITION" source="#geom-Bounds-positions"/>
        </vertices>
        <triangles material="ShapeBounds" count="12">
          <input semantic="VERTEX" source="#geom-Bounds-vertices" offset="0"/>
          <input semantic="NORMAL" source="#geom-Bounds-normals" offset="1"/>
          <input semantic="TEXCOORD" source="#geom-Bounds-map1" offset="2" set="0"/>
          <p>0 0 9 2 1 11 3 2 10 3 2 10 1 3 8 0 0 9 4 4 8 5 5 9 7 6 11 7 6 11 6 7 10 4 4 8 0 8 4 1 9 5 5 10 7 5 10 7 4 11 6 0 8 4 1 12 0 3 13 1 7 14 3 7 14 3 5 15 2 1 12 0 3 16 4 2 17 5 6 18 7 6 18 7 7 19 6 3 16 4 2 20 0 0 21 1 4 22 3 4 22 3 6 23 2 2 20 0</p>
        </triangles>
      </mesh>
      <extra>
        <technique profile="OpenCOLLADA3dsMax">
          <max_box>
            <generateuvs>1</generateuvs>
            <height>1.84</height>
            <heightsegments>1</heightsegments>
            <length>0.85</length>
            <lengthsegments>1</lengthsegments>
            <width>0.85</width>
            <widthsegments>1</widthsegments>
          </max_box>
        </technique>
      </extra>
    </geometry>
  </library_geometries>
  <library_lights>
    <light id="EnvironmentAmbientLight" name="EnvironmentAmbientLight">
      <technique_common>
        <ambient>
          <color>0 0 0</color>
        </ambient>
      </technique_common>
    </light>
  </library_lights>
  <library_visual_scenes>
    <visual_scene id="MaxScene">
      <node name="EnvironmentAmbientLight">
        <instance_light url="#EnvironmentAmbientLight"/>
      </node>
      <node id="node-Bip01" name="Bip01">
        <matrix sid="matrix">0.7792375 -0.6267175 0.003750234 -8.10623e-5 0.626718 0.7792453 0.001183393 0.009366653 -0.003664005 0.001428194 0.9999923 0.561098 0 0 0 1</matrix>
        <node id="node-Bip01_Pelvis" name="Bip01_Pelvis">
          <matrix sid="matrix">-0.009626728 0.991236 0.1317526 0 -0.1217413 -0.1319404 0.9837535 0 0.9925151 -0.0065694 0.1219445 0 0 0 0 1</matrix>
          <node id="node-Bip01_Spine" name="Bip01_Spine">
            <matrix sid="matrix">0.9142388 -0.1596023 -0.3724171 0.1975124 0.1756539 0.9844077 0.009333367 0.02499345 0.3651206 -0.07394945 0.9280186 0.02780975 0 0 0 1</matrix>
            <node id="node-Bip01_Spine1" name="Bip01_Spine1">
              <matrix sid="matrix">0.9850425 0.02363086 -0.1706848 0.1022273 -0.01319332 0.9979873 0.06202859 -1.00814e-4 0.1718071 -0.05884881 0.9833716 5.94556e-6 0 0 0 1</matrix>
              <node id="node-Bip01_Spine2" name="Bip01_Spine2">
                <matrix>0.9369742 -0.3477308 -0.03409594 0.1269256 0.349036 0.9270917 0.1366548 -1.58787e-4 -0.01590914 -0.1399426 0.9900317 2.40207e-5 0 0 0 1</matrix>
                <node id="node-Bip01_Neck" name="Bip01_Neck">
                  <matrix>0.8407081 -0.4308255 0.3280236 0.215107 0.4136219 0.9019013 0.1244631 -4.97103e-5 -0.3494668 0.03104061 0.9364345 -1.69873e-6 0 0 0 1</matrix>
                  <node id="node-Bip01_Head" name="Bip01_Head">
                    <matrix sid="matrix">0.9445354 -0.09663767 -0.313869 0.07051814 -0.2756743 0.2861071 -0.9176853 -0.01395917 0.1784831 0.9533119 0.2435978 -1.49012e-8 0 0 0 1</matrix>
                    <node id="node-ALTEYE" name="ALTEYE">
                      <matrix sid="matrix">0.4522428 0.4115258 0.7912799 0.06454682 0.04689857 0.8749896 -0.4818653 0.2214611 -0.8906611 0.2550297 0.3764077 0.04716256 0 0 0 1</matrix>
                    </node>
                  </node>
                  <node id="node-Bip01_L_Clavicle" name="Bip01_L_Clavicle">
                    <matrix>-0.5778345 -0.4531801 0.6787745 -0.04690337 0.283809 -0.8913431 -0.3534965 -0.01204771 0.7652187 -0.01162022 0.6436654 0.055884 0 0 0 1</matrix>
                    <node id="node-Bip01_L_UpperArm" name="Bip01_L_UpperArm">
                      <matrix sid="matrix">0.8944487 0.4190341 0.1561151 0.1824007 -0.3082047 0.3247441 0.8941763 -5.96046e-8 0.3239931 -0.8479102 0.4196152 -5.96046e-8 0 0 0 1</matrix>
                      <node id="node-Bip01_L_Forearm" name="Bip01_L_Forearm">
                        <matrix sid="matrix">0.3570665 0.9340789 -2.98023e-8 0.2843689 -0.9340789 0.3570665 0 5.96046e-8 5.96046e-8 5.96046e-8 0.9999999 -5.96046e-8 0 0 0 1</matrix>
                        <node id="node-Bip01_L_Hand" name="Bip01_L_Hand">
                          <matrix sid="matrix">0.9547613 0.2260362 -0.1932322 0.2810682 0.1231503 -0.891998 -0.4349414 -8.9407e-8 -0.2706752 0.3914685 -0.8794815 5.96046e-8 0 0 0 1</matrix>
                          <node id="node-Bip01_L_Finger0" name="Bip01_L_Finger0">
                            <matrix>0.6413842 0.3141903 0.6999362 0.02119672 0.7352949 0.008702893 -0.6776914 -0.004734218 -0.2190156 0.9493201 -0.2254407 -0.02572191 0 0 0 1</matrix>
                            <node id="node-Bip01_L_Finger01" name="Bip01_L_Finger01">
                              <matrix>0.9975642 -0.06975641 0 0.04982865 0.06975639 0.9975641 -1.95578e-8 -2.98023e-8 0 2.23517e-8 1 5.96046e-8 0 0 0 1</matrix>
                              <node id="node-Bip01_L_Finger02" name="Bip01_L_Finger02">
                                <matrix>0.9203136 0.3911815 0 0.05202222 -0.3911815 0.9203136 7.45058e-9 5.96046e-8 2.98023e-8 0 1 2.98023e-8 0 0 0 1</matrix>
                              </node>
                            </node>
                          </node>
                          <node id="node-Bip01_L_Finger1" name="Bip01_L_Finger1">
                            <matrix>0.9592717 -0.2819768 -0.01693497 0.1199947 0.2798395 0.9567645 -0.0793192 -0.008367538 0.03856891 0.07134946 0.9967054 -0.04101384 0 0 0 1</matrix>
                            <node id="node-Bip01_L_Finger11" name="Bip01_L_Finger11">
                              <matrix>0.7001772 -0.7139691 -1.49012e-8 0.0364418 0.7139691 0.7001772 1.49012e-8 -5.96046e-8 7.45058e-8 1.11759e-8 1 -5.96046e-8 0 0 0 1</matrix>
                              <node id="node-Bip01_L_Finger12" name="Bip01_L_Finger12">
                                <matrix>0.8757259 -0.4828089 0 0.03117537 0.4828089 0.8757259 6.33299e-8 5.96046e-8 -2.98023e-8 8.9407e-8 1 -5.96046e-8 0 0 0 1</matrix>
                              </node>
                            </node>
                          </node>
                          <node id="node-Bip01_L_Finger2" name="Bip01_L_Finger2">
                            <matrix>0.6611331 -0.7495596 -0.03260925 0.1229539 0.7489769 0.656822 0.08728345 -0.008801937 -0.04400572 -0.0821296 0.9956497 -0.01328248 0 0 0 1</matrix>
                            <node id="node-Bip01_L_Finger21" name="Bip01_L_Finger21">
                              <matrix>0.8156037 -0.5786111 -2.37487e-8 0.03895509 0.5786113 0.8156036 -2.28174e-8 -2.98023e-8 2.79397e-8 1.77533e-8 1 5.96046e-8 0 0 0 1</matrix>
                              <node id="node-Bip01_L_Finger22" name="Bip01_L_Finger22">
                                <matrix>0.9762959 -0.2164396 -1.86265e-9 0.03800535 0.2164396 0.9762961 1.96742e-8 -5.96046e-8 -6.51926e-9 2.56114e-9 1 -1.19209e-7 0 0 0 1</matrix>
                              </node>
                            </node>
                          </node>
                          <node id="node-Bip01_L_Finger3" name="Bip01_L_Finger3">
                            <matrix>0.412463 -0.9064789 -0.09038851 0.1211882 0.9061532 0.3980612 0.1429456 -0.001191258 -0.09359706 -0.1408656 0.9855944 0.01196867 0 0 0 1</matrix>
                            <node id="node-Bip01_L_Finger31" name="Bip01_L_Finger31">
                              <matrix>0.938148 -0.3462352 3.72529e-9 0.03155851 0.3462352 0.9381479 -2.32831e-9 -2.98023e-8 -3.72529e-9 5.58794e-9 1 5.96046e-8 0 0 0 1</matrix>
                              <node id="node-Bip01_L_Finger32" name="Bip01_L_Finger32">
                                <matrix>0.9636303 -0.2672383 3.72529e-9 0.03366596 0.2672384 0.9636304 4.65661e-9 5.96046e-8 -3.72529e-9 -1.11759e-8 0.9999999 1.19209e-7 0 0 0 1</matrix>
                              </node>
                            </node>
                          </node>
                          <node id="node-Bip01_L_Finger4" name="Bip01_L_Finger4">
                            <matrix>0.07120571 -0.9696807 0.2337718 0.1136796 0.9750155 0.1171046 0.1887628 0.005147398 -0.2104155 0.2144901 0.953792 0.03886575 0 0 0 1</matrix>
                            <node id="node-Bip01_L_Finger41" name="Bip01_L_Finger41">
                              <matrix>0.9790112 -0.2038069 0 0.03661615 0.2038069 0.9790112 -3.72529e-9 5.96046e-8 2.98023e-8 7.45058e-9 1 -1.49012e-8 0 0 0 1</matrix>
                              <node id="node-Bip01_L_Finger42" name="Bip01_L_Finger42">
                                <matrix>0.9645151 0.2640274 -1.49012e-8 0.01772648 -0.2640274 0.9645153 0 -1.19209e-7 0 0 1 0 0 0 0 1</matrix>
                              </node>
                            </node>
                          </node>
                        </node>
                      </node>
                    </node>
                  </node>
                  <node id="node-Bip01_R_Clavicle" name="Bip01_R_Clavicle">
                    <matrix>0.2073931 -0.1669672 -0.9639034 8.67009e-4 0.5679266 -0.781728 0.2576055 -0.01629043 -0.7965221 -0.600852 -0.06729984 -0.07212147 0 0 0 1</matrix>
                    <node id="node-Bip01_R_UpperArm" name="Bip01_R_UpperArm">
                      <matrix sid="matrix">0.3429904 0.9310486 -0.1245239 0.1824006 -0.897829 0.3639126 0.2479329 0 0.2761534 0.02676255 0.960741 0 0 0 0 1</matrix>
                      <node id="node-Bip01_R_Forearm" name="Bip01_R_Forearm">
                        <matrix sid="matrix">-0.06097469 0.9981394 -2.98023e-8 0.2843689 -0.9981394 -0.06097471 2.23517e-8 1.49012e-8 -8.56817e-8 2.98023e-8 1 0 0 0 0 1</matrix>
                        <node id="node-Bip01_R_Hand" name="Bip01_R_Hand">
                          <matrix>0.9247896 0.3771958 -0.04987456 0.2810681 0.2033486 -0.6007847 -0.7731152 0 -0.3215797 0.704827 -0.6323018 1.19209e-7 0 0 0 1</matrix>
                          <node id="node-Bip01_R_Finger0" name="Bip01_R_Finger0">
                            <matrix>0.5215105 0.269013 -0.8097274 0.02119672 0.7250715 0.3605265 0.5867637 -0.004734278 0.4497753 -0.8931139 -0.007035478 0.02572197 0 0 0 1</matrix>
                            <node id="node-Bip01_R_Finger01" name="Bip01_R_Finger01">
                              <matrix>0.6423535 -0.7636237 0.06527566 0.0498285 0.7605616 0.6456373 0.06854747 5.96046e-8 -0.09448889 0.005614539 0.9955103 -2.98023e-8 0 0 0 1</matrix>
                              <node id="node-Bip01_R_Finger02" name="Bip01_R_Finger02">
                                <matrix>0.9505157 -0.3106765 1.11759e-8 0.05202234 0.3106764 0.9505158 -9.31323e-9 -1.19209e-7 1.11759e-8 2.6077e-8 1 0 0 0 0 1</matrix>
                              </node>
                            </node>
                          </node>
                          <node id="node-Bip01_R_Finger1" name="Bip01_R_Finger1">
                            <matrix>0.9820224 -0.1733427 -0.07472671 0.1199946 0.1795577 0.9799358 0.08651488 -0.008367568 0.05823064 -0.09837732 0.993444 0.0410139 0 0 0 1</matrix>
                            <node id="node-Bip01_R_Finger11" name="Bip01_R_Finger11">
                              <matrix>0.8240548 -0.5665103 7.45058e-9 0.03644171 0.5665103 0.8240547 -7.45058e-9 0 0 0 1 0 0 0 0 1</matrix>
                              <node id="node-Bip01_R_Finger12" name="Bip01_R_Finger12">
                                <matrix>0.8146397 -0.5796777 0.01831833 0.03117548 0.5799671 0.8142333 -0.02573048 0 7.45058e-9 0.03158512 0.999501 -5.96046e-8 0 0 0 1</matrix>
                              </node>
                            </node>
                          </node>
                          <node id="node-Bip01_R_Finger2" name="Bip01_R_Finger2">
                            <matrix>0.6754013 -0.7374503 -1.52119e-4 0.1229537 0.7368313 0.6748427 -0.04082685 -0.008802027 0.03021042 0.02746241 0.9991661 0.01328248 0 0 0 1</matrix>
                            <node id="node-Bip01_R_Finger21" name="Bip01_R_Finger21">
                              <matrix>0.5508358 -0.8338858 -0.0348487 0.03895519 0.832222 0.551937 -0.05265062 5.96046e-8 0.0631389 -1.21072e-8 0.9980047 0 0 0 0 1</matrix>
                              <node id="node-Bip01_R_Finger22" name="Bip01_R_Finger22">
                                <matrix>0.1984735 -0.9799246 0.01886611 0.03800538 0.9755273 0.199368 0.09272984 -5.96046e-8 -0.09462957 7.45058e-9 0.9955125 0 0 0 0 1</matrix>
                              </node>
                            </node>
                          </node>
                          <node id="node-Bip01_R_Finger3" name="Bip01_R_Finger3">
                            <matrix>0.7159052 -0.6949216 0.06755453 0.1211881 0.6883786 0.6863562 -0.234627 -0.001191199 0.1166809 0.2144738 0.9697351 -0.01196861 0 0 0 1</matrix>
                            <node id="node-Bip01_R_Finger31" name="Bip01_R_Finger31">
                              <matrix>0.4441952 -0.8949344 0.04222352 0.03155841 0.8909185 0.4461975 0.08468728 0 -0.09462959 2.7474e-8 0.9955125 0 0 0 0 1</matrix>
                              <node id="node-Bip01_R_Finger32" name="Bip01_R_Finger32">
                                <matrix>0.1993681 -0.9794358 -0.03095102 0.03366598 0.9799247 0.1992685 0.006297068 -5.96046e-8 -3.72529e-9 -0.03158511 0.9995011 0 0 0 0 1</matrix>
                              </node>
                            </node>
                          </node>
                          <node id="node-Bip01_R_Finger4" name="Bip01_R_Finger4">
                            <matrix>0.5925791 -0.7897949 -0.1583476 0.1136796 0.7783521 0.6120424 -0.1399001 0.005147427 0.2074078 -0.04034828 0.9774219 -0.03886575 0 0 0 1</matrix>
                            <node id="node-Bip01_R_Finger41" name="Bip01_R_Finger41">
                              <matrix>0.4202555 -0.9064696 0.04120618 0.03661627 0.9068531 0.421151 0.01578781 0 -0.0316652 0.03073305 0.999026 0 0 0 0 1</matrix>
                              <node id="node-Bip01_R_Finger42" name="Bip01_R_Finger42">
                                <matrix>0.402447 -0.9138247 -0.05441486 0.01772636 0.9154231 0.4021218 0.01728317 5.96046e-8 0.006087631 -0.05676818 0.9983688 0 0 0 0 1</matrix>
                              </node>
                            </node>
                          </node>
                          <node id="node-MOUNT0" name="MOUNT0">
                            <matrix>-6.1898e-7 1 3.72529e-9 0.109539 -0.9999999 -6.59085e-7 4.74975e-7 0.0251826 4.74975e-7 3.72529e-9 0.9999999 0.01321661 0 0 0 1</matrix>
                          </node>
                        </node>
                      </node>
                    </node>
                  </node>
                </node>
                <node id="node-Bip01_L_Pauldron_Upper" name="Bip01_L_Pauldron_Upper">
                  <matrix>0.9726267 0.1182923 0.2000107 0.1769031 0.1448455 -0.9816833 -0.1237686 -0.03908372 0.1817062 0.1493514 -0.9719452 0.2290199 0 0 0 1</matrix>
                </node>
                <node id="node-Bip01_R_Pauldron_Lower" name="Bip01_R_Pauldron_Lower">
                  <matrix sid="matrix">-0.1156724 -0.9403759 -0.3198655 0.1729061 0.909775 -0.2295502 0.3458563 -0.1133294 -0.3986598 -0.2509995 0.8820828 -0.2351095 0 0 0 1</matrix>
                </node>
                <node id="node-Bip01_L_Pauldron_Lower" name="Bip01_L_Pauldron_Lower">
                  <matrix>-0.2099969 -0.7687201 0.6041284 0.1529202 0.4002344 -0.6313506 -0.6642359 -0.1054225 0.892028 0.1023055 0.4402497 0.2344801 0 0 0 1</matrix>
                </node>
              </node>
            </node>
            <node id="node-Bip01_L_Thigh" name="Bip01_L_Thigh">
              <matrix sid="matrix">-0.618731 0.7856015 0.001583755 -0.1485699 0.3154328 0.2465839 0.9163508 -4.51162e-4 0.719496 0.5674741 -0.4003734 0.1658256 0 0 0 1</matrix>
              <node id="node-Bip01_L_Calf" name="Bip01_L_Calf">
                <matrix sid="matrix">-0.685423 0.7281451 -3.72529e-9 0.4629987 -0.728145 -0.6854231 0 2.98023e-8 -1.49012e-8 -1.49012e-8 1 0 0 0 0 1</matrix>
                <node id="node-Bip01_L_Foot" name="Bip01_L_Foot">
                  <matrix sid="matrix">0.6452053 -0.7581658 0.09431168 0.3610501 0.763258 0.6451137 -0.03557453 -1.49012e-8 -0.03387034 0.09493698 0.9949068 -1.49012e-8 0 0 0 1</matrix>
                  <node id="node-Bip01_L_Toe0" name="Bip01_L_Toe0">
                    <matrix sid="matrix">-0.4999999 -0.8660254 1.2028e-6 0.1486307 0.8660253 -0.4999999 3.00817e-7 0.1543275 3.40864e-7 1.19116e-6 1 0 0 0 0 1</matrix>
                  </node>
                </node>
              </node>
            </node>
            <node id="node-Bip01_R_Thigh" name="Bip01_R_Thigh">
              <matrix sid="matrix">0.001268685 0.9563193 -0.2923217 -0.2416655 0.8879361 0.1333807 0.4402036 0.01840356 0.4599653 -0.2601215 -0.8489811 -0.07079411 0 0 0 1</matrix>
              <node id="node-Bip01_R_Calf" name="Bip01_R_Calf">
                <matrix sid="matrix">-0.5837122 0.8119607 1.11759e-8 0.4629988 -0.8119606 -0.5837124 -1.49012e-8 0 -3.72529e-8 3.72529e-8 1 4.84288e-8 0 0 0 1</matrix>
                <node id="node-Bip01_R_Foot" name="Bip01_R_Foot">
                  <matrix sid="matrix">0.5641765 -0.8158507 0.1268562 0.3610502 0.8091509 0.5769004 0.1116268 4.47035e-8 -0.1642542 0.03966855 0.9856201 3.72529e-9 0 0 0 1</matrix>
                  <node id="node-Bip01_R_Toe0" name="Bip01_R_Toe0">
                    <matrix sid="matrix">-0.305154 -0.9472737 0.09774536 0.1486307 0.9517197 -0.3069489 -0.003513934 0.1543275 0.03333152 0.09195381 0.9952054 2.23517e-8 0 0 0 1</matrix>
                  </node>
                </node>
              </node>
            </node>
          </node>
          <node id="node-Bip01_FannyPack" name="Bip01_FannyPack">
            <matrix sid="matrix">-0.9629918 -0.2062316 0.1735378 0.2299506 -0.2083318 0.9780384 0.006227053 -0.1378937 -0.1710108 -0.03015685 -0.9848076 0.01013962 0 0 0 1</matrix>
          </node>
        </node>
        <node id="node-EYE" name="EYE">
          <matrix sid="matrix">0.7792377 0.6267179 -0.003664042 0.0585682 -0.6267175 0.7792451 0.001428225 0.07267225 0.003750281 0.001183214 0.999992 0.4778352 0 0 0 1</matrix>
          <node id="node-CAM" name="CAM">
            <matrix>1 -6.03104e-8 3.55271e-15 4.85452e-8 6.03104e-8 1 -2.32831e-9 -0.104 -3.55271e-15 2.32832e-9 1 0.3005601 0 0 0 1</matrix>
          </node>
        </node>
      </node>
      <node id="node-Bounds" name="Bounds">
        <matrix>0.9999915 0.001706907 0.003750479 0 -0.001711356 0.9999978 0.001183292 0.1035326 -0.003748452 -0.0011897 0.9999923 -8.93474e-5 0 0 0 1</matrix>
        <instance_geometry url="#geom-Bounds">
          <bind_material>
            <technique_common>
              <instance_material symbol="ShapeBounds" target="#ShapeBounds-material"/>
            </technique_common>
          </bind_material>
        </instance_geometry>
      </node>
    </visual_scene>
  </library_visual_scenes>
  <library_animations>
    <animation>
      <source id="node-Bip01_matrix-input">
        <float_array id="node-Bip01_matrix-input-array" count="30">13.33333 13.36667 13.4 13.43333 13.46667 13.5 13.53333 13.56667 13.6 13.63333 13.66667 13.7 13.73333 13.76667 13.8 13.83333 13.86667 13.9 13.93333 13.96667 14 14.03333 14.06667 14.1 14.13333 14.16667 14.2 14.23333 14.26667 14.3</float_array>
        <technique_common>
          <accessor source="#node-Bip01_matrix-input-array" count="30" stride="1">
            <param name="TIME" type="float"/>
          </accessor>
        </technique_common>
      </source>
      <source id="node-Bip01_matrix-output">
        <float_array id="node-Bip01_matrix-output-array" count="480">0.7792375 -0.6267175 0.003750205 -8.10623e-5 0.626718 0.7792453 0.00118339 0.009366631 -0.003663957 0.001428186 0.9999923 0.561098 0 0 0 1 0.7792375 -0.6267175 0.003750205 -7.75352e-5 0.626718 0.7792453 0.00118339 0.009366631 -0.003663957 0.001428186 0.9999923 0.5704383 0 0 0 1 0.7792375 -0.6267175 0.003750205 -6.83108e-5 0.626718 0.7792453 0.00118339 0.009366631 -0.003663957 0.001428186 0.9999923 0.5775269 0 0 0 1 0.7792375 -0.6267175 0.003750205 -5.5347e-5 0.626718 0.7792453 0.00118339 0.009366631 -0.003663957 0.001428186 0.9999923 0.5827016 0 0 0 1 0.7792375 -0.6267175 0.003750205 -4.0531e-5 0.626718 0.7792453 0.00118339 0.009366631 -0.003663957 0.001428186 0.9999923 0.5862782 0 0 0 1 0.7792375 -0.6267175 0.003750205 -2.57149e-5 0.626718 0.7792453 0.00118339 0.009366631 -0.003663957 0.001428186 0.9999923 0.5885569 0 0 0 1 0.7792375 -0.6267175 0.003750205 -1.2751e-5 0.626718 0.7792453 0.00118339 0.009366631 -0.003663957 0.001428186 0.9999923 0.5898287 0 0 0 1 0.7792375 -0.6267175 0.003750205 -3.52664e-6 0.626718 0.7792453 0.00118339 0.009366631 -0.003663957 0.001428186 0.9999923 0.5903804 0 0 0 1 0.7792375 -0.6267175 0.003750205 0 0.626718 0.7792453 0.00118339 0.009366631 -0.003663957 0.001428186 0.9999923 0.5904994 0 0 0 1 0.7792375 -0.6267175 0.003750205 0 0.626718 0.7792453 0.00118339 0.009366631 -0.003663957 0.001428186 0.9999923 0.587822 0 0 0 1 0.7792375 -0.6267175 0.003750205 0 0.626718 0.7792453 0.00118339 0.009366631 -0.003663957 0.001428186 0.9999923 0.5809765 0 0 0 1 0.7792375 -0.6267175 0.003750205 0 0.626718 0.7792453 0.00118339 0.009366631 -0.003663957 0.001428186 0.9999923 0.5716706 0 0 0 1 0.7792375 -0.6267175 0.003750205 0 0.626718 0.7792453 0.00118339 0.009366631 -0.003663957 0.001428186 0.9999923 0.5615513 0 0 0 1 0.7792375 -0.6267175 0.003750205 0 0.626718 0.7792453 0.00118339 0.009366631 -0.003663957 0.001428186 0.9999923 0.5522454 0 0 0 1 0.7792375 -0.6267175 0.003750205 0 0.626718 0.7792453 0.00118339 0.009366631 -0.003663957 0.001428186 0.9999923 0.5453999 0 0 0 1 0.7792375 -0.6267175 0.003750205 0 0.626718 0.7792453 0.00118339 0.009366631 -0.003663957 0.001428186 0.9999923 0.5427222 0 0 0 1 0.7792375 -0.6267175 0.003750205 0 0.626718 0.7792453 0.00118339 0.009366631 -0.003663957 0.001428186 0.9999923 0.5448191 0 0 0 1 0.7792375 -0.6267175 0.003750205 0 0.626718 0.7792453 0.00118339 0.009366631 -0.003663957 0.001428186 0.9999923 0.5503032 0 0 0 1 0.7792375 -0.6267175 0.003750205 0 0.626718 0.7792453 0.00118339 0.009366631 -0.003663957 0.001428186 0.9999923 0.5580102 0 0 0 1 0.7792375 -0.6267175 0.003750205 0 0.626718 0.7792453 0.00118339 0.009366631 -0.003663957 0.001428186 0.9999923 0.5668185 0 0 0 1 0.7792375 -0.6267175 0.003750205 0 0.626718 0.7792453 0.00118339 0.009366631 -0.003663957 0.001428186 0.9999923 0.5756269 0 0 0 1 0.7792375 -0.6267175 0.003750205 0 0.626718 0.7792453 0.00118339 0.009366631 -0.003663957 0.001428186 0.9999923 0.583334 0 0 0 1 0.7792375 -0.6267175 0.003750205 0 0.626718 0.7792453 0.00118339 0.009366631 -0.003663957 0.001428186 0.9999923 0.588818 0 0 0 1 0.7792375 -0.6267175 0.003750205 0 0.626718 0.7792453 0.00118339 0.009366631 -0.003663957 0.001428186 0.9999923 0.5909146 0 0 0 1 0.7792375 -0.6267175 0.003750205 -4.54267e-6 0.626718 0.7792453 0.00118339 0.009366631 -0.003663957 0.001428186 0.9999923 0.5881708 0 0 0 1 0.7792375 -0.6267175 0.003750205 -1.61573e-5 0.626718 0.7792453 0.00118339 0.009366631 -0.003663957 0.001428186 0.9999923 0.5814179 0 0 0 1 0.7792375 -0.6267175 0.003750205 -3.19463e-5 0.626718 0.7792453 0.00118339 0.009366631 -0.003663957 0.001428186 0.9999923 0.5727921 0 0 0 1 0.7792375 -0.6267175 0.003750205 -4.91155e-5 0.626718 0.7792453 0.00118339 0.009366631 -0.003663957 0.001428186 0.9999923 0.564365 0 0 0 1 0.7792375 -0.6267175 0.003750205 -6.49045e-5 0.626718 0.7792453 0.00118339 0.009366631 -0.003663957 0.001428186 0.9999923 0.5581949 0 0 0 1 0.7792375 -0.6267175 0.003750205 -7.65191e-5 0.626718 0.7792453 0.00118339 0.009366631 -0.003663957 0.001428186 0.9999923 0.5563775 0 0 0 1</float_array>
        <technique_common>
          <accessor source="#node-Bip01_matrix-output-array" count="30" stride="16">
            <param name="TRANSFORM" type="float4x4"/>
          </accessor>
        </technique_common>
      </source>
      <source id="node-Bip01_matrix-interpolation">
        <Name_array id="node-Bip01_matrix-interpolation-array" count="30">LINEAR LINEAR LINEAR LINEAR LINEAR LINEAR LINEAR LINEAR LINEAR LINEAR LINEAR LINEAR LINEAR LINEAR LINEAR LINEAR LINEAR LINEAR LINEAR LINEAR LINEAR LINEAR LINEAR LINEAR LINEAR LINEAR LINEAR LINEAR LINEAR LINEAR</Name_array>
        <technique_common>
          <accessor source="#node-Bip01_matrix-interpolation-array" count="30" stride="1">
            <param name="INTERPOLATION" type="name"/>
          </accessor>
        </technique_common>
      </source>
      <source id="node-Bip01_Pelvis_matrix-input">
        <float_array id="node-Bip01_Pelvis_matrix-input-array" count="30">13.33333 13.36667 13.4 13.43333 13.46667 13.5 13.53333 13.56667 13.6 13.63333 13.66667 13.7 13.73333 13.76667 13.8 13.83333 13.86667 13.9 13.93333 13.96667 14 14.03333 14.06667 14.1 14.13333 14.16667 14.2 14.23333 14.26667 14.3</float_array>
        <technique_common>
          <accessor source="#node-Bip01_Pelvis_matrix-input-array" count="30" stride="1">
            <param name="TIME" type="float"/>
          </accessor>
        </technique_common>
      </source>
      <source id="node-Bip01_Pelvis_matrix-output">
        <float_array id="node-Bip01_Pelvis_matrix-output-array" count="480">-0.009626686 0.991236 0.1317526 0 -0.1217413 -0.1319403 0.9837535 0 0.9925152 -0.006569385 0.1219445 0 0 0 0 1 -0.004591643 0.9923534 0.1233437 0 -0.1044424 -0.1231463 0.9868773 0 0.9945203 -0.008350908 0.1042092 0 0 0 0 1 0.004638254 0.9941541 0.1078711 0 -0.0696882 -0.1072886 0.9917827 0 0.9975579 -0.0121175 0.06878316 0 0 0 0 1 0.01482164 0.9961261 0.08667773 0 -0.02470844 -0.0862959 0.9959631 0 0.9995847 -0.01690346 0.02333372 0 0 0 0 1 0.02324074 0.9978371 0.06149178 0 0.0232535 -0.06203132 0.9978033 0 0.9994594 -0.02175974 -0.02464485 0 0 0 0 1 0.02812671 0.9990083 0.03451746 0 0.06686812 -0.03633409 0.9971001 0 0.9973652 -0.02573704 -0.06782376 0 0 0 0 1 0.02883338 0.9995504 0.008236408 0 0.09878176 -0.01104885 0.9950479 0 0.9946914 -0.02787697 -0.09905588 0 0 0 0 1 0.02570289 0.9995584 -0.01490914 0 0.1116182 0.01195126 0.9936794 0 0.9934188 -0.02720457 -0.1112617 0 0 0 0 1 0.01961016 0.9992695 -0.03280454 0 0.09777808 0.0307368 0.9947335 0 0.9950151 -0.02271443 -0.09710389 0 0 0 0 1 0.008143842 0.998131 -0.06056493 0 0.03700292 0.06022459 0.9974988 0 0.999282 -0.01036453 -0.03644329 0 0 0 0 1 -0.001597225 0.9953626 -0.09618109 0 -0.04609793 0.09600555 0.9943129 0 0.9989356 0.006021916 0.04573082 0 0 0 0 1 -0.005906403 0.9940372 -0.1088817 0 -0.09394544 0.1078504 0.9897184 0 0.9955598 0.01607465 0.09274828 0 0 0 0 1 -0.01014763 0.9976273 -0.06809324 0 -0.07639098 0.0671243 0.994816 0 0.9970262 0.01529675 0.07552856 0 0 0 0 1 -0.008945465 0.9999136 0.009640634 0 -0.02139973 -0.009830176 0.9997227 0 0.9997309 0.00873667 0.0214858 0 0 0 0 1 0.003492951 0.9961324 0.08779543 0 0.04157423 -0.08786463 0.9952645 0 0.9991292 1.73571e-4 -0.04172039 0 0 0 0 1 0.0176382 0.991236 0.1309209 0 0.08289796 -0.1319403 0.9877853 0 0.9964018 -0.006569683 -0.08449864 0 0 0 0 1 0.02773922 0.9890731 0.1447924 0 0.09531813 -0.1468054 0.9845621 0 0.9950603 -0.01350963 -0.09834891 0 0 0 0 1 0.03922653 0.9867938 0.1571605 0 0.09336292 -0.1602131 0.9826573 0 0.9948591 -0.02387326 -0.09841454 0 0 0 0 1 0.05019497 0.9846457 0.1671927 0 0.08065354 -0.1708533 0.98199 0 0.9954775 -0.03580629 -0.08799117 0 0 0 0 1 0.05912369 0.9829839 0.1739171 0 0.06058198 -0.1774339 0.9822663 0 0.9964106 -0.04753899 -0.07004171 0 0 0 0 1 0.0648421 0.9822404 0.1760662 0 0.03639352 -0.1786479 0.9832398 0 0.9972316 -0.05734765 -0.04733109 0 0 0 0 1 0.06644678 0.9828487 0.1720271 0 0.01126635 -0.1731362 0.9848335 0 0.9977263 -0.06350094 -0.02257746 0 0 0 0 1 0.06314677 0.9851174 0.1598638 0 -0.01160198 -0.159448 0.9871382 0 0.9979367 -0.06418931 0.001360654 0 0 0 0 1 0.05400121 0.9890418 0.1374058 0 -0.02888631 -0.1360018 0.9902874 0 0.9981229 -0.05744588 0.02122551 0 0 0 0 1 0.03188771 0.9958164 0.08563274 0 -0.05521613 -0.08379042 0.9949526 0 0.997965 -0.03645503 0.05231326 0 0 0 0 1 0.006014704 0.9998509 0.01618629 0 -0.09193009 -0.01556521 0.9956438 0 0.9957473 -0.007476508 0.09182274 0 0 0 0 1 -0.008875668 0.9996628 -0.02440351 0 -0.1161357 0.02320885 0.9929622 0 0.9931937 0.01164728 0.1158905 0 0 0 0 1 -0.01272815 0.9998876 -0.007926344 0 -0.1228656 0.006303071 0.9924033 0 0.9923416 0.01360535 0.1227716 0 0 0 0 1 -0.01265329 0.99906 0.04146188 0 -0.1241787 -0.04271417 0.9913401 0 0.9921792 0.007395029 0.1246024 0 0 0 0 1 -0.01080203 0.9952374 0.09688097 0 -0.1227472 -0.09747356 0.9876397 0 0.9923792 -0.001223325 0.1232155 0 0 0 0 1</float_array>
        <technique_common>
          <accessor source="#node-Bip01_Pelvis_matrix-output-array" count="30" stride="16">
            <param name="TRANSFORM" type="float4x4"/>
          </accessor>
        </technique_common>
      </source>
      <source id="node-Bip01_Pelvis_matrix-interpolation">
        <Name_array id="node-Bip01_Pelvis_matrix-interpolation-array" count="30">LINEAR LINEAR LINEAR LINEAR LINEAR LINEAR LINEAR LINEAR LINEAR LINEAR LINEAR LINEAR LINEAR LINEAR LINEAR LINEAR LINEAR LINEAR LINEAR LINEAR LINEAR LINEAR LINEAR LINEAR LINEAR LINEAR LINEAR LINEAR LINEAR LINEAR</Name_array>
        <technique_common>
          <accessor source="#node-Bip01_Pelvis_matrix-interpolation-array" count="30" stride="1">
            <param name="INTERPOLATION" type="name"/>
          </accessor>
        </technique_common>
      </source>
      <source id="node-Bip01_Spine_matrix-input">
        <float_array id="node-Bip01_Spine_matrix-input-array" count="30">13.33333 13.36667 13.4 13.43333 13.46667 13.5 13.53333 13.56667 13.6 13.63333 13.66667 13.7 13.73333 13.76667 13.8 13.83333 13.86667 13.9 13.93333 13.96667 14 14.03333 14.06667 14.1 14.13333 14.16667 14.2 14.23333 14.26667 14.3</float_array>
        <technique_common>
          <accessor source="#node-Bip01_Spine_matrix-input-array" count="30" stride="1">
            <param name="TIME" type="float"/>
          </accessor>
        </technique_common>
      </source>
      <source id="node-Bip01_Spine_matrix-output">
        <float_array id="node-Bip01_Spine_matrix-output-array" count="480">0.9142388 -0.1596022 -0.3724171 0.1975123 0.1756539 0.9844077 0.009333312 0.02499341 0.3651207 -0.07394945 0.9280186 0.02780973 0 0 0 1 0.921107 -0.1582483 -0.3556953 0.1980457 0.1761747 0.9841875 0.01835757 0.02466821 0.3471658 -0.07957392 0.9344216 0.02405267 0 0 0 1 0.9337749 -0.1562129 -0.3219661 0.1988965 0.1765413 0.9836798 0.03474372 0.02396571 0.3112841 -0.08928316 0.9461135 0.01658308 0 0 0 1 0.9479826 -0.1549525 -0.2780624 0.1995713 0.1771292 0.9825745 0.05632889 0.02306467 0.2644887 -0.1026519 0.9589101 0.006964445 0 0 0 1 0.9604378 -0.1555713 -0.2309907 0.1997705 0.1783296 0.9806287 0.08102828 0.02214276 0.2139105 -0.1190151 0.969576 -0.003264069 0 0 0 1 0.9692904 -0.1584698 -0.1880521 0.1994835 0.1805726 0.9777461 0.1068001 0.02138173 0.1669426 -0.1374775 0.9763351 -0.01258379 0 0 0 1 0.97407 -0.1631677 -0.1567277 0.1989698 0.1843356 0.9740102 0.1316217 0.0209701 0.1311781 -0.1570993 0.978832 -0.0195046 0 0 0 1 0.9750765 -0.168327 -0.1445391 0.1986334 0.1901451 0.9696877 0.1534625 0.02110463 0.114326 -0.1771211 0.9775263 -0.022551 0 0 0 1 0.972184 -0.1719643 -0.1590175 0.1987895 0.1985738 0.9651855 0.1702503 0.02199196 0.1242045 -0.1970914 0.9724856 -0.02020472 0 0 0 1 0.9601368 -0.1726667 -0.219826 0.1993346 0.216699 0.9565345 0.1951497 0.024423 0.1765753 -0.2350065 0.9558207 -0.008854091 0 0 0 1 0.9390549 -0.1668076 -0.3005849 0.1990058 0.2397283 0.9444512 0.2248163 0.0276153 0.2463867 -0.2831735 0.9268798 0.006574749 0 0 0 1 0.9241735 -0.1616243 -0.3460934 0.1982182 0.2516649 0.9392506 0.2333945 0.02958339 0.2873463 -0.3027967 0.9087059 0.0156064 0 0 0 1 0.9286074 -0.1691989 -0.3302422 0.1983981 0.2425398 0.9503207 0.1951022 0.02952307 0.2808249 -0.2612704 0.9235124 0.01325768 0 0 0 1 0.9437927 -0.1785805 -0.2781443 0.1989698 0.219498 0.9677715 0.1234446 0.02827543 0.2471354 -0.1775584 0.952574 0.004551947 0 0 0 1 0.9600265 -0.1779777 -0.2160403 0.1991809 0.1930143 0.9798982 0.0504477 0.02646762 0.2027189 -0.09013003 0.9750804 -0.00596857 0 0 0 1 0.9697382 -0.1713874 -0.1738807 0.1990134 0.1756536 0.9844077 0.009333491 0.02499336 0.1695699 -0.03959375 0.9847226 -0.01334834 0 0 0 1 0.9734094 -0.163656 -0.1602851 0.1990143 0.1652535 0.9862454 -0.003404915 0.02355289 0.1586377 -0.02317321 0.9870651 -0.01574009 0 0 0 1 0.9752301 -0.152148 -0.1605527 0.199279 0.1519007 0.9882982 -0.01388621 0.02142715 0.1607868 -0.01084578 0.9869296 -0.01542496 0 0 0 1 0.975303 -0.1393144 -0.1713929 0.1996931 0.1377058 0.9902442 -0.02129858 0.01899218 0.1726881 -0.002829194 0.9849725 -0.01308178 0 0 0 1 0.9735854 -0.1271603 -0.1896355 0.2001157 0.1247172 0.991882 -0.02481144 0.01661014 0.191251 5.05177e-4 0.981541 -0.009326696 0 0 0 1 0.9701511 -0.1173388 -0.2122231 0.2004307 0.1149601 0.9930908 -0.02355736 0.01463586 0.213521 -0.001542806 0.9769374 -0.00474435 0 0 0 1 0.9653176 -0.1112688 -0.2361811 0.2005715 0.1104782 0.9937397 -0.01662182 0.013426 0.236552 -0.01004743 0.971567 8.09161e-5 0 0 0 1 0.9596745 -0.110309 -0.2585671 0.2005256 0.1133837 0.9935467 -0.003038465 0.01334923 0.2572337 -0.02640122 0.9659886 0.004528105 0 0 0 1 0.9540156 -0.1160238 -0.2763924 0.2003195 0.1259013 0.9918758 0.01820105 0.01479744 0.2720352 -0.05216217 0.9608724 0.007890462 0 0 0 1 0.9432294 -0.1325691 -0.3045385 0.199701 0.1590371 0.9852156 0.06370049 0.01916062 0.2915914 -0.1085171 0.9503677 0.01271122 0 0 0 1 0.9273489 -0.1504914 -0.3426021 0.1985719 0.2027809 0.9715811 0.1221067 0.02504301 0.3144898 -0.1827087 0.9315115 0.01874101 0 0 0 1 0.9163039 -0.1600205 -0.3671248 0.1976675 0.2296361 0.9609701 0.1542841 0.02884924 0.3281073 -0.2256764 0.9172872 0.02245962 0 0 0 1 0.9131594 -0.162367 -0.3738676 0.1973955 0.2277469 0.9639444 0.1376324 0.02924513 0.3380406 -0.2108278 0.9172134 0.02426797 0 0 0 1 0.9127257 -0.1620257 -0.3750725 0.1973651 0.2106508 0.9732035 0.09220194 0.02798497 0.3500828 -0.1631645 0.9223988 0.02594339 0 0 0 1 0.9136326 -0.1605315 -0.3735036 0.197454 0.1893359 0.9810356 0.04148894 0.02616536 0.3597601 -0.1086233 0.9267005 0.02713763 0 0 0 1</float_array>
        <technique_common>
          <accessor source="#node-Bip01_Spine_matrix-output-array" count="30" stride="16">
            <param name="TRANSFORM" type="float4x4"/>
          </accessor>
        </technique_common>
      </source>
      <source id="node-Bip01_Spine_matrix-interpolation">
        <Name_array id="node-Bip01_Spine_matrix-interpolation-array" count="30">LINEAR LINEAR LINEAR LINEAR LINEAR LINEAR LINEAR LINEAR LINEAR LINEAR LINEAR LINEAR LINEAR LINEAR LINEAR LINEAR LINEAR LINEAR LINEAR LINEAR LINEAR LINEAR LINEAR LINEAR LINEAR LINEAR LINEAR LINEAR LINEAR LINEAR</Name_array>
        <technique_common>
          <accessor source="#node-Bip01_Spine_matrix-interpolation-array" count="30" stride="1">
            <param name="INTERPOLATION" type="name"/>
          </accessor>
        </technique_common>
      </source>
      <source id="node-Bip01_Spine1_matrix-input">
