<?xml version="1.0" encoding="utf-8"?>
<COLLADA xmlns="http://www.collada.org/2005/11/COLLADASchema" version="1.4.1">
  <asset>
    <contributor>
      <author>MattO</author>
      <authoring_tool>OpenCOLLADA for 3ds Max;  Version: 1.3.0;  Revision: 839M;  Platform: x64;  Configuration: Release_Max2012</authoring_tool>
      <source_data>file:///C:/Dropbox/Prj/GGStout/Lurker/SoldierTP_Lurker_Animation_Master.max</source_data>
    </contributor>
    <created>2011-09-29T23:38:19</created>
    <modified>2011-09-29T23:38:19</modified>
    <unit name="meter" meter="1"/>
    <up_axis>Z_UP</up_axis>
  </asset>
  <library_effects>
    <effect id="ShapeBounds">
      <profile_COMMON>
        <technique sid="common">
          <blinn>
            <emission>
              <color>0 0 0 1</color>
            </emission>
            <ambient>
              <color>0.1647059 1 0 1</color>
            </ambient>
            <diffuse>
              <color>0.1647059 1 0 1</color>
            </diffuse>
            <specular>
              <color>0.9 0.9 0.9 1</color>
            </specular>
            <shininess>
              <float>10</float>
            </shininess>
            <reflective>
              <color>0 0 0 1</color>
            </reflective>
            <transparent opaque="A_ONE">
              <color>1 1 1 1</color>
            </transparent>
            <transparency>
              <float>1</float>
            </transparency>
          </blinn>
        </technique>
      </profile_COMMON>
      <extra>
        <technique profile="OpenCOLLADA3dsMax">
          <extended_shader>
            <apply_reflection_dimming>0</apply_reflection_dimming>
            <dim_level>0</dim_level>
            <falloff_type>0</falloff_type>
            <index_of_refraction>1.5</index_of_refraction>
            <opacity_type>0</opacity_type>
            <reflection_level>3</reflection_level>
            <wire_size>1</wire_size>
            <wire_units>0</wire_units>
          </extended_shader>
          <shader>
            <ambient_diffuse_lock>1</ambient_diffuse_lock>
            <ambient_diffuse_texture_lock>1</ambient_diffuse_texture_lock>
            <diffuse_specular_lock>0</diffuse_specular_lock>
            <soften>0.1</soften>
            <use_self_illum_color>0</use_self_illum_color>
          </shader>
        </technique>
      </extra>
    </effect>
  </library_effects>
  <library_materials>
    <material id="ShapeBounds-material" name="ShapeBounds">
      <instance_effect url="#ShapeBounds"/>
    </material>
  </library_materials>
  <library_geometries>
    <geometry id="geom-Bounds" name="Bounds">
      <mesh>
        <source id="geom-Bounds-positions">
          <float_array id="geom-Bounds-positions-array" count="24">-0.425 -0.425 0 0.425 -0.425 0 -0.425 0.425 0 0.425 0.425 0 -0.425 -0.425 1.84 0.425 -0.425 1.84 -0.425 0.425 1.84 0.425 0.425 1.84</float_array>
          <technique_common>
            <accessor source="#geom-Bounds-positions-array" count="8" stride="3">
              <param name="X" type="float"/>
              <param name="Y" type="float"/>
              <param name="Z" type="float"/>
            </accessor>
          </technique_common>
        </source>
        <source id="geom-Bounds-normals">
          <float_array id="geom-Bounds-normals-array" count="72">0 0 -1 0 0 -1 0 0 -1 0 0 -1 0 0 1 0 0 1 0 0 1 0 0 1 0 -1 0 0 -1 0 0 -1 0 0 -1 0 1 0 0 1 0 0 1 0 0 1 0 0 0 1 0 0 1 0 0 1 0 0 1 0 -1 0 0 -1 0 0 -1 0 0 -1 0 0</float_array>
          <technique_common>
            <accessor source="#geom-Bounds-normals-array" count="24" stride="3">
              <param name="X" type="float"/>
              <param name="Y" type="float"/>
              <param name="Z" type="float"/>
            </accessor>
          </technique_common>
        </source>
        <source id="geom-Bounds-map1">
          <float_array id="geom-Bounds-map1-array" count="36">0 0 0 1 0 0 0 1 0 1 1 0 0 0 0 1 0 0 0 1 0 1 1 0 0 0 0 1 0 0 0 1 0 1 1 0</float_array>
          <technique_common>
            <accessor source="#geom-Bounds-map1-array" count="12" stride="3">
              <param name="S" type="float"/>
              <param name="T" type="float"/>
              <param name="P" type="float"/>
            </accessor>
          </technique_common>
        </source>
        <vertices id="geom-Bounds-vertices">
          <input semantic="POSITION" source="#geom-Bounds-positions"/>
        </vertices>
        <triangles material="ShapeBounds" count="12">
          <input semantic="VERTEX" source="#geom-Bounds-vertices" offset="0"/>
          <input semantic="NORMAL" source="#geom-Bounds-normals" offset="1"/>
          <input semantic="TEXCOORD" source="#geom-Bounds-map1" offset="2" set="0"/>
          <p>0 0 9 2 1 11 3 2 10 3 2 10 1 3 8 0 0 9 4 4 8 5 5 9 7 6 11 7 6 11 6 7 10 4 4 8 0 8 4 1 9 5 5 10 7 5 10 7 4 11 6 0 8 4 1 12 0 3 13 1 7 14 3 7 14 3 5 15 2 1 12 0 3 16 4 2 17 5 6 18 7 6 18 7 7 19 6 3 16 4 2 20 0 0 21 1 4 22 3 4 22 3 6 23 2 2 20 0</p>
        </triangles>
      </mesh>
      <extra>
        <technique profile="OpenCOLLADA3dsMax">
          <max_box>
            <generateuvs>1</generateuvs>
            <height>1.84</height>
            <heightsegments>1</heightsegments>
            <length>0.85</length>
            <lengthsegments>1</lengthsegments>
            <width>0.85</width>
            <widthsegments>1</widthsegments>
          </max_box>
        </technique>
      </extra>
    </geometry>
  </library_geometries>
  <library_lights>
    <light id="EnvironmentAmbientLight" name="EnvironmentAmbientLight">
      <technique_common>
        <ambient>
          <color>0 0 0</color>
        </ambient>
      </technique_common>
    </light>
  </library_lights>
  <library_visual_scenes>
    <visual_scene id="MaxScene">
      <node name="EnvironmentAmbientLight">
        <instance_light url="#EnvironmentAmbientLight"/>
      </node>
      <node id="node-Bip01" name="Bip01">
        <matrix sid="matrix">0.7792375 -0.6267175 0.003750234 -8.10623e-5 0.626718 0.7792453 0.001183393 0.009366653 -0.003664005 0.001428194 0.9999923 0.8572094 0 0 0 1</matrix>
        <node id="node-Bip01_Pelvis" name="Bip01_Pelvis">
          <matrix sid="matrix">-0.01362201 0.9946367 -0.1025299 0 -0.08326687 0.1010549 0.9913902 0 0.996434 0.02204208 0.0814437 0 0 0 0 1</matrix>
          <node id="node-Bip01_Spine" name="Bip01_Spine">
            <matrix sid="matrix">0.9257579 -0.1711981 -0.3371403 0.1981878 0.2559394 0.9400379 0.2254411 0.0307883 0.2783296 -0.2949914 0.9140638 0.01352245 0 0 0 1</matrix>
            <node id="node-Bip01_Spine1" name="Bip01_Spine1">
              <matrix sid="matrix">0.9850425 0.02363086 -0.1706848 0.1022274 -0.01319332 0.9979873 0.06202859 -1.00851e-4 0.1718071 -0.05884881 0.9833716 5.90086e-6 0 0 0 1</matrix>
              <node id="node-Bip01_Spine2" name="Bip01_Spine2">
                <matrix>0.9369742 -0.3477308 -0.03409594 0.1269255 0.349036 0.9270917 0.1366548 -1.58772e-4 -0.01590914 -0.1399426 0.9900317 2.40505e-5 0 0 0 1</matrix>
                <node id="node-Bip01_Neck" name="Bip01_Neck">
                  <matrix>0.8407081 -0.4308255 0.3280236 0.215107 0.4136219 0.9019013 0.1244631 -4.96805e-5 -0.3494668 0.03104061 0.9364345 -1.66893e-6 0 0 0 1</matrix>
                  <node id="node-Bip01_Head" name="Bip01_Head">
                    <matrix sid="matrix">0.9445354 -0.09663767 -0.313869 0.07051814 -0.2756743 0.2861071 -0.9176853 -0.01395923 0.1784831 0.9533119 0.2435978 -1.49012e-8 0 0 0 1</matrix>
                    <node id="node-ALTEYE" name="ALTEYE">
                      <matrix sid="matrix">0.4522428 0.4115258 0.7912799 0.06454694 0.04689857 0.8749896 -0.4818653 0.2214611 -0.8906611 0.2550297 0.3764077 0.04716253 0 0 0 1</matrix>
                    </node>
                  </node>
                  <node id="node-Bip01_L_Clavicle" name="Bip01_L_Clavicle">
                    <matrix>-0.5778345 -0.4531801 0.6787745 -0.04690337 0.283809 -0.8913431 -0.3534965 -0.01204777 0.7652187 -0.01162022 0.6436654 0.055884 0 0 0 1</matrix>
                    <node id="node-Bip01_L_UpperArm" name="Bip01_L_UpperArm">
                      <matrix sid="matrix">0.8944523 0.4189664 0.1562756 0.1824008 -0.3082951 0.3246489 0.8941796 -5.96046e-8 0.3238966 -0.8479801 0.4195484 0 0 0 0 1</matrix>
                      <node id="node-Bip01_L_Forearm" name="Bip01_L_Forearm">
                        <matrix sid="matrix">0.3570989 0.9340667 -2.98023e-8 0.284369 -0.9340667 0.3570989 0 1.19209e-7 -1.49012e-8 -5.96046e-8 1 0 0 0 0 1</matrix>
                        <node id="node-Bip01_L_Hand" name="Bip01_L_Hand">
                          <matrix sid="matrix">0.9547524 0.2259902 -0.1933295 0.2810681 0.1231141 -0.8920777 -0.434788 -1.78814e-7 -0.2707227 0.3913132 -0.8795359 5.96046e-8 0 0 0 1</matrix>
                          <node id="node-Bip01_L_Finger0" name="Bip01_L_Finger0">
                            <matrix>0.6413841 0.3141903 0.6999363 0.02119666 0.7352948 0.008702902 -0.6776913 -0.004734159 -0.2190156 0.94932 -0.2254407 -0.02572185 0 0 0 1</matrix>
                            <node id="node-Bip01_L_Finger01" name="Bip01_L_Finger01">
                              <matrix>0.9975642 -0.06975639 0 0.04982841 0.06975648 0.9975643 2.6077e-8 2.98023e-8 -2.98023e-8 3.35276e-8 1 5.96046e-8 0 0 0 1</matrix>
                              <node id="node-Bip01_L_Finger02" name="Bip01_L_Finger02">
                                <matrix>0.9203137 0.3911814 0 0.05202246 -0.3911814 0.9203135 3.72529e-9 0 -2.98023e-8 -1.49012e-8 1 0 0 0 0 1</matrix>
                              </node>
                            </node>
                          </node>
                          <node id="node-Bip01_L_Finger1" name="Bip01_L_Finger1">
                            <matrix>0.9592717 -0.2819769 -0.01693495 0.1199946 0.2798395 0.9567643 -0.07931918 -0.008367479 0.03856894 0.07134952 0.9967054 -0.04101384 0 0 0 1</matrix>
                            <node id="node-Bip01_L_Finger11" name="Bip01_L_Finger11">
                              <matrix>0.7001772 -0.7139691 7.45058e-9 0.03644168 0.7139691 0.7001772 -1.49012e-8 -1.19209e-7 7.45058e-8 -4.84288e-8 1 -5.96046e-8 0 0 0 1</matrix>
                              <node id="node-Bip01_L_Finger12" name="Bip01_L_Finger12">
                                <matrix>0.875726 -0.4828088 -2.98023e-8 0.03117561 0.4828088 0.8757259 -3.35276e-8 2.98023e-8 -2.98023e-8 1.3411e-7 1 -5.96046e-8 0 0 0 1</matrix>
                              </node>
                            </node>
                          </node>
                          <node id="node-Bip01_L_Finger2" name="Bip01_L_Finger2">
                            <matrix>0.6611331 -0.7495597 -0.03260923 0.1229537 0.7489769 0.6568218 0.08728343 -0.008801937 -0.04400571 -0.08212954 0.9956496 -0.01328242 0 0 0 1</matrix>
                            <node id="node-Bip01_L_Finger21" name="Bip01_L_Finger21">
                              <matrix>0.8156035 -0.5786111 -2.32831e-9 0.03895533 0.5786111 0.8156036 -1.11759e-8 -5.96046e-8 3.63216e-8 2.12458e-8 0.9999999 -5.96046e-8 0 0 0 1</matrix>
                              <node id="node-Bip01_L_Finger22" name="Bip01_L_Finger22">
                                <matrix>0.976296 -0.2164397 -1.86265e-9 0.03800535 0.2164396 0.976296 -4.64497e-8 5.96046e-8 -1.11759e-8 -4.65661e-9 1 5.96046e-8 0 0 0 1</matrix>
                              </node>
                            </node>
                          </node>
                          <node id="node-Bip01_L_Finger3" name="Bip01_L_Finger3">
                            <matrix>0.4124629 -0.9064789 -0.0903885 0.1211881 0.9061532 0.3980611 0.1429456 -0.00119102 -0.09359707 -0.1408656 0.9855945 0.01196867 0 0 0 1</matrix>
                            <node id="node-Bip01_L_Finger31" name="Bip01_L_Finger31">
                              <matrix>0.9381478 -0.3462352 3.72529e-9 0.03155839 0.3462351 0.9381479 -2.6077e-8 0 1.49012e-8 -5.12227e-9 1 -5.96046e-8 0 0 0 1</matrix>
                              <node id="node-Bip01_L_Finger32" name="Bip01_L_Finger32">
                                <matrix>0.9636304 -0.2672384 3.72529e-9 0.03366601 0.2672384 0.9636303 1.81608e-8 5.96046e-8 3.35276e-8 7.91624e-8 0.9999999 -5.96046e-8 0 0 0 1</matrix>
                              </node>
                            </node>
                          </node>
                          <node id="node-Bip01_L_Finger4" name="Bip01_L_Finger4">
                            <matrix>0.07120565 -0.9696805 0.2337718 0.1136796 0.9750153 0.1171045 0.1887628 0.005147576 -0.2104155 0.2144901 0.953792 0.03886575 0 0 0 1</matrix>
                            <node id="node-Bip01_L_Finger41" name="Bip01_L_Finger41">
                              <matrix>0.9790112 -0.2038069 0 0.03661621 0.2038069 0.9790112 -9.31323e-10 0 0 -6.70552e-8 0.9999999 0 0 0 0 1</matrix>
                              <node id="node-Bip01_L_Finger42" name="Bip01_L_Finger42">
                                <matrix>0.964515 0.2640274 1.49012e-8 0.01772618 -0.2640274 0.9645151 -3.35276e-8 1.19209e-7 0 3.77186e-8 0.9999999 5.96046e-8 0 0 0 1</matrix>
                              </node>
                            </node>
                          </node>
                        </node>
                      </node>
                    </node>
                  </node>
                  <node id="node-Bip01_R_Clavicle" name="Bip01_R_Clavicle">
                    <matrix>0.2073931 -0.1669672 -0.9639034 8.6689e-4 0.5679266 -0.781728 0.2576055 -0.01629049 -0.7965221 -0.600852 -0.06729984 -0.07212149 0 0 0 1</matrix>
                    <node id="node-Bip01_R_UpperArm" name="Bip01_R_UpperArm">
                      <matrix sid="matrix">0.3429904 0.9310486 -0.1245239 0.1824007 -0.897829 0.3639126 0.2479329 0 0.2761534 0.02676255 0.960741 0 0 0 0 1</matrix>
                      <node id="node-Bip01_R_Forearm" name="Bip01_R_Forearm">
                        <matrix sid="matrix">-0.06097469 0.9981394 -2.98023e-8 0.284369 -0.9981394 -0.06097471 2.23517e-8 0 -8.56817e-8 2.98023e-8 1 0 0 0 0 1</matrix>
                        <node id="node-Bip01_R_Hand" name="Bip01_R_Hand">
                          <matrix>0.9247896 0.3771958 -0.04987456 0.2810681 0.2033486 -0.6007847 -0.7731152 -1.19209e-7 -0.3215797 0.704827 -0.6323018 1.19209e-7 0 0 0 1</matrix>
                          <node id="node-Bip01_R_Finger0" name="Bip01_R_Finger0">
                            <matrix>0.5215105 0.269013 -0.8097274 0.02119672 0.7250715 0.3605265 0.5867637 -0.004734278 0.4497753 -0.8931139 -0.007035478 0.02572191 0 0 0 1</matrix>
                            <node id="node-Bip01_R_Finger01" name="Bip01_R_Finger01">
                              <matrix>0.6423535 -0.7636237 0.06527566 0.04982859 0.7605616 0.6456373 0.06854747 -1.19209e-7 -0.09448889 0.005614539 0.9955103 0 0 0 0 1</matrix>
                              <node id="node-Bip01_R_Finger02" name="Bip01_R_Finger02">
                                <matrix>0.9505157 -0.3106765 1.11759e-8 0.05202237 0.3106764 0.9505158 -9.31323e-9 0 1.11759e-8 2.6077e-8 1 2.98023e-8 0 0 0 1</matrix>
                              </node>
                            </node>
                          </node>
                          <node id="node-Bip01_R_Finger1" name="Bip01_R_Finger1">
                            <matrix>0.9820224 -0.1733427 -0.07472671 0.1199946 0.1795577 0.9799358 0.08651488 -0.008367598 0.05823064 -0.09837732 0.993444 0.04101384 0 0 0 1</matrix>
                            <node id="node-Bip01_R_Finger11" name="Bip01_R_Finger11">
                              <matrix>0.8240548 -0.5665103 7.45058e-9 0.03644171 0.5665103 0.8240547 -7.45058e-9 2.98023e-8 0 0 1 1.19209e-7 0 0 0 1</matrix>
                              <node id="node-Bip01_R_Finger12" name="Bip01_R_Finger12">
                                <matrix>0.8146397 -0.5796777 0.01831833 0.03117546 0.5799671 0.8142333 -0.02573048 -5.96046e-8 7.45058e-9 0.03158512 0.999501 -1.19209e-7 0 0 0 1</matrix>
                              </node>
                            </node>
                          </node>
                          <node id="node-Bip01_R_Finger2" name="Bip01_R_Finger2">
                            <matrix>0.6754013 -0.7374503 -1.52119e-4 0.1229538 0.7368313 0.6748427 -0.04082685 -0.008802027 0.03021042 0.02746241 0.9991661 0.01328254 0 0 0 1</matrix>
                            <node id="node-Bip01_R_Finger21" name="Bip01_R_Finger21">
                              <matrix>0.5508358 -0.8338858 -0.0348487 0.03895516 0.832222 0.551937 -0.05265062 2.98023e-8 0.0631389 -1.21072e-8 0.9980047 0 0 0 0 1</matrix>
                              <node id="node-Bip01_R_Finger22" name="Bip01_R_Finger22">
                                <matrix>0.1984735 -0.9799246 0.01886611 0.03800538 0.9755273 0.199368 0.09272984 0 -0.09462957 7.45058e-9 0.9955125 0 0 0 0 1</matrix>
                              </node>
                            </node>
                          </node>
                          <node id="node-Bip01_R_Finger3" name="Bip01_R_Finger3">
                            <matrix>0.7159052 -0.6949216 0.06755453 0.1211881 0.6883786 0.6863562 -0.234627 -0.001191229 0.1166809 0.2144738 0.9697351 -0.01196861 0 0 0 1</matrix>
                            <node id="node-Bip01_R_Finger31" name="Bip01_R_Finger31">
                              <matrix>0.4441952 -0.8949344 0.04222352 0.03155839 0.8909185 0.4461975 0.08468728 2.98023e-8 -0.09462959 2.7474e-8 0.9955125 1.19209e-7 0 0 0 1</matrix>
                              <node id="node-Bip01_R_Finger32" name="Bip01_R_Finger32">
                                <matrix>0.1993681 -0.9794358 -0.03095102 0.03366596 0.9799247 0.1992685 0.006297068 -5.96046e-8 -3.72529e-9 -0.03158511 0.9995011 -1.19209e-7 0 0 0 1</matrix>
                              </node>
                            </node>
                          </node>
                          <node id="node-Bip01_R_Finger4" name="Bip01_R_Finger4">
                            <matrix>0.5925791 -0.7897949 -0.1583476 0.1136796 0.7783521 0.6120424 -0.1399001 0.005147398 0.2074078 -0.04034828 0.9774219 -0.03886557 0 0 0 1</matrix>
                            <node id="node-Bip01_R_Finger41" name="Bip01_R_Finger41">
                              <matrix>0.4202555 -0.9064696 0.04120618 0.03661621 0.9068531 0.421151 0.01578781 -5.96046e-8 -0.0316652 0.03073305 0.999026 0 0 0 0 1</matrix>
                              <node id="node-Bip01_R_Finger42" name="Bip01_R_Finger42">
                                <matrix>0.402447 -0.9138247 -0.05441486 0.01772633 0.9154231 0.4021218 0.01728317 0 0.006087631 -0.05676818 0.9983688 1.19209e-7 0 0 0 1</matrix>
                              </node>
                            </node>
                          </node>
                          <node id="node-MOUNT0" name="MOUNT0">
                            <matrix>-6.1898e-7 1 3.72529e-9 0.109539 -0.9999999 -6.59085e-7 4.74975e-7 0.0251826 4.74975e-7 3.72529e-9 0.9999999 0.01321673 0 0 0 1</matrix>
                          </node>
                        </node>
                      </node>
                    </node>
                  </node>
                </node>
                <node id="node-Bip01_L_Pauldron_Upper" name="Bip01_L_Pauldron_Upper">
                  <matrix>0.9726267 0.1182923 0.2000107 0.1769029 0.1448455 -0.9816833 -0.1237686 -0.03908369 0.1817062 0.1493514 -0.9719452 0.2290199 0 0 0 1</matrix>
                </node>
                <node id="node-Bip01_R_Pauldron_Lower" name="Bip01_R_Pauldron_Lower">
                  <matrix sid="matrix">-0.1156724 -0.9403759 -0.3198655 0.1729059 0.909775 -0.2295502 0.3458563 -0.1133294 -0.3986598 -0.2509995 0.8820828 -0.2351094 0 0 0 1</matrix>
                </node>
                <node id="node-Bip01_L_Pauldron_Lower" name="Bip01_L_Pauldron_Lower">
                  <matrix>-0.2099969 -0.7687201 0.6041284 0.1529201 0.4002344 -0.6313506 -0.6642359 -0.1054225 0.892028 0.1023055 0.4402497 0.2344801 0 0 0 1</matrix>
                </node>
              </node>
            </node>
            <node id="node-Bip01_L_Thigh" name="Bip01_L_Thigh">
              <matrix sid="matrix">-0.6576605 0.75309 -0.01839706 -0.1596344 0.462689 0.4230896 0.7790471 -0.02863105 0.594476 0.5038363 -0.6266957 0.1640466 0 0 0 1</matrix>
              <node id="node-Bip01_L_Calf" name="Bip01_L_Calf">
                <matrix sid="matrix">0.5160277 0.856572 -3.95812e-9 0.4629987 -0.8565719 0.5160276 3.49246e-9 -5.96046e-8 -3.67872e-8 9.77889e-9 1 7.45058e-9 0 0 0 1</matrix>
                <node id="node-Bip01_L_Foot" name="Bip01_L_Foot">
                  <matrix sid="matrix">0.8804389 -0.4690658 -0.06931403 0.3610501 0.4739746 0.8665609 0.1562694 1.49012e-8 -0.01323578 -0.1704387 0.9852793 -1.49012e-8 0 0 0 1</matrix>
                  <node id="node-Bip01_L_Toe0" name="Bip01_L_Toe0">
                    <matrix sid="matrix">4.75673e-7 -1 1.38953e-6 0.1486307 1 4.76139e-7 2.21444e-8 0.1543275 -2.21044e-8 1.38953e-6 1 7.45058e-9 0 0 0 1</matrix>
                  </node>
                </node>
              </node>
            </node>
            <node id="node-Bip01_R_Thigh" name="Bip01_R_Thigh">
              <matrix sid="matrix">-0.3379636 0.8165721 0.4679649 -0.2306007 0.9280948 0.2065952 0.3097719 0.04658337 0.1562718 0.5390073 -0.8276778 -0.06901512 0 0 0 1</matrix>
              <node id="node-Bip01_R_Calf" name="Bip01_R_Calf">
                <matrix sid="matrix">-0.004213482 0.9999912 5.96046e-8 0.4629987 -0.9999909 -0.004213601 0 -5.96046e-8 -1.49012e-7 0 1 5.96046e-8 0 0 0 1</matrix>
                <node id="node-Bip01_R_Foot" name="Bip01_R_Foot">
                  <matrix sid="matrix">0.9574755 -0.01522899 -0.2881134 0.3610501 0.06356575 0.9852028 0.1591704 4.47035e-8 0.2814261 -0.1707159 0.9442751 -5.96046e-8 0 0 0 1</matrix>
                  <node id="node-Bip01_R_Toe0" name="Bip01_R_Toe0">
                    <matrix sid="matrix">-0.3051539 -0.9472735 0.09774536 0.1486307 0.9517195 -0.3069488 -0.003513992 0.1543275 0.03333148 0.09195384 0.9952053 0 0 0 0 1</matrix>
                  </node>
                </node>
              </node>
            </node>
          </node>
          <node id="node-Bip01_FannyPack" name="Bip01_FannyPack">
            <matrix sid="matrix">-0.9629917 -0.2062316 0.1735378 0.2299506 -0.2083318 0.9780383 0.006227001 -0.1378937 -0.1710108 -0.03015696 -0.9848074 0.01013964 0 0 0 1</matrix>
          </node>
        </node>
        <node id="node-EYE" name="EYE">
          <matrix sid="matrix">0.7792377 0.626718 -0.003663986 0.05960771 -0.6267175 0.7792451 0.001428294 0.07226708 0.003750281 0.001183304 0.9999919 0.7131857 0 0 0 1</matrix>
          <node id="node-CAM" name="CAM">
            <matrix>1 -6.03104e-8 0 4.84288e-8 6.03104e-8 1 -2.32832e-9 -0.104 0 2.32832e-9 1 0.30056 0 0 0 1</matrix>
          </node>
        </node>
      </node>
      <node id="node-Bounds" name="Bounds">
        <matrix>0.9999915 0.001706907 0.003750479 0 -0.001711356 0.9999978 0.001183292 0.1035326 -0.003748452 -0.0011897 0.9999923 -8.93474e-5 0 0 0 1</matrix>
        <instance_geometry url="#geom-Bounds">
          <bind_material>
            <technique_common>
              <instance_material symbol="ShapeBounds" target="#ShapeBounds-material"/>
            </technique_common>
          </bind_material>
        </instance_geometry>
      </node>
    </visual_scene>
  </library_visual_scenes>
  <library_animations>
    <animation>
      <source id="node-Bip01_matrix-input">
        <float_array id="node-Bip01_matrix-input-array" count="20">6.666667 6.7 6.733333 6.766667 6.8 6.833333 6.866667 6.9 6.933333 6.966667 7 7.033333 7.066667 7.1 7.133333 7.166667 7.2 7.233333 7.266667 7.3</float_array>
        <technique_common>
          <accessor source="#node-Bip01_matrix-input-array" count="20" stride="1">
            <param name="TIME" type="float"/>
          </accessor>
        </technique_common>
      </source>
      <source id="node-Bip01_matrix-output">
        <float_array id="node-Bip01_matrix-output-array" count="320">0.7792375 -0.6267175 0.003750205 -8.10623e-5 0.626718 0.7792453 0.00118339 0.009366631 -0.003663957 0.001428186 0.9999923 0.8572095 0 0 0 1 0.7792375 -0.6267175 0.003750205 -6.66586e-5 0.626718 0.7792453 0.00118339 0.009366631 -0.003663957 0.001428186 0.9999923 0.8662772 0 0 0 1 0.7792375 -0.6267175 0.003750205 -4.01191e-5 0.626718 0.7792453 0.00118339 0.009366631 -0.003663957 0.001428186 0.9999923 0.8765813 0 0 0 1 0.7792375 -0.6267175 0.003750205 -2.57152e-5 0.626718 0.7792453 0.00118339 0.009366631 -0.003663957 0.001428186 0.9999923 0.8815412 0 0 0 1 0.7792375 -0.6267175 0.003750205 -2.57152e-5 0.626718 0.7792453 0.00118339 0.009366631 -0.003663957 0.001428186 0.9999923 0.8815412 0 0 0 1 0.7792375 -0.6267175 0.003750205 -2.57152e-5 0.626718 0.7792453 0.00118339 0.009366631 -0.003663957 0.001428186 0.9999923 0.8815412 0 0 0 1 0.7792375 -0.6267175 0.003750205 -2.167e-5 0.626718 0.7792453 0.00118339 0.009366631 -0.003663957 0.001428186 0.9999923 0.8745067 0 0 0 1 0.7792375 -0.6267175 0.003750205 -1.28575e-5 0.626718 0.7792453 0.00118339 0.009366631 -0.003663957 0.001428186 0.9999923 0.8591816 0 0 0 1 0.7792375 -0.6267175 0.003750205 -4.04498e-6 0.626718 0.7792453 0.00118339 0.009366631 -0.003663957 0.001428186 0.9999923 0.8438565 0 0 0 1 0.7792375 -0.6267175 0.003750205 0 0.626718 0.7792453 0.00118339 0.009366631 -0.003663957 0.001428186 0.9999923 0.8368222 0 0 0 1 0.7792375 -0.6267175 0.003750205 0 0.626718 0.7792453 0.00118339 0.009366631 -0.003663957 0.001428186 0.9999923 0.8483738 0 0 0 1 0.7792375 -0.6267175 0.003750205 0 0.626718 0.7792453 0.00118339 0.009366631 -0.003663957 0.001428186 0.9999923 0.869658 0 0 0 1 0.7792375 -0.6267175 0.003750205 0 0.626718 0.7792453 0.00118339 0.009366631 -0.003663957 0.001428186 0.9999923 0.8812097 0 0 0 1 0.7792375 -0.6267175 0.003750205 0 0.626718 0.7792453 0.00118339 0.009366631 -0.003663957 0.001428186 0.9999923 0.8812097 0 0 0 1 0.7792375 -0.6267175 0.003750205 0 0.626718 0.7792453 0.00118339 0.009366631 -0.003663957 0.001428186 0.9999923 0.8812097 0 0 0 1 0.7792375 -0.6267175 0.003750205 0 0.626718 0.7792453 0.00118339 0.009366631 -0.003663957 0.001428186 0.9999923 0.8812097 0 0 0 1 0.7792375 -0.6267175 0.003750205 0 0.626718 0.7792453 0.00118339 0.009366631 -0.003663957 0.001428186 0.9999923 0.8697456 0 0 0 1 0.7792375 -0.6267175 0.003750205 0 0.626718 0.7792453 0.00118339 0.009366631 -0.003663957 0.001428186 0.9999923 0.8486226 0 0 0 1 0.7792375 -0.6267175 0.003750205 0 0.626718 0.7792453 0.00118339 0.009366631 -0.003663957 0.001428186 0.9999923 0.8371585 0 0 0 1 0.7792375 -0.6267175 0.003750205 -4.05312e-5 0.626718 0.7792453 0.00118339 0.009366631 -0.003663957 0.001428186 0.9999923 0.8445785 0 0 0 1</float_array>
        <technique_common>
          <accessor source="#node-Bip01_matrix-output-array" count="20" stride="16">
            <param name="TRANSFORM" type="float4x4"/>
          </accessor>
        </technique_common>
      </source>
      <source id="node-Bip01_matrix-interpolation">
        <Name_array id="node-Bip01_matrix-interpolation-array" count="20">LINEAR LINEAR LINEAR LINEAR LINEAR LINEAR LINEAR LINEAR LINEAR LINEAR LINEAR LINEAR LINEAR LINEAR LINEAR LINEAR LINEAR LINEAR LINEAR LINEAR</Name_array>
        <technique_common>
          <accessor source="#node-Bip01_matrix-interpolation-array" count="20" stride="1">
            <param name="INTERPOLATION" type="name"/>
          </accessor>
        </technique_common>
      </source>
      <source id="node-Bip01_Pelvis_matrix-input">
        <float_array id="node-Bip01_Pelvis_matrix-input-array" count="20">6.666667 6.7 6.733333 6.766667 6.8 6.833333 6.866667 6.9 6.933333 6.966667 7 7.033333 7.066667 7.1 7.133333 7.166667 7.2 7.233333 7.266667 7.3</float_array>
        <technique_common>
          <accessor source="#node-Bip01_Pelvis_matrix-input-array" count="20" stride="1">
            <param name="TIME" type="float"/>
          </accessor>
        </technique_common>
      </source>
      <source id="node-Bip01_Pelvis_matrix-output">
        <float_array id="node-Bip01_Pelvis_matrix-output-array" count="320">-0.01362198 0.9946367 -0.1025299 0 -0.08326685 0.1010549 0.9913902 0 0.996434 0.02204203 0.08144366 0 0 0 0 1 -0.004669606 0.9930714 -0.1174199 0 -0.08750319 0.116565 0.9893209 0 0.9961533 0.01489436 0.08635258 0 0 0 0 1 0.01385092 0.99233 -0.1228387 0 -0.1016108 0.1236115 0.9871147 0 0.9947278 -0.001190721 0.1025436 0 0 0 0 1 0.03733432 0.9917743 -0.1224338 0 -0.1187884 0.126055 0.9848855 0 0.9922174 -0.02222633 0.1225175 0 0 0 0 1 0.06134819 0.9908327 -0.1203616 0 -0.1324347 0.1276032 0.9829439 0 0.9892913 -0.04436177 0.1390489 0 0 0 0 1 0.081743 0.989206 -0.1216125 0 -0.1359216 0.1319454 0.981894 0 0.9873416 -0.06373316 0.1452401 0 0 0 0 1 0.09415888 0.9867918 -0.1318184 0 -0.1223493 0.1428728 0.9821497 0 0.9880105 -0.07635021 0.134186 0 0 0 0 1 0.0939598 0.9792774 -0.1794086 0 -0.05891317 0.1853591 0.9809033 0 0.9938313 -0.08159595 0.07510864 0 0 0 0 1 0.0761044 0.9642407 -0.2538661 0 0.03398168 0.2519485 0.9671439 0 0.9965205 -0.08223068 -0.01359212 0 0 0 0 1 0.05554223 0.9504534 -0.3058652 0 0.08792752 0.3004918 0.9497228 0 0.9945772 -0.07964366 -0.06688094 0 0 0 0 1 0.04752624 0.9382511 -0.3426749 0 0.0702641 0.3390724 0.9381327 0 0.9963955 -0.06866365 -0.04981052 0 0 0 0 1 0.0468834 0.9197214 -0.3897623 0 0.01523065 0.3894879 0.9209058 0 0.9987842 -0.04911154 0.004252493 0 0 0 0 1 0.05395537 0.9011586 -0.4301187 0 -0.04409372 0.4324762 0.9005666 0 0.9975692 -0.02962487 0.06306988 0 0 0 0 1 0.05960202 0.8928356 -0.4464217 0 -0.07885563 0.4500304 0.889525 0 0.9951027 -0.01781463 0.09722781 0 0 0 0 1 0.05590653 0.9017856 -0.4285524 0 -0.0892561 0.4320192 0.8974369 0 0.9944384 -0.01192164 0.1046425 0 0 0 0 1 0.04549121 0.9220578 -0.3843696 0 -0.09454756 0.3870148 0.9172133 0 0.9944804 -0.005383908 0.1047841 0 0 0 0 1 0.03112399 0.9459853 -0.3227121 0 -0.09561413 0.3242056 0.9411423 0 0.9949318 0.001563668 0.1005401 0 0 0 0 1 0.01575559 0.967364 -0.2529005 0 -0.09338736 0.2532501 0.9628828 0 0.9955052 0.008446872 0.09432965 0 0 0 0 1 0.001969754 0.9826779 -0.1853116 0 -0.08927184 0.1847449 0.9787235 0 0.9960054 0.01461517 0.08808934 0 0 0 0 1 -0.00829178 0.9913166 -0.1312356 0 -0.085168 0.1300631 0.987841 0 0.9963321 0.01936805 0.08335 0 0 0 0 1</float_array>
        <technique_common>
          <accessor source="#node-Bip01_Pelvis_matrix-output-array" count="20" stride="16">
            <param name="TRANSFORM" type="float4x4"/>
          </accessor>
        </technique_common>
      </source>
      <source id="node-Bip01_Pelvis_matrix-interpolation">
        <Name_array id="node-Bip01_Pelvis_matrix-interpolation-array" count="20">LINEAR LINEAR LINEAR LINEAR LINEAR LINEAR LINEAR LINEAR LINEAR LINEAR LINEAR LINEAR LINEAR LINEAR LINEAR LINEAR LINEAR LINEAR LINEAR LINEAR</Name_array>
        <technique_common>
          <accessor source="#node-Bip01_Pelvis_matrix-interpolation-array" count="20" stride="1">
            <param name="INTERPOLATION" type="name"/>
          </accessor>
        </technique_common>
      </source>
      <source id="node-Bip01_Spine_matrix-input">
        <float_array id="node-Bip01_Spine_matrix-input-array" count="20">6.666667 6.7 6.733333 6.766667 6.8 6.833333 6.866667 6.9 6.933333 6.966667 7 7.033333 7.066667 7.1 7.133333 7.166667 7.2 7.233333 7.266667 7.3</float_array>
        <technique_common>
          <accessor source="#node-Bip01_Spine_matrix-input-array" count="20" stride="1">
            <param name="TIME" type="float"/>
          </accessor>
        </technique_common>
      </source>
      <source id="node-Bip01_Spine_matrix-output">
        <float_array id="node-Bip01_Spine_matrix-output-array" count="320">0.9257579 -0.171198 -0.3371403 0.1981877 0.2559394 0.9400379 0.225441 0.0307883 0.2783296 -0.2949914 0.9140638 0.01352244 0 0 0 1 0.9264495 -0.1617109 -0.3399131 0.1983693 0.2522949 0.9369248 0.2419071 0.02932268 0.279354 -0.3098731 0.9088124 0.01410543 0 0 0 1 0.9258766 -0.1409585 -0.3505469 0.1985766 0.2384269 0.9377137 0.2526769 0.02609801 0.2930957 -0.3175275 0.9018155 0.01718783 0 0 0 1 0.9246417 -0.1146531 -0.36317 0.1986992 0.2188574 0.9403862 0.2603366 0.02189171 0.3116717 -0.3202005 0.8946131 0.02117854 0 0 0 1 0.9239183 -0.08840906 -0.3722351 0.1987532 0.1979587 0.943041 0.2673693 0.01745599 0.327395 -0.3207146 0.8887939 0.0245276 0 0 0 1 0.9256336 -0.06769782 -0.3723167 0.1989059 0.1801697 0.9440401 0.2762746 0.01355296 0.3327786 -0.3228092 0.8860322 0.02572804 0 0 0 1 0.9319691 -0.05828726 -0.3578214 0.1993688 0.170114 0.941896 0.289643 0.01097494 0.3201481 -0.3308088 0.8877336 0.02325457 0 0 0 1 0.9517158 -0.0711137 -0.29863 0.2005245 0.1730701 0.9277538 0.3306349 0.009730935 0.2535426 -0.3663544 0.8952658 0.01021981 0 0 0 1 0.9713368 -0.1058762 -0.2128273 0.2005878 0.1842209 0.9011161 0.3924954 0.009206414 0.1502262 -0.4204524 0.8947916 -0.009430825 0 0 0 1 0.9772227 -0.1353166 -0.1634781 0.1996557 0.1946463 0.8784327 0.4364273 0.009356737 0.08454865 -0.4583072 0.8847634 -0.02142935 0 0 0 1 0.9732717 -0.1401529 -0.1819322 0.199805 0.2111511 0.8576489 0.4688856 0.0112214 0.09031826 -0.4947683 0.8643188 -0.01900488 0 0 0 1 0.9630388 -0.1311081 -0.2353015 0.2002632 0.2371149 0.8270836 0.5096165 0.01462638 0.1277992 -0.5465741 0.8276014 -0.009482026 0 0 0 1 0.9500622 -0.1131858 -0.2908108 0.2002078 0.2613406 0.7978587 0.5432518 0.01801735 0.1705375 -0.5921235 0.7875955 0.001166641 0 0 0 1 0.9411106 -0.100925 -0.3226839 0.1998656 0.2747377 0.784536 0.5558979 0.02015006 0.1970531 -0.6118149 0.766063 0.007540225 0 0 0 1 0.9373534 -0.1024797 -0.3329666 0.1996352 0.2782034 0.7954709 0.5383578 0.02156156 0.2096944 -0.5972639 0.7741474 0.00949198 0 0 0 1 0.9339814 -0.1115952 -0.3394488 0.199367 0.2786327 0.8221936 0.4963482 0.02340155 0.2237025 -0.5581615 0.7990077 0.01069301 0 0 0 1 0.9311046 -0.1253796 -0.3425263 0.1990756 0.2762309 0.8556438 0.4376874 0.02542001 0.2382035 -0.502149 0.8313276 0.0114839 0 0 0 1 0.9288702 -0.1407573 -0.3426187 0.1987821 0.2713932 0.8881315 0.370902 0.02735781 0.2520833 -0.4375042 0.8631595 0.01209926 0 0 0 1 0.9273284 -0.1549371 -0.3406707 0.198516 0.2651322 0.9144263 0.305826 0.02899229 0.2641345 -0.3739238 0.8890523 0.01264965 0 0 0 1 0.9263712 -0.1656746 -0.3382135 0.1983088 0.259207 0.9319761 0.2534407 0.03016775 0.2732182 -0.3224475 0.9063 0.01314043 0 0 0 1</float_array>
        <technique_common>
          <accessor source="#node-Bip01_Spine_matrix-output-array" count="20" stride="16">
            <param name="TRANSFORM" type="float4x4"/>
          </accessor>
        </technique_common>
      </source>
      <source id="node-Bip01_Spine_matrix-interpolation">
        <Name_array id="node-Bip01_Spine_matrix-interpolation-array" count="20">LINEAR LINEAR LINEAR LINEAR LINEAR LINEAR LINEAR LINEAR LINEAR LINEAR LINEAR LINEAR LINEAR LINEAR LINEAR LINEAR LINEAR LINEAR LINEAR LINEAR</Name_array>
        <technique_common>
          <accessor source="#node-Bip01_Spine_matrix-interpolation-array" count="20" stride="1">
            <param name="INTERPOLATION" type="name"/>
          </accessor>
        </technique_common>
      </source>
      <source id="node-Bip01_Spine1_matrix-input">
        <float_array id="node-Bip01_Spine1_matrix-input-array" count="20">6.666667 6.7 6.733333 6.766667 6.8 6.833333 6.866667 6.9 6.933333 6.966667 7 7.033333 7.066667 7.1 7.133333 7.166667 7.2 7.233333 7.266667 7.3</float_array>
        <technique_common>
          <accessor source="#node-Bip01_Spine1_matrix-input-array" count="20" stride="1">
            <param name="TIME" type="float"/>
          </accessor>
        </technique_common>
      </source>
      <source id="node-Bip01_Spine1_matrix-output">
        <float_array id="node-Bip01_Spine1_matrix-output-array" count="320">0.9850425 0.02363085 -0.1706848 0.1022274 -0.0131933 0.9979873 0.06202858 -1.00851e-4 0.1718071 -0.05884879 0.9833716 5.90086e-6 0 0 0 1 0.9850947 0.02392345 -0.170342 0.1022274 -0.01351773 0.9979856 0.06198686 -1.00806e-4 0.1714817 -0.05876022 0.9834335 5.93066e-6 0 0 0 1 0.985022 0.02476757 -0.1706423 0.1022272 -0.01479166 0.9981197 0.05948644 -1.00836e-4 0.1717947 -0.05607134 0.983536 5.66244e-6 0 0 0 1 0.9848721 0.02587842 -0.1713404 0.1022272 -0.01654827 0.9983128 0.05565994 -1.00851e-4 0.1724916 -0.05198246 0.9836385 5.24521e-6 0 0 0 1 0.9846933 0.0269801 -0.1721963 0.102227 -0.01833492 0.9984996 0.05159997 -1.00866e-4 0.1733301 -0.0476529 0.9837104 4.79817e-6 0 0 0 1 0.9845362 0.02779662 -0.1729632 0.102227 -0.01969289 0.9986344 0.04839372 -1.00896e-4 0.1740722 -0.04423916 0.9837387 4.44055e-6 0 0 0 1 0.9844556 0.02804285 -0.1733818 0.1022268 -0.02014243 0.9986845 0.04715973 -1.00866e-4 0.1744761 -0.04293435 0.983725 4.38094e-6 0 0 0 1 0.9844107 0.02740222 -0.1737387 0.102227 -0.01927554 0.9986475 0.04829156 -1.00896e-4 0.1748268 -0.04418969 0.9836072 4.44055e-6 0 0 0 1 0.9843296 0.02593153 -0.1744225 0.1022272 -0.0172556 0.9985459 0.0510751 -1.00896e-4 0.1754932 -0.04726493 0.9833456 4.73857e-6 0 0 0 1 0.9842214 0.02388375 -0.1753232 0.1022273 -0.0144242 0.9983805 0.05503278 -1.00851e-4 0.1763536 -0.0516355 0.9829717 5.21541e-6 0 0 0 1 0.9840961 0.02150297 -0.1763322 0.1022278 -0.01111203 0.9981542 0.05970525 -1.00851e-4 0.1772906 -0.05679625 0.9825184 5.72205e-6 0 0 0 1 0.9839665 0.01902806 -0.1773363 0.102228 -0.007646203 0.9978791 0.06464612 -1.00821e-4 0.1781902 -0.06225359 0.9820249 6.22869e-6 0 0 0 1 0.9838504 0.01669627 -0.1782138 0.102228 -0.00435537 0.9975785 0.0694155 -1.00777e-4 0.1789412 -0.06751823 0.9815403 6.79493e-6 0 0 0 1 0.9837692 0.01474606 -0.1788328 0.1022282 -0.001574218 0.9972887 0.07357406 -1.00762e-4 0.1794328 -0.07209831 0.9811248 7.27177e-6 0 0 0 1 0.9837485 0.01342111 -0.1790511 0.1022284 3.5277e-4 0.9970561 0.07667493 -1.00732e-4 0.1795529 -0.07549202 0.9808476 7.59959e-6 0 0 0 1 0.9838148 0.01297402 -0.1787186 0.1022285 0.001068651 0.996933 0.07825499 -1.00717e-4 0.1791857 -0.07717937 0.9807835 7.7486e-6 0 0 0 1 0.9840006 0.01412218 -0.1776059 0.1022285 -4.82514e-4 0.9970613 0.0766077 -1.00747e-4 0.1781658 -0.07529628 0.9811155 7.59959e-6 0 0 0 1 0.9842714 0.01672947 -0.1758705 0.1022281 -0.004103124 0.9974026 0.07191336 -1.00747e-4 0.1766167 -0.07006049 0.9817832 7.06315e-6 0 0 0 1 0.984562 0.01982241 -0.173911 0.1022277 -0.008354961 0.9977566 0.0664246 -1.00777e-4 0.1748376 -0.06394606 0.9825187 6.4373e-6 0 0 0 1 0.984828 0.02244842 -0.1720764 0.1022274 -0.01185166 0.9979833 0.0623635 -1.00821e-4 0.1731293 -0.05937796 0.9831078 5.96046e-6 0 0 0 1</float_array>
        <technique_common>
          <accessor source="#node-Bip01_Spine1_matrix-output-array" count="20" stride="16">
            <param name="TRANSFORM" type="float4x4"/>
          </accessor>
        </technique_common>
      </source>
      <source id="node-Bip01_Spine1_matrix-interpolation">
        <Name_array id="node-Bip01_Spine1_matrix-interpolation-array" count="20">LINEAR LINEAR LINEAR LINEAR LINEAR LINEAR LINEAR LINEAR LINEAR LINEAR LINEAR LINEAR LINEAR LINEAR LINEAR LINEAR LINEAR LINEAR LINEAR LINEAR</Name_array>
        <technique_common>
          <accessor source="#node-Bip01_Spine1_matrix-interpolation-array" count="20" stride="1">
            <param name="INTERPOLATION" type="name"/>
          </accessor>
        </technique_common>
      </source>
      <source id="node-Bip01_Head_matrix-input">
        <float_array id="node-Bip01_Head_matrix-input-array" count="20">6.666667 6.7 6.733333 6.766667 6.8 6.833333 6.866667 6.9 6.933333 6.966667 7 7.033333 7.066667 7.1 7.133333 7.166667 7.2 7.233333 7.266667 7.3</float_array>
        <technique_common>
          <accessor source="#node-Bip01_Head_matrix-input-array" count="20" stride="1">
            <param name="TIME" type="float"/>
          </accessor>
