<?xml version="1.0" encoding="utf-8"?>
<COLLADA xmlns="http://www.collada.org/2005/11/COLLADASchema" version="1.4.1">
  <asset>
    <contributor>
      <author>MattO</author>
      <authoring_tool>OpenCOLLADA for 3ds Max;  Version: 1.3.0;  Revision: 839M;  Platform: x64;  Configuration: Release_Max2012</authoring_tool>
      <source_data>file:///C:/Dropbox/Prj/GGStout/Lurker/SoldierTP_Lurker_Animation_Master.max</source_data>
    </contributor>
    <created>2011-09-30T00:40:06</created>
    <modified>2011-09-30T00:40:06</modified>
    <unit name="meter" meter="1"/>
    <up_axis>Z_UP</up_axis>
  </asset>
  <library_lights>
    <light id="EnvironmentAmbientLight" name="EnvironmentAmbientLight">
      <technique_common>
        <ambient>
          <color>0 0 0</color>
        </ambient>
      </technique_common>
    </light>
  </library_lights>
  <library_visual_scenes>
    <visual_scene id="MaxScene">
      <node name="EnvironmentAmbientLight">
        <instance_light url="#EnvironmentAmbientLight"/>
      </node>
      <node id="node-Bip01" name="Bip01">
        <matrix>0.7792372 -0.6267179 0.003750079 -8.10623e-5 0.6267184 0.7792449 0.00118307 0.009366653 -0.003663681 0.001428351 0.9999923 0.7990584 0 0 0 1</matrix>
        <node id="node-Bip01_Pelvis" name="Bip01_Pelvis">
          <matrix>-0.009626739 0.991236 0.1317525 0 -0.1217414 -0.1319404 0.9837535 0 0.9925151 -0.006569402 0.1219446 0 0 0 0 1</matrix>
          <node id="node-Bip01_Spine" name="Bip01_Spine">
            <matrix>0.9142386 -0.1596023 -0.3724171 0.1975123 0.1756539 0.9844077 0.009333467 0.02499345 0.3651207 -0.0739495 0.9280184 0.02780975 0 0 0 1</matrix>
            <node id="node-Bip01_Spine1" name="Bip01_Spine1">
              <matrix sid="matrix">0.9850425 0.02363078 -0.1706849 0.1022275 -0.01319326 0.9979874 0.06202855 -1.00851e-4 0.1718071 -0.0588489 0.9833716 5.91576e-6 0 0 0 1</matrix>
              <node id="node-Bip01_Spine2" name="Bip01_Spine2">
                <matrix>0.9369742 -0.3477308 -0.03409582 0.1269257 0.3490359 0.9270917 0.1366549 -1.58794e-4 -0.01590919 -0.1399426 0.9900317 2.39909e-5 0 0 0 1</matrix>
                <node id="node-Bip01_Neck" name="Bip01_Neck">
                  <matrix sid="matrix">0.840708 -0.4308254 0.3280234 0.215107 0.4136219 0.9019012 0.124463 -4.96805e-5 -0.3494667 0.03104064 0.9364344 -1.66893e-6 0 0 0 1</matrix>
                  <node id="node-Bip01_Head" name="Bip01_Head">
                    <matrix sid="matrix">0.9475711 -0.06889553 -0.3120296 0.07051814 -0.2855059 0.2560087 -0.9235507 -0.01395917 0.1435108 0.9642162 0.2229163 -1.49012e-8 0 0 0 1</matrix>
                    <node id="node-ALTEYE" name="ALTEYE">
                      <matrix sid="matrix">0.4506332 0.3792481 0.8081471 0.06454694 0.0441276 0.8947047 -0.444474 0.2214611 -0.8916181 0.235956 0.3864482 0.04716253 0 0 0 1</matrix>
                    </node>
                  </node>
                  <node id="node-Bip01_L_Clavicle" name="Bip01_L_Clavicle">
                    <matrix sid="matrix">-0.5778344 -0.4531803 0.6787747 -0.04690331 0.283809 -0.8913432 -0.3534966 -0.01204765 0.7652188 -0.01162013 0.6436654 0.05588405 0 0 0 1</matrix>
                    <node id="node-Bip01_L_UpperArm" name="Bip01_L_UpperArm">
                      <matrix sid="matrix">0.8909778 0.4284351 0.1503387 0.1824007 -0.303425 0.3155084 0.8991038 -2.98023e-8 0.3377746 -0.846698 0.4111089 -5.96046e-8 0 0 0 1</matrix>
                      <node id="node-Bip01_L_Forearm" name="Bip01_L_Forearm">
                        <matrix sid="matrix">0.3454963 0.9384202 -2.98023e-8 0.284369 -0.9384201 0.3454964 0 0 0 -5.96046e-8 0.9999999 5.96046e-8 0 0 0 1</matrix>
                        <node id="node-Bip01_L_Hand" name="Bip01_L_Hand">
                          <matrix sid="matrix">0.9513592 0.241855 -0.190845 0.281068 0.1384708 -0.8890384 -0.4363905 5.96046e-8 -0.2752118 0.3887375 -0.8792847 -5.96046e-8 0 0 0 1</matrix>
                          <node id="node-Bip01_L_Finger0" name="Bip01_L_Finger0">
                            <matrix sid="matrix">0.6413841 0.3141904 0.6999363 0.02119666 0.7352949 0.008702919 -0.6776914 -0.004734397 -0.2190156 0.9493201 -0.2254407 -0.02572185 0 0 0 1</matrix>
                            <node id="node-Bip01_L_Finger01" name="Bip01_L_Finger01">
                              <matrix sid="matrix">0.9975643 -0.06975646 0 0.04982865 0.06975643 0.9975642 -3.63216e-8 -5.96046e-8 2.98023e-8 -7.82311e-8 1 5.96046e-8 0 0 0 1</matrix>
                              <node id="node-Bip01_L_Finger02" name="Bip01_L_Finger02">
                                <matrix sid="matrix">0.9203137 0.3911815 -2.98023e-8 0.05202234 -0.3911815 0.9203137 -4.09782e-8 2.98023e-8 -2.98023e-8 -1.49012e-8 1 0 0 0 0 1</matrix>
                              </node>
                            </node>
                          </node>
                          <node id="node-Bip01_L_Finger1" name="Bip01_L_Finger1">
                            <matrix sid="matrix">0.9592718 -0.2819768 -0.01693499 0.1199946 0.2798395 0.9567646 -0.07931919 -0.008367538 0.03856901 0.07134949 0.9967055 -0.0410139 0 0 0 1</matrix>
                            <node id="node-Bip01_L_Finger11" name="Bip01_L_Finger11">
                              <matrix sid="matrix">0.7001771 -0.7139691 -2.98023e-8 0.03644168 0.713969 0.7001772 1.49012e-8 0 0 7.82311e-8 1 -5.96046e-8 0 0 0 1</matrix>
                              <node id="node-Bip01_L_Finger12" name="Bip01_L_Finger12">
                                <matrix sid="matrix">0.8757258 -0.4828088 1.49012e-8 0.03117526 0.4828088 0.8757259 0 -5.96046e-8 -1.49012e-8 1.86265e-8 1 0 0 0 0 1</matrix>
                              </node>
                            </node>
                          </node>
                          <node id="node-Bip01_L_Finger2" name="Bip01_L_Finger2">
                            <matrix sid="matrix">0.6611331 -0.7495596 -0.03260923 0.1229537 0.7489769 0.656822 0.08728344 -0.008802295 -0.04400577 -0.08212952 0.9956497 -0.01328248 0 0 0 1</matrix>
                            <node id="node-Bip01_L_Finger21" name="Bip01_L_Finger21">
                              <matrix sid="matrix">0.8156036 -0.5786111 1.86265e-9 0.03895533 0.5786111 0.8156037 -4.65661e-9 1.19209e-7 2.04891e-8 2.18861e-8 1 5.96046e-8 0 0 0 1</matrix>
                              <node id="node-Bip01_L_Finger22" name="Bip01_L_Finger22">
                                <matrix sid="matrix">0.9762961 -0.2164396 0 0.03800547 0.2164397 0.9762961 -1.0361e-8 -5.96046e-8 1.86265e-8 9.31323e-10 1 0 0 0 0 1</matrix>
                              </node>
                            </node>
                          </node>
                          <node id="node-Bip01_L_Finger3" name="Bip01_L_Finger3">
                            <matrix sid="matrix">0.412463 -0.906479 -0.09038849 0.1211881 0.9061533 0.3980612 0.1429456 -0.001191318 -0.09359708 -0.1408656 0.9855945 0.01196867 0 0 0 1</matrix>
                            <node id="node-Bip01_L_Finger31" name="Bip01_L_Finger31">
                              <matrix sid="matrix">0.9381479 -0.3462352 1.86265e-9 0.03155828 0.3462351 0.9381478 2.04891e-8 2.98023e-8 2.79397e-8 5.3551e-9 1 0 0 0 0 1</matrix>
                              <node id="node-Bip01_L_Finger32" name="Bip01_L_Finger32">
                                <matrix sid="matrix">0.9636304 -0.2672384 1.86265e-9 0.03366625 0.2672384 0.9636305 2.95695e-8 -5.96046e-8 7.45058e-9 1.35973e-7 1 -5.96046e-8 0 0 0 1</matrix>
                              </node>
                            </node>
                          </node>
                          <node id="node-Bip01_L_Finger4" name="Bip01_L_Finger4">
                            <matrix sid="matrix">0.07120569 -0.9696807 0.2337719 0.1136796 0.9750155 0.1171045 0.1887628 0.005147517 -0.2104155 0.2144902 0.953792 0.03886575 0 0 0 1</matrix>
                            <node id="node-Bip01_L_Finger41" name="Bip01_L_Finger41">
                              <matrix sid="matrix">0.9790112 -0.2038069 -2.98023e-8 0.03661621 0.2038069 0.9790112 -1.49012e-8 -5.96046e-8 1.49012e-8 9.68575e-8 1 1.49012e-8 0 0 0 1</matrix>
                              <node id="node-Bip01_L_Finger42" name="Bip01_L_Finger42">
                                <matrix sid="matrix">0.964515 0.2640274 -1.49012e-8 0.0177263 -0.2640274 0.9645153 1.11759e-8 1.19209e-7 0 -4.42378e-8 0.9999999 1.49012e-8 0 0 0 1</matrix>
                              </node>
                            </node>
                          </node>
                        </node>
                      </node>
                    </node>
                  </node>
                  <node id="node-Bip01_R_Clavicle" name="Bip01_R_Clavicle">
                    <matrix sid="matrix">0.207393 -0.1669673 -0.9639035 8.67009e-4 0.5679266 -0.7817281 0.2576056 -0.01629043 -0.7965222 -0.600852 -0.06729974 -0.07212149 0 0 0 1</matrix>
                    <node id="node-Bip01_R_UpperArm" name="Bip01_R_UpperArm">
                      <matrix sid="matrix">0.3443688 0.9301503 -0.1273972 0.1824006 -0.8986165 0.3658596 0.2421469 -5.96046e-8 0.2718424 0.03109345 0.9618394 1.19209e-7 0 0 0 1</matrix>
                      <node id="node-Bip01_R_Forearm" name="Bip01_R_Forearm">
                        <matrix sid="matrix">-0.07265092 0.9973574 0 0.2843689 -0.9973575 -0.07265084 -7.45058e-9 0 1.41561e-7 -2.98023e-8 1 1.19209e-7 0 0 0 1</matrix>
                        <node id="node-Bip01_R_Hand" name="Bip01_R_Hand">
                          <matrix sid="matrix">0.9247898 0.3771952 -0.04987318 0.281068 0.2033493 -0.6007847 -0.773115 -1.19209e-7 -0.3215783 0.7048274 -0.6323019 0 0 0 0 1</matrix>
                          <node id="node-Bip01_R_Finger0" name="Bip01_R_Finger0">
                            <matrix>0.5215107 0.269013 -0.8097275 0.02119678 0.7250715 0.3605264 0.5867637 -0.004734278 0.4497753 -0.893114 -0.007035481 0.02572215 0 0 0 1</matrix>
                            <node id="node-Bip01_R_Finger01" name="Bip01_R_Finger01">
                              <matrix>0.6423535 -0.7636237 0.0652757 0.04982853 0.7605616 0.6456373 0.06854742 1.19209e-7 -0.09448881 0.005614464 0.9955101 -2.98023e-8 0 0 0 1</matrix>
                              <node id="node-Bip01_R_Finger02" name="Bip01_R_Finger02">
                                <matrix>0.9505157 -0.3106764 -4.84288e-8 0.05202237 0.3106765 0.9505158 3.72529e-9 1.19209e-7 -1.09896e-7 7.45058e-8 1 5.96046e-8 0 0 0 1</matrix>
                              </node>
                            </node>
                          </node>
                          <node id="node-Bip01_R_Finger1" name="Bip01_R_Finger1">
                            <matrix>0.9820225 -0.1733428 -0.07472671 0.1199946 0.1795577 0.9799357 0.08651491 -0.008367628 0.05823065 -0.09837733 0.9934441 0.04101396 0 0 0 1</matrix>
                            <node id="node-Bip01_R_Finger11" name="Bip01_R_Finger11">
                              <matrix>0.8240548 -0.5665103 7.45058e-9 0.0364418 0.5665103 0.8240547 7.45058e-9 0 -9.31323e-9 0 1 0 0 0 0 1</matrix>
                              <node id="node-Bip01_R_Finger12" name="Bip01_R_Finger12">
                                <matrix>0.8146397 -0.5796778 0.01831834 0.03117546 0.5799671 0.8142333 -0.0257305 0 7.45058e-9 0.0315851 0.9995011 1.19209e-7 0 0 0 1</matrix>
                              </node>
                            </node>
                          </node>
                          <node id="node-Bip01_R_Finger2" name="Bip01_R_Finger2">
                            <matrix>0.6754013 -0.7374505 -1.52119e-4 0.1229538 0.7368312 0.6748427 -0.04082684 -0.008802056 0.03021043 0.02746242 0.9991661 0.01328254 0 0 0 1</matrix>
                            <node id="node-Bip01_R_Finger21" name="Bip01_R_Finger21">
                              <matrix>0.5508358 -0.8338859 -0.03484871 0.03895514 0.832222 0.5519371 -0.05265062 0 0.0631389 -1.07102e-8 0.9980049 -1.19209e-7 0 0 0 1</matrix>
                              <node id="node-Bip01_R_Finger22" name="Bip01_R_Finger22">
                                <matrix>0.1984735 -0.9799247 0.01886613 0.03800541 0.9755273 0.199368 0.09272985 2.98023e-8 -0.09462959 0 0.9955126 0 0 0 0 1</matrix>
                              </node>
                            </node>
                          </node>
                          <node id="node-Bip01_R_Finger3" name="Bip01_R_Finger3">
                            <matrix>0.7159052 -0.6949216 0.06755452 0.1211881 0.6883786 0.6863561 -0.234627 -0.001191258 0.1166809 0.2144738 0.9697352 -0.01196861 0 0 0 1</matrix>
                            <node id="node-Bip01_R_Finger31" name="Bip01_R_Finger31">
                              <matrix>0.4441952 -0.8949344 0.04222351 0.03155848 0.8909185 0.4461976 0.08468726 -7.45058e-8 -0.09462963 2.72412e-8 0.9955125 0 0 0 0 1</matrix>
                              <node id="node-Bip01_R_Finger32" name="Bip01_R_Finger32">
                                <matrix>0.1993681 -0.9794358 -0.03095104 0.03366594 0.9799247 0.1992685 0.006297075 0 -1.67638e-8 -0.03158513 0.9995011 1.19209e-7 0 0 0 1</matrix>
                              </node>
                            </node>
                          </node>
                          <node id="node-Bip01_R_Finger4" name="Bip01_R_Finger4">
                            <matrix>0.592579 -0.789795 -0.1583476 0.1136796 0.7783521 0.6120423 -0.1399001 0.005147368 0.2074078 -0.04034831 0.9774221 -0.03886557 0 0 0 1</matrix>
                            <node id="node-Bip01_R_Finger41" name="Bip01_R_Finger41">
                              <matrix>0.4202557 -0.9064696 0.04120624 0.03661618 0.9068531 0.4211511 0.01578784 0 -0.03166524 0.03073302 0.9990261 -1.19209e-7 0 0 0 1</matrix>
                              <node id="node-Bip01_R_Finger42" name="Bip01_R_Finger42">
                                <matrix>0.4024471 -0.9138247 -0.05441486 0.01772624 0.9154232 0.4021219 0.0172832 2.98023e-8 0.006087601 -0.05676815 0.9983689 0 0 0 0 1</matrix>
                              </node>
                            </node>
                          </node>
                          <node id="node-MOUNT0" name="MOUNT0">
                            <matrix>-6.21529e-7 1 4.19095e-9 0.109539 -0.9999999 -6.49705e-7 4.76837e-7 0.02518256 4.77768e-7 4.65661e-9 1 0.01321673 0 0 0 1</matrix>
                          </node>
                        </node>
                      </node>
                    </node>
                  </node>
                </node>
                <node id="node-Bip01_L_Pauldron_Upper" name="Bip01_L_Pauldron_Upper">
                  <matrix sid="matrix">0.9726267 0.1182923 0.2000106 0.1769029 0.1448455 -0.981683 -0.1237686 -0.03908369 0.1817061 0.1493513 -0.971945 0.2290199 0 0 0 1</matrix>
                </node>
                <node id="node-Bip01_R_Pauldron_Lower" name="Bip01_R_Pauldron_Lower">
                  <matrix sid="matrix">-0.1156724 -0.9403759 -0.3198653 0.1729059 0.909775 -0.2295502 0.3458563 -0.1133294 -0.3986599 -0.2509995 0.8820827 -0.2351094 0 0 0 1</matrix>
                </node>
                <node id="node-Bip01_L_Pauldron_Lower" name="Bip01_L_Pauldron_Lower">
                  <matrix sid="matrix">-0.2099967 -0.76872 0.6041284 0.1529202 0.4002343 -0.6313505 -0.6642357 -0.1054225 0.8920279 0.1023054 0.4402497 0.2344802 0 0 0 1</matrix>
                </node>
              </node>
            </node>
          </node>
        </node>
      </node>
    </visual_scene>
  </library_visual_scenes>
  <library_animations>
    <animation>
      <source id="node-Bip01_Spine1_matrix-input">
        <float_array id="node-Bip01_Spine1_matrix-input-array" count="91">62.66667 62.7 62.73333 62.76667 62.8 62.83333 62.86666 62.9 62.93333 62.96667 63 63.03333 63.06667 63.1 63.13334 63.16667 63.2 63.23333 63.26667 63.3 63.33333 63.36666 63.4 63.43333 63.46667 63.5 63.53333 63.56667 63.6 63.63334 63.66667 63.7 63.73333 63.76667 63.8 63.83333 63.86666 63.9 63.93333 63.96667 64 64.03333 64.06667 64.1 64.13333 64.16666 64.2 64.23333 64.26667 64.3 64.33334 64.36667 64.4 64.43333 64.46667 64.5 64.53333 64.56667 64.6 64.63333 64.66666 64.7 64.73333 64.76667 64.8 64.83334 64.86667 64.9 64.93333 64.96667 65 65.03333 65.06667 65.1 65.13333 65.16666 65.2 65.23333 65.26667 65.3 65.33334 65.36667 65.4 65.43333 65.46667 65.5 65.53333 65.56667 65.6 65.63333 65.66666</float_array>
        <technique_common>
          <accessor source="#node-Bip01_Spine1_matrix-input-array" count="91" stride="1">
            <param name="TIME" type="float"/>
          </accessor>
        </technique_common>
      </source>
      <source id="node-Bip01_Spine1_matrix-output">
        <float_array id="node-Bip01_Spine1_matrix-output-array" count="1456">0.9850425 0.02363073 -0.1706848 0.1022275 -0.01319324 0.9979874 0.06202852 -1.00851e-4 0.1718071 -0.05884885 0.9833716 5.91576e-6 0 0 0 1 0.9850477 0.02422481 -0.1705716 0.1022272 -0.01492708 0.9983428 0.0555824 -1.00851e-4 0.1716353 -0.0522052 0.9837764 5.27501e-6 0 0 0 1 0.9850531 0.02583694 -0.1703039 0.1022271 -0.01960128 0.9990782 0.03819537 -1.0094e-4 0.1711337 -0.03428626 0.9846511 3.45707e-6 0 0 0 1 0.985038 0.0282157 -0.1700128 0.102227 -0.02644026 0.9995698 0.0126987 -1.01e-4 0.1702979 -0.008013486 0.9853602 7.89762e-7 0 0 0 1 0.9849833 0.03111356 -0.1698242 0.1022266 -0.03469324 0.9992334 -0.01815146 -1.0097e-4 0.1691292 0.02377063 0.9853072 -2.41399e-6 0 0 0 1 0.9848773 0.03428786 -0.1698272 0.1022263 -0.04363816 0.9977123 -0.05163359 -1.00806e-4 0.1676682 0.05826365 0.9841203 -5.88596e-6 0 0 0 1 0.9847209 0.03750646 -0.1700541 0.102226 -0.05258417 0.9949886 -0.08504474 -1.00553e-4 0.1660122 0.09268742 0.9817582 -9.38773e-6 0 0 0 1 0.9845273 0.04055374 -0.1704743 0.1022257 -0.06087112 0.9914176 -0.1156983 -1.00195e-4 0.1643192 0.124285 0.9785462 -1.25617e-5 0 0 0 1 0.9843224 0.04323494 -0.1709979 0.1022253 -0.0678637 0.9876925 -0.1409194 -9.97782e-5 0.1628008 0.1503148 0.9751418 -1.51843e-5 0 0 0 1 0.9841405 0.0453726 -0.1714909 0.1022251 -0.07293587 0.9847388 -0.15802 -9.94801e-5 0.1617038 0.1680217 0.9724303 -1.69724e-5 0 0 0 1 0.9840201 0.04679369 -0.1717996 0.102225 -0.07544505 0.9835311 -0.1642404 -9.93609e-5 0.1612847 0.1745772 0.9713445 -1.76132e-5 0 0 0 1 0.983949 0.04771482 -0.1719533 0.1022248 -0.07636678 0.9834868 -0.1640794 -9.93609e-5 0.1612848 0.1745772 0.9713445 -1.75983e-5 0 0 0 1 0.9838891 0.04848283 -0.1720814 0.1022248 -0.07713502 0.9834491 -0.1639451 -9.93758e-5 0.1612847 0.1745773 0.9713445 -1.7643e-5 0 0 0 1 0.9838397 0.04910826 -0.1721855 0.1022248 -0.07776075 0.9834182 -0.1638356 -9.93758e-5 0.1612848 0.1745773 0.9713445 -1.76579e-5 0 0 0 1 0.9838007 0.04960185 -0.1722677 0.1022248 -0.07825452 0.9833934 -0.1637491 -9.93609e-5 0.1612847 0.1745772 0.9713445 -1.76281e-5 0 0 0 1 0.983771 0.0499739 -0.1723298 0.1022247 -0.07862669 0.9833745 -0.163684 -9.93609e-5 0.1612847 0.1745773 0.9713446 -1.7643e-5 0 0 0 1 0.9837502 0.05023455 -0.1723731 0.1022246 -0.07888752 0.9833613 -0.1636383 -9.9346e-5 0.1612847 0.1745772 0.9713445 -1.76281e-5 0 0 0 1 0.9837374 0.05039387 -0.1723996 0.1022246 -0.0790469 0.9833531 -0.1636104 -9.9346e-5 0.1612848 0.1745772 0.9713445 -1.76132e-5 0 0 0 1 0.9837319 0.0504617 -0.1724109 0.1022246 -0.07911467 0.9833498 -0.1635984 -9.9346e-5 0.1612847 0.1745772 0.9713445 -1.76281e-5 0 0 0 1 0.983733 0.0504477 -0.1724086 0.1022246 -0.07910066 0.9833503 -0.1636009 -9.9346e-5 0.1612847 0.1745772 0.9713445 -1.76281e-5 0 0 0 1 0.9837399 0.05036145 -0.1723942 0.1022247 -0.07901442 0.9833548 -0.1636161 -9.93609e-5 0.1612848 0.1745773 0.9713445 -1.76579e-5 0 0 0 1 0.9837519 0.05021244 -0.1723694 0.1022247 -0.0788654 0.9833624 -0.1636421 -9.93609e-5 0.1612848 0.1745772 0.9713445 -1.7643e-5 0 0 0 1 0.9837681 0.05001014 -0.1723357 0.1022247 -0.07866299 0.9833727 -0.1636776 -9.93609e-5 0.1612847 0.1745772 0.9713444 -1.7643e-5 0 0 0 1 0.9837878 0.04976397 -0.1722947 0.1022247 -0.0784167 0.9833853 -0.1637207 -9.93609e-5 0.1612847 0.1745772 0.9713445 -1.76281e-5 0 0 0 1 0.9838102 0.04948312 -0.172248 0.1022248 -0.07813572 0.9833993 -0.16377 -9.93609e-5 0.1612847 0.1745772 0.9713446 -1.76281e-5 0 0 0 1 0.9838344 0.04917705 -0.1721971 0.1022248 -0.07782953 0.9834147 -0.1638236 -9.93609e-5 0.1612847 0.1745773 0.9713445 -1.76281e-5 0 0 0 1 0.9838598 0.04885488 -0.1721433 0.1022248 -0.07750725 0.9834308 -0.16388 -9.93758e-5 0.1612847 0.1745772 0.9713445 -1.7643e-5 0 0 0 1 0.9838857 0.0485261 -0.1720886 0.102225 -0.07717835 0.9834471 -0.1639375 -9.93907e-5 0.1612848 0.1745774 0.9713445 -1.76579e-5 0 0 0 1 0.9839112 0.04820001 -0.1720342 0.1022248 -0.07685208 0.9834631 -0.1639946 -9.93609e-5 0.1612847 0.1745773 0.9713445 -1.76281e-5 0 0 0 1 0.9839357 0.04788601 -0.1719818 0.1022248 -0.0765379 0.9834785 -0.1640495 -9.93609e-5 0.1612848 0.1745772 0.9713445 -1.76132e-5 0 0 0 1 0.9839584 0.04759359 -0.171933 0.1022248 -0.07624536 0.9834927 -0.1641005 -9.93609e-5 0.1612846 0.1745773 0.9713445 -1.76132e-5 0 0 0 1 0.9839786 0.04733228 -0.1718894 0.1022248 -0.07598394 0.9835054 -0.1641463 -9.93609e-5 0.1612847 0.1745773 0.9713444 -1.75983e-5 0 0 0 1 0.9839957 0.04711174 -0.1718527 0.102225 -0.07576328 0.9835159 -0.1641848 -9.93758e-5 0.1612848 0.1745774 0.9713445 -1.76281e-5 0 0 0 1 0.9840087 0.04694181 -0.1718242 0.102225 -0.07559329 0.983524 -0.1642145 -9.93609e-5 0.1612848 0.1745772 0.9713446 -1.76281e-5 0 0 0 1 0.9840171 0.04683244 -0.171806 0.102225 -0.07548385 0.9835292 -0.1642335 -9.93609e-5 0.1612848 0.1745773 0.9713445 -1.76132e-5 0 0 0 1 0.9840201 0.04679363 -0.1717996 0.102225 -0.07544505 0.983531 -0.1642404 -9.93609e-5 0.1612847 0.1745772 0.9713445 -1.76132e-5 0 0 0 1 0.9840803 0.0461812 -0.1716206 0.102225 -0.07374399 0.9847011 -0.1578791 -9.94801e-5 0.1617039 0.1680217 0.9724303 -1.69426e-5 0 0 0 1 0.9842339 0.04451245 -0.1711801 0.1022253 -0.06913679 0.9876359 -0.1406981 -9.97931e-5 0.1628007 0.1503147 0.9751419 -1.51843e-5 0 0 0 1 0.984436 0.04202353 -0.1706456 0.1022254 -0.06233066 0.9913564 -0.1154453 -1.00151e-4 0.1643192 0.124285 0.9785462 -1.25319e-5 0 0 0 1 0.9846435 0.03895032 -0.1701773 0.1022258 -0.05401301 0.9949333 -0.08479785 -1.00508e-4 0.1660122 0.09268742 0.9817582 -9.34303e-6 0 0 0 1 0.9848216 0.03554517 -0.1698921 0.1022261 -0.04487925 0.9976683 -0.05141961 -1.00791e-4 0.1676682 0.05826371 0.9841204 -5.88596e-6 0 0 0 1 0.9849492 0.03208214 -0.1698417 0.1022265 -0.03564804 0.9992027 -0.01798683 -1.0097e-4 0.1691292 0.02377057 0.9853071 -2.41399e-6 0 0 0 1 0.9850209 0.02885335 -0.1700046 0.1022267 -0.02706855 0.9995517 0.01280713 -1.01e-4 0.1702979 -0.008013546 0.9853601 8.19564e-7 0 0 0 1 0.9850465 0.0261619 -0.1702915 0.1022271 -0.01992166 0.9990698 0.0382508 -1.0094e-4 0.1711337 -0.03428626 0.9846511 3.44217e-6 0 0 0 1 0.9850463 0.02431666 -0.1705664 0.1022272 -0.01501768 0.9983405 0.05559808 -1.00851e-4 0.1716353 -0.05220526 0.9837765 5.27501e-6 0 0 0 1 0.9850425 0.02363073 -0.1706848 0.1022275 -0.01319324 0.9979874 0.06202852 -1.00851e-4 0.1718071 -0.05884885 0.9833716 5.91576e-6 0 0 0 1 0.9850425 0.02363073 -0.1706848 0.1022275 -0.01319324 0.9979874 0.06202852 -1.00851e-4 0.1718071 -0.05884885 0.9833716 5.91576e-6 0 0 0 1 0.9850425 0.02363073 -0.1706848 0.1022275 -0.01319324 0.9979874 0.06202852 -1.00851e-4 0.1718071 -0.05884885 0.9833716 5.91576e-6 0 0 0 1 0.9850425 0.02363073 -0.1706848 0.1022275 -0.01319324 0.9979874 0.06202852 -1.00851e-4 0.1718071 -0.05884885 0.9833716 5.91576e-6 0 0 0 1 0.9850425 0.02363073 -0.1706848 0.1022275 -0.01319324 0.9979874 0.06202852 -1.00851e-4 0.1718071 -0.05884885 0.9833716 5.91576e-6 0 0 0 1 0.9850425 0.02363073 -0.1706848 0.1022275 -0.01319324 0.9979874 0.06202852 -1.00851e-4 0.1718071 -0.05884885 0.9833716 5.91576e-6 0 0 0 1 0.9850425 0.02363073 -0.1706848 0.1022275 -0.01319324 0.9979874 0.06202852 -1.00851e-4 0.1718071 -0.05884885 0.9833716 5.91576e-6 0 0 0 1 0.9850425 0.02363073 -0.1706848 0.1022275 -0.01319324 0.9979874 0.06202852 -1.00851e-4 0.1718071 -0.05884885 0.9833716 5.91576e-6 0 0 0 1 0.9850425 0.02363073 -0.1706848 0.1022275 -0.01319324 0.9979874 0.06202852 -1.00851e-4 0.1718071 -0.05884885 0.9833716 5.91576e-6 0 0 0 1 0.9850425 0.02363073 -0.1706848 0.1022275 -0.01319324 0.9979874 0.06202852 -1.00851e-4 0.1718071 -0.05884885 0.9833716 5.91576e-6 0 0 0 1 0.9850425 0.02363073 -0.1706848 0.1022275 -0.01319324 0.9979874 0.06202852 -1.00851e-4 0.1718071 -0.05884885 0.9833716 5.91576e-6 0 0 0 1 0.9850425 0.02363073 -0.1706848 0.1022275 -0.01319324 0.9979874 0.06202852 -1.00851e-4 0.1718071 -0.05884885 0.9833716 5.91576e-6 0 0 0 1 0.9850425 0.02363073 -0.1706848 0.1022275 -0.01319324 0.9979874 0.06202852 -1.00851e-4 0.1718071 -0.05884885 0.9833716 5.91576e-6 0 0 0 1 0.9850425 0.02363073 -0.1706848 0.1022275 -0.01319324 0.9979874 0.06202852 -1.00851e-4 0.1718071 -0.05884885 0.9833716 5.91576e-6 0 0 0 1 0.9850425 0.02363073 -0.1706848 0.1022275 -0.01319324 0.9979874 0.06202852 -1.00851e-4 0.1718071 -0.05884885 0.9833716 5.91576e-6 0 0 0 1 0.9850425 0.02363073 -0.1706848 0.1022275 -0.01319324 0.9979874 0.06202852 -1.00851e-4 0.1718071 -0.05884885 0.9833716 5.91576e-6 0 0 0 1 0.9850425 0.02363073 -0.1706848 0.1022275 -0.01319324 0.9979874 0.06202852 -1.00851e-4 0.1718071 -0.05884885 0.9833716 5.91576e-6 0 0 0 1 0.9850425 0.02363073 -0.1706848 0.1022275 -0.01319324 0.9979874 0.06202852 -1.00851e-4 0.1718071 -0.05884885 0.9833716 5.91576e-6 0 0 0 1 0.9850425 0.02363073 -0.1706848 0.1022275 -0.01319324 0.9979874 0.06202852 -1.00851e-4 0.1718071 -0.05884885 0.9833716 5.91576e-6 0 0 0 1 0.9850425 0.02363073 -0.1706848 0.1022275 -0.01319324 0.9979874 0.06202852 -1.00851e-4 0.1718071 -0.05884885 0.9833716 5.91576e-6 0 0 0 1 0.9850425 0.02363073 -0.1706848 0.1022275 -0.01319324 0.9979874 0.06202852 -1.00851e-4 0.1718071 -0.05884885 0.9833716 5.91576e-6 0 0 0 1 0.986525 0.02799117 -0.1611995 0.1022269 -0.0180853 0.9978754 0.06259381 -1.00821e-4 0.162609 -0.05883502 0.9849349 5.93066e-6 0 0 0 1 0.9895885 0.03828573 -0.1387416 0.1022258 -0.02967888 0.9975354 0.063582 -1.00791e-4 0.1408339 -0.0588023 0.9882856 5.94556e-6 0 0 0 1 0.992429 0.05052238 -0.1119491 0.1022247 -0.0435217 0.9969928 0.06412112 -1.00732e-4 0.114852 -0.05876344 0.9916431 5.93066e-6 0 0 0 1 0.9941411 0.06080758 -0.08936631 0.1022236 -0.05519038 0.9964203 0.06403803 -1.00672e-4 0.09294033 -0.0587306 0.9939382 5.91576e-6 0 0 0 1 0.9946795 0.06516134 -0.07979357 0.1022232 -0.06013494 0.996146 0.06385493 -1.00657e-4 0.08364695 -0.05871677 0.9947641 5.93066e-6 0 0 0 1 0.9944058 0.06283605 -0.08490705 0.1022234 -0.05749392 0.9962949 0.06396365 -1.00672e-4 0.08861154 -0.05872416 0.9943337 5.91576e-6 0 0 0 1 0.9935617 0.05688947 -0.09797477 0.1022241 -0.05074274 0.9966509 0.0641275 -1.00732e-4 0.1012948 -0.05874305 0.9931206 5.90086e-6 0 0 0 1 0.9920822 0.04880261 -0.1157201 0.102225 -0.04157292 0.9970781 0.06408715 -1.00762e-4 0.1185097 -0.05876892 0.9912123 5.91576e-6 0 0 0 1 0.9900402 0.04000538 -0.1349823 0.1022257 -0.03162068 0.9974683 0.06369954 -1.00777e-4 0.1371888 -0.05879682 0.9887984 5.94556e-6 0 0 0 1 0.9877645 0.03191274 -0.1526544 0.1022265 -0.02249497 0.9977585 0.06302767 -1.00821e-4 0.1543236 -0.05882257 0.9862678 5.96046e-6 0 0 0 1 0.9858477 0.02595865 -0.165623 0.1022271 -0.01580345 0.9979299 0.06234115 -1.00836e-4 0.1668984 -0.0588414 0.9842168 5.91576e-6 0 0 0 1 0.9850425 0.02363073 -0.1706848 0.1022275 -0.01319324 0.9979874 0.06202852 -1.00851e-4 0.1718071 -0.05884885 0.9833716 5.91576e-6 0 0 0 1 0.9850425 0.02363073 -0.1706848 0.1022275 -0.01319324 0.9979874 0.06202852 -1.00851e-4 0.1718071 -0.05884885 0.9833716 5.91576e-6 0 0 0 1 0.9850425 0.02363073 -0.1706848 0.1022275 -0.01319324 0.9979874 0.06202852 -1.00851e-4 0.1718071 -0.05884885 0.9833716 5.91576e-6 0 0 0 1 0.9850425 0.02363073 -0.1706848 0.1022275 -0.01319324 0.9979874 0.06202852 -1.00851e-4 0.1718071 -0.05884885 0.9833716 5.91576e-6 0 0 0 1 0.9850425 0.02363073 -0.1706848 0.1022275 -0.01319324 0.9979874 0.06202852 -1.00851e-4 0.1718071 -0.05884885 0.9833716 5.91576e-6 0 0 0 1 0.9850425 0.02363073 -0.1706848 0.1022275 -0.01319324 0.9979874 0.06202852 -1.00851e-4 0.1718071 -0.05884885 0.9833716 5.91576e-6 0 0 0 1 0.9850425 0.02363073 -0.1706848 0.1022275 -0.01319324 0.9979874 0.06202852 -1.00851e-4 0.1718071 -0.05884885 0.9833716 5.91576e-6 0 0 0 1 0.9850425 0.02363073 -0.1706848 0.1022275 -0.01319324 0.9979874 0.06202852 -1.00851e-4 0.1718071 -0.05884885 0.9833716 5.91576e-6 0 0 0 1 0.9850425 0.02363073 -0.1706848 0.1022275 -0.01319324 0.9979874 0.06202852 -1.00851e-4 0.1718071 -0.05884885 0.9833716 5.91576e-6 0 0 0 1 0.9850425 0.02363073 -0.1706848 0.1022275 -0.01319324 0.9979874 0.06202852 -1.00851e-4 0.1718071 -0.05884885 0.9833716 5.91576e-6 0 0 0 1 0.9850425 0.02363073 -0.1706848 0.1022275 -0.01319324 0.9979874 0.06202852 -1.00851e-4 0.1718071 -0.05884885 0.9833716 5.91576e-6 0 0 0 1 0.9850425 0.02363073 -0.1706848 0.1022275 -0.01319324 0.9979874 0.06202852 -1.00851e-4 0.1718071 -0.05884885 0.9833716 5.91576e-6 0 0 0 1 0.9850425 0.02363073 -0.1706848 0.1022275 -0.01319324 0.9979874 0.06202852 -1.00851e-4 0.1718071 -0.05884885 0.9833716 5.91576e-6 0 0 0 1 0.9850425 0.02363073 -0.1706848 0.1022275 -0.01319324 0.9979874 0.06202852 -1.00851e-4 0.1718071 -0.05884885 0.9833716 5.91576e-6 0 0 0 1</float_array>
        <technique_common>
          <accessor source="#node-Bip01_Spine1_matrix-output-array" count="91" stride="16">
            <param name="TRANSFORM" type="float4x4"/>
          </accessor>
        </technique_common>
      </source>
      <source id="node-Bip01_Spine1_matrix-interpolation">
        <Name_array id="node-Bip01_Spine1_matrix-interpolation-array" count="91">LINEAR LINEAR LINEAR LINEAR LINEAR LINEAR LINEAR LINEAR LINEAR LINEAR LINEAR LINEAR LINEAR LINEAR LINEAR LINEAR LINEAR LINEAR LINEAR LINEAR LINEAR LINEAR LINEAR LINEAR LINEAR LINEAR LINEAR LINEAR LINEAR LINEAR LINEAR LINEAR LINEAR LINEAR LINEAR LINEAR LINEAR LINEAR LINEAR LINEAR LINEAR LINEAR LINEAR LINEAR LINEAR LINEAR LINEAR LINEAR LINEAR LINEAR LINEAR LINEAR LINEAR LINEAR LINEAR LINEAR LINEAR LINEAR LINEAR LINEAR LINEAR LINEAR LINEAR LINEAR LINEAR LINEAR LINEAR LINEAR LINEAR LINEAR LINEAR LINEAR LINEAR LINEAR LINEAR LINEAR LINEAR LINEAR LINEAR LINEAR LINEAR LINEAR LINEAR LINEAR LINEAR LINEAR LINEAR LINEAR LINEAR LINEAR LINEAR</Name_array>
        <technique_common>
          <accessor source="#node-Bip01_Spine1_matrix-interpolation-array" count="91" stride="1">
            <param name="INTERPOLATION" type="name"/>
          </accessor>
        </technique_common>
      </source>
      <source id="node-Bip01_Neck_matrix-input">
        <float_array id="node-Bip01_Neck_matrix-input-array" count="91">62.66667 62.7 62.73333 62.76667 62.8 62.83333 62.86666 62.9 62.93333 62.96667 63 63.03333 63.06667 63.1 63.13334 63.16667 63.2 63.23333 63.26667 63.3 63.33333 63.36666 63.4 63.43333 63.46667 63.5 63.53333 63.56667 63.6 63.63334 63.66667 63.7 63.73333 63.76667 63.8 63.83333 63.86666 63.9 63.93333 63.96667 64 64.03333 64.06667 64.1 64.13333 64.16666 64.2 64.23333 64.26667 64.3 64.33334 64.36667 64.4 64.43333 64.46667 64.5 64.53333 64.56667 64.6 64.63333 64.66666 64.7 64.73333 64.76667 64.8 64.83334 64.86667 64.9 64.93333 64.96667 65 65.03333 65.06667 65.1 65.13333 65.16666 65.2 65.23333 65.26667 65.3 65.33334 65.36667 65.4 65.43333 65.46667 65.5 65.53333 65.56667 65.6 65.63333 65.66666</float_array>
        <technique_common>
          <accessor source="#node-Bip01_Neck_matrix-input-array" count="91" stride="1">
            <param name="TIME" type="float"/>
          </accessor>
        </technique_common>
      </source>
      <source id="node-Bip01_Neck_matrix-output">
