<?xml version="1.0" encoding="utf-8"?>
<COLLADA xmlns="http://www.collada.org/2005/11/COLLADASchema" version="1.4.1">
  <asset>
    <contributor>
      <author>MattO</author>
      <authoring_tool>OpenCOLLADA for 3ds Max;  Version: 1.3.0;  Revision: 839M;  Platform: x64;  Configuration: Release_Max2012</authoring_tool>
      <source_data>file:///C:/Dropbox/Prj/GGStout/Lurker/SoldierTP_Lurker_Animation_Master.max</source_data>
    </contributor>
    <created>2011-09-29T23:38:26</created>
    <modified>2011-09-29T23:38:26</modified>
    <unit name="meter" meter="1"/>
    <up_axis>Z_UP</up_axis>
  </asset>
  <library_effects>
    <effect id="ShapeBounds">
      <profile_COMMON>
        <technique sid="common">
          <blinn>
            <emission>
              <color>0 0 0 1</color>
            </emission>
            <ambient>
              <color>0.1647059 1 0 1</color>
            </ambient>
            <diffuse>
              <color>0.1647059 1 0 1</color>
            </diffuse>
            <specular>
              <color>0.9 0.9 0.9 1</color>
            </specular>
            <shininess>
              <float>10</float>
            </shininess>
            <reflective>
              <color>0 0 0 1</color>
            </reflective>
            <transparent opaque="A_ONE">
              <color>1 1 1 1</color>
            </transparent>
            <transparency>
              <float>1</float>
            </transparency>
          </blinn>
        </technique>
      </profile_COMMON>
      <extra>
        <technique profile="OpenCOLLADA3dsMax">
          <extended_shader>
            <apply_reflection_dimming>0</apply_reflection_dimming>
            <dim_level>0</dim_level>
            <falloff_type>0</falloff_type>
            <index_of_refraction>1.5</index_of_refraction>
            <opacity_type>0</opacity_type>
            <reflection_level>3</reflection_level>
            <wire_size>1</wire_size>
            <wire_units>0</wire_units>
          </extended_shader>
          <shader>
            <ambient_diffuse_lock>1</ambient_diffuse_lock>
            <ambient_diffuse_texture_lock>1</ambient_diffuse_texture_lock>
            <diffuse_specular_lock>0</diffuse_specular_lock>
            <soften>0.1</soften>
            <use_self_illum_color>0</use_self_illum_color>
          </shader>
        </technique>
      </extra>
    </effect>
  </library_effects>
  <library_materials>
    <material id="ShapeBounds-material" name="ShapeBounds">
      <instance_effect url="#ShapeBounds"/>
    </material>
  </library_materials>
  <library_geometries>
    <geometry id="geom-Bounds" name="Bounds">
      <mesh>
        <source id="geom-Bounds-positions">
          <float_array id="geom-Bounds-positions-array" count="24">-0.425 -0.425 0 0.425 -0.425 0 -0.425 0.425 0 0.425 0.425 0 -0.425 -0.425 1.84 0.425 -0.425 1.84 -0.425 0.425 1.84 0.425 0.425 1.84</float_array>
          <technique_common>
            <accessor source="#geom-Bounds-positions-array" count="8" stride="3">
              <param name="X" type="float"/>
              <param name="Y" type="float"/>
              <param name="Z" type="float"/>
            </accessor>
          </technique_common>
        </source>
        <source id="geom-Bounds-normals">
          <float_array id="geom-Bounds-normals-array" count="72">0 0 -1 0 0 -1 0 0 -1 0 0 -1 0 0 1 0 0 1 0 0 1 0 0 1 0 -1 0 0 -1 0 0 -1 0 0 -1 0 1 0 0 1 0 0 1 0 0 1 0 0 0 1 0 0 1 0 0 1 0 0 1 0 -1 0 0 -1 0 0 -1 0 0 -1 0 0</float_array>
          <technique_common>
            <accessor source="#geom-Bounds-normals-array" count="24" stride="3">
              <param name="X" type="float"/>
              <param name="Y" type="float"/>
              <param name="Z" type="float"/>
            </accessor>
          </technique_common>
        </source>
        <source id="geom-Bounds-map1">
          <float_array id="geom-Bounds-map1-array" count="36">0 0 0 1 0 0 0 1 0 1 1 0 0 0 0 1 0 0 0 1 0 1 1 0 0 0 0 1 0 0 0 1 0 1 1 0</float_array>
          <technique_common>
            <accessor source="#geom-Bounds-map1-array" count="12" stride="3">
              <param name="S" type="float"/>
              <param name="T" type="float"/>
              <param name="P" type="float"/>
            </accessor>
          </technique_common>
        </source>
        <vertices id="geom-Bounds-vertices">
          <input semantic="POSITION" source="#geom-Bounds-positions"/>
        </vertices>
        <triangles material="ShapeBounds" count="12">
          <input semantic="VERTEX" source="#geom-Bounds-vertices" offset="0"/>
          <input semantic="NORMAL" source="#geom-Bounds-normals" offset="1"/>
          <input semantic="TEXCOORD" source="#geom-Bounds-map1" offset="2" set="0"/>
          <p>0 0 9 2 1 11 3 2 10 3 2 10 1 3 8 0 0 9 4 4 8 5 5 9 7 6 11 7 6 11 6 7 10 4 4 8 0 8 4 1 9 5 5 10 7 5 10 7 4 11 6 0 8 4 1 12 0 3 13 1 7 14 3 7 14 3 5 15 2 1 12 0 3 16 4 2 17 5 6 18 7 6 18 7 7 19 6 3 16 4 2 20 0 0 21 1 4 22 3 4 22 3 6 23 2 2 20 0</p>
        </triangles>
      </mesh>
      <extra>
        <technique profile="OpenCOLLADA3dsMax">
          <max_box>
            <generateuvs>1</generateuvs>
            <height>1.84</height>
            <heightsegments>1</heightsegments>
            <length>0.85</length>
            <lengthsegments>1</lengthsegments>
            <width>0.85</width>
            <widthsegments>1</widthsegments>
          </max_box>
        </technique>
      </extra>
    </geometry>
  </library_geometries>
  <library_lights>
    <light id="EnvironmentAmbientLight" name="EnvironmentAmbientLight">
      <technique_common>
        <ambient>
          <color>0 0 0</color>
        </ambient>
      </technique_common>
    </light>
  </library_lights>
  <library_visual_scenes>
    <visual_scene id="MaxScene">
      <node name="EnvironmentAmbientLight">
        <instance_light url="#EnvironmentAmbientLight"/>
      </node>
      <node id="node-Bip01" name="Bip01">
        <matrix sid="matrix">0.7792375 -0.6267175 0.003750266 -8.10623e-5 0.626718 0.7792453 0.001183461 0.009366653 -0.003664073 0.001428162 0.9999923 0.7990584 0 0 0 1</matrix>
        <node id="node-Bip01_Pelvis" name="Bip01_Pelvis">
          <matrix sid="matrix">-0.009626744 0.991236 0.1317526 0 -0.1217414 -0.1319404 0.9837534 0 0.9925151 -0.006569401 0.1219446 0 0 0 0 1</matrix>
          <node id="node-Bip01_Spine" name="Bip01_Spine">
            <matrix sid="matrix">0.9142389 -0.1596023 -0.3724172 0.1975123 0.1756539 0.9844078 0.009333325 0.02499345 0.3651208 -0.07394947 0.9280187 0.02780976 0 0 0 1</matrix>
            <node id="node-Bip01_Spine1" name="Bip01_Spine1">
              <matrix sid="matrix">0.9850424 0.02363087 -0.1706849 0.1022274 -0.01319331 0.9979873 0.06202859 -1.00851e-4 0.1718071 -0.05884885 0.9833715 5.93066e-6 0 0 0 1</matrix>
              <node id="node-Bip01_Spine2" name="Bip01_Spine2">
                <matrix sid="matrix">0.9369742 -0.3477308 -0.03409588 0.1269256 0.349036 0.9270917 0.1366548 -1.58772e-4 -0.01590917 -0.1399427 0.9900318 2.40505e-5 0 0 0 1</matrix>
                <node id="node-Bip01_Neck" name="Bip01_Neck">
                  <matrix>0.8407083 -0.4308256 0.3280236 0.2151071 0.4136218 0.9019014 0.1244632 -4.97699e-5 -0.3494669 0.03104064 0.9364345 -1.75834e-6 0 0 0 1</matrix>
                  <node id="node-Bip01_Head" name="Bip01_Head">
                    <matrix sid="matrix">0.947571 -0.06889565 -0.3120295 0.07051814 -0.2855058 0.2560087 -0.9235507 -0.01395917 0.1435109 0.9642162 0.2229163 0 0 0 0 1</matrix>
                    <node id="node-ALTEYE" name="ALTEYE">
                      <matrix sid="matrix">0.4506336 0.3792482 0.8081468 0.06454694 0.04412797 0.8947043 -0.4444743 0.2214611 -0.891618 0.2359566 0.3864483 0.04716253 0 0 0 1</matrix>
                    </node>
                  </node>
                  <node id="node-Bip01_L_Clavicle" name="Bip01_L_Clavicle">
                    <matrix sid="matrix">-0.5778345 -0.4531802 0.6787746 -0.04690331 0.2838089 -0.8913432 -0.3534966 -0.01204771 0.7652189 -0.01162019 0.6436655 0.05588406 0 0 0 1</matrix>
                    <node id="node-Bip01_L_UpperArm" name="Bip01_L_UpperArm">
                      <matrix sid="matrix">0.8909969 0.4283963 0.1503367 0.1824008 -0.303411 0.315526 0.8991024 -2.98023e-8 0.3377371 -0.8467112 0.4111128 -5.96046e-8 0 0 0 1</matrix>
                      <node id="node-Bip01_L_Forearm" name="Bip01_L_Forearm">
                        <matrix sid="matrix">0.3455171 0.9384125 2.98023e-8 0.2843689 -0.9384125 0.3455171 2.98023e-8 0 -5.96046e-8 -2.98023e-8 1 0 0 0 0 1</matrix>
                        <node id="node-Bip01_L_Hand" name="Bip01_L_Hand">
                          <matrix sid="matrix">0.9513654 0.2418054 -0.1908766 0.2810681 0.1384112 -0.8890475 -0.4363907 8.9407e-8 -0.2752201 0.3887476 -0.8792777 0 0 0 0 1</matrix>
                          <node id="node-Bip01_L_Finger0" name="Bip01_L_Finger0">
                            <matrix sid="matrix">0.6413842 0.3141904 0.6999363 0.02119672 0.7352949 0.008702906 -0.6776915 -0.004734278 -0.2190155 0.9493201 -0.2254408 -0.02572179 0 0 0 1</matrix>
                            <node id="node-Bip01_L_Finger01" name="Bip01_L_Finger01">
                              <matrix sid="matrix">0.997564 -0.06975642 -2.98023e-8 0.04982853 0.06975643 0.9975641 -2.14204e-8 0 2.98023e-8 -1.86265e-8 0.9999999 0 0 0 0 1</matrix>
                              <node id="node-Bip01_L_Finger02" name="Bip01_L_Finger02">
                                <matrix sid="matrix">0.9203137 0.3911814 2.98023e-8 0.05202234 -0.3911815 0.9203137 4.84288e-8 -2.98023e-8 -2.98023e-8 0 1 0 0 0 0 1</matrix>
                              </node>
                            </node>
                          </node>
                          <node id="node-Bip01_L_Finger1" name="Bip01_L_Finger1">
                            <matrix>0.9592717 -0.2819768 -0.01693494 0.1199947 0.2798395 0.9567645 -0.07931915 -0.008367479 0.03856889 0.07134955 0.9967055 -0.0410139 0 0 0 1</matrix>
                            <node id="node-Bip01_L_Finger11" name="Bip01_L_Finger11">
                              <matrix>0.7001771 -0.7139691 -7.45058e-9 0.03644156 0.7139692 0.7001772 -2.98023e-8 -5.96046e-8 4.47035e-8 -2.98023e-8 0.9999999 5.96046e-8 0 0 0 1</matrix>
                              <node id="node-Bip01_L_Finger12" name="Bip01_L_Finger12">
                                <matrix>0.8757259 -0.4828088 0 0.03117549 0.4828088 0.8757258 2.23517e-8 -1.78814e-7 -1.49012e-8 1.52737e-7 1 -5.96046e-8 0 0 0 1</matrix>
                              </node>
                            </node>
                          </node>
                          <node id="node-Bip01_L_Finger2" name="Bip01_L_Finger2">
                            <matrix>0.6611331 -0.7495598 -0.03260925 0.1229539 0.748977 0.656822 0.08728345 -0.008802116 -0.0440058 -0.08212949 0.9956496 -0.01328248 0 0 0 1</matrix>
                            <node id="node-Bip01_L_Finger21" name="Bip01_L_Finger21">
                              <matrix>0.8156036 -0.5786111 1.86265e-9 0.03895497 0.5786111 0.8156036 7.45058e-9 5.96046e-8 2.23517e-8 2.82889e-8 0.9999999 5.96046e-8 0 0 0 1</matrix>
                              <node id="node-Bip01_L_Finger22" name="Bip01_L_Finger22">
                                <matrix>0.9762961 -0.2164397 -5.58794e-9 0.03800523 0.2164397 0.9762961 -5.23869e-8 5.96046e-8 1.11759e-8 -4.84288e-8 1 0 0 0 0 1</matrix>
                              </node>
                            </node>
                          </node>
                          <node id="node-Bip01_L_Finger3" name="Bip01_L_Finger3">
                            <matrix>0.412463 -0.906479 -0.09038838 0.1211882 0.9061533 0.3980612 0.1429456 -0.001191139 -0.09359708 -0.1408656 0.9855945 0.01196861 0 0 0 1</matrix>
                            <node id="node-Bip01_L_Finger31" name="Bip01_L_Finger31">
                              <matrix>0.938148 -0.3462351 -1.86265e-9 0.03155828 0.3462351 0.9381478 -2.70084e-8 -1.19209e-7 7.45058e-9 -8.14907e-9 1 0 0 0 0 1</matrix>
                              <node id="node-Bip01_L_Finger32" name="Bip01_L_Finger32">
                                <matrix>0.9636304 -0.2672384 3.72529e-9 0.03366613 0.2672384 0.9636304 -5.9139e-8 5.96046e-8 3.53903e-8 1.30385e-8 1 -5.96046e-8 0 0 0 1</matrix>
                              </node>
                            </node>
                          </node>
                          <node id="node-Bip01_L_Finger4" name="Bip01_L_Finger4">
                            <matrix>0.07120568 -0.9696806 0.2337719 0.1136797 0.9750155 0.1171045 0.1887628 0.005147398 -0.2104155 0.2144902 0.9537922 0.03886569 0 0 0 1</matrix>
                            <node id="node-Bip01_L_Finger41" name="Bip01_L_Finger41">
                              <matrix>0.9790113 -0.2038069 0 0.03661621 0.2038069 0.9790114 3.35276e-8 0 0 0 1 2.98023e-8 0 0 0 1</matrix>
                              <node id="node-Bip01_L_Finger42" name="Bip01_L_Finger42">
                                <matrix>0.9645151 0.2640274 0 0.01772636 -0.2640274 0.9645151 -1.49012e-8 0 1.49012e-8 3.86499e-8 1 -1.49012e-8 0 0 0 1</matrix>
                              </node>
                            </node>
                          </node>
                        </node>
                      </node>
                    </node>
                  </node>
                  <node id="node-Bip01_R_Clavicle" name="Bip01_R_Clavicle">
                    <matrix sid="matrix">0.2073931 -0.1669672 -0.9639034 8.67009e-4 0.5679266 -0.7817281 0.2576055 -0.01629043 -0.7965222 -0.6008521 -0.06729983 -0.07212146 0 0 0 1</matrix>
                    <node id="node-Bip01_R_UpperArm" name="Bip01_R_UpperArm">
                      <matrix sid="matrix">0.3444224 0.9301313 -0.1273929 0.1824007 -0.8985998 0.3659098 0.2421334 0 0.2718301 0.03107911 0.9618434 0 0 0 0 1</matrix>
                      <node id="node-Bip01_R_Forearm" name="Bip01_R_Forearm">
                        <matrix sid="matrix">-0.07265088 0.9973574 0 0.2843689 -0.9973575 -0.07265083 -1.49012e-8 0 -5.21541e-8 2.98023e-8 1 0 0 0 0 1</matrix>
                        <node id="node-Bip01_R_Hand" name="Bip01_R_Hand">
                          <matrix sid="matrix">0.9247895 0.3771958 -0.04987457 0.281068 0.2033486 -0.6007847 -0.773115 -1.19209e-7 -0.3215797 0.704827 -0.6323017 0 0 0 0 1</matrix>
                          <node id="node-Bip01_R_Finger0" name="Bip01_R_Finger0">
                            <matrix>0.5215105 0.269013 -0.8097277 0.02119672 0.7250716 0.3605264 0.5867638 -0.004734248 0.4497753 -0.8931141 -0.007035473 0.02572191 0 0 0 1</matrix>
                            <node id="node-Bip01_R_Finger01" name="Bip01_R_Finger01">
                              <matrix>0.6423535 -0.7636236 0.0652758 0.04982859 0.7605616 0.6456373 0.06854746 0 -0.0944889 0.005614502 0.9955102 0 0 0 0 1</matrix>
                              <node id="node-Bip01_R_Finger02" name="Bip01_R_Finger02">
                                <matrix>0.9505159 -0.3106765 0 0.05202237 0.3106764 0.9505158 -3.72529e-9 0 1.86265e-8 7.45058e-9 1 -2.98023e-8 0 0 0 1</matrix>
                              </node>
                            </node>
                          </node>
                          <node id="node-Bip01_R_Finger1" name="Bip01_R_Finger1">
                            <matrix>0.9820225 -0.1733428 -0.07472672 0.1199946 0.1795577 0.9799359 0.08651492 -0.008367568 0.05823065 -0.09837732 0.9934441 0.04101372 0 0 0 1</matrix>
                            <node id="node-Bip01_R_Finger11" name="Bip01_R_Finger11">
                              <matrix>0.8240547 -0.5665103 -3.72529e-9 0.03644168 0.5665102 0.8240547 0 0 -2.32831e-8 -7.45058e-9 0.9999999 0 0 0 0 1</matrix>
                              <node id="node-Bip01_R_Finger12" name="Bip01_R_Finger12">
                                <matrix>0.8146397 -0.5796779 0.01831833 0.03117552 0.5799671 0.8142334 -0.02573048 0 7.45058e-9 0.03158512 0.999501 0 0 0 0 1</matrix>
                              </node>
                            </node>
                          </node>
                          <node id="node-Bip01_R_Finger2" name="Bip01_R_Finger2">
                            <matrix>0.6754014 -0.7374504 -1.52119e-4 0.1229538 0.7368313 0.6748428 -0.04082684 -0.008802027 0.03021043 0.02746242 0.9991661 0.0132823 0 0 0 1</matrix>
                            <node id="node-Bip01_R_Finger21" name="Bip01_R_Finger21">
                              <matrix>0.5508358 -0.8338858 -0.0348487 0.03895518 0.8322219 0.5519371 -0.05265063 0 0.06313891 -1.25729e-8 0.9980048 1.19209e-7 0 0 0 1</matrix>
                              <node id="node-Bip01_R_Finger22" name="Bip01_R_Finger22">
                                <matrix>0.1984734 -0.9799247 0.01886614 0.03800541 0.9755273 0.1993681 0.09272984 0 -0.09462959 7.45058e-9 0.9955126 1.19209e-7 0 0 0 1</matrix>
                              </node>
                            </node>
                          </node>
                          <node id="node-Bip01_R_Finger3" name="Bip01_R_Finger3">
                            <matrix>0.7159052 -0.6949216 0.06755453 0.1211881 0.6883786 0.6863562 -0.234627 -0.001191288 0.1166809 0.2144738 0.9697352 -0.01196861 0 0 0 1</matrix>
                            <node id="node-Bip01_R_Finger31" name="Bip01_R_Finger31">
                              <matrix>0.4441952 -0.8949345 0.0422235 0.03155845 0.8909186 0.4461976 0.08468727 5.96046e-8 -0.0946296 2.81725e-8 0.9955125 -1.19209e-7 0 0 0 1</matrix>
                              <node id="node-Bip01_R_Finger32" name="Bip01_R_Finger32">
                                <matrix>0.1993681 -0.9794357 -0.03095104 0.03366593 0.9799247 0.1992686 0.006297075 0 -7.45058e-9 -0.03158511 0.999501 0 0 0 0 1</matrix>
                              </node>
                            </node>
                          </node>
                          <node id="node-Bip01_R_Finger4" name="Bip01_R_Finger4">
                            <matrix>0.5925791 -0.789795 -0.1583476 0.1136796 0.7783523 0.6120424 -0.1399001 0.005147398 0.2074078 -0.04034831 0.9774221 -0.03886569 0 0 0 1</matrix>
                            <node id="node-Bip01_R_Finger41" name="Bip01_R_Finger41">
                              <matrix>0.4202556 -0.9064697 0.04120623 0.03661627 0.9068531 0.421151 0.01578781 -5.96046e-8 -0.03166522 0.03073302 0.999026 1.19209e-7 0 0 0 1</matrix>
                              <node id="node-Bip01_R_Finger42" name="Bip01_R_Finger42">
                                <matrix>0.402447 -0.9138247 -0.05441485 0.01772633 0.9154231 0.4021218 0.01728319 2.98023e-8 0.006087616 -0.05676818 0.9983688 0 0 0 0 1</matrix>
                              </node>
                            </node>
                          </node>
                          <node id="node-MOUNT0" name="MOUNT0">
                            <matrix>-6.30038e-7 1 4.19095e-9 0.109539 -1 -6.60943e-7 4.76837e-7 0.02518257 4.787e-7 6.51926e-9 1 0.01321673 0 0 0 1</matrix>
                          </node>
                        </node>
                      </node>
                    </node>
                  </node>
                </node>
                <node id="node-Bip01_L_Pauldron_Upper" name="Bip01_L_Pauldron_Upper">
                  <matrix sid="matrix">0.972627 0.1182923 0.2000108 0.176903 0.1448454 -0.9816833 -0.1237686 -0.03908369 0.1817062 0.1493512 -0.9719453 0.2290199 0 0 0 1</matrix>
                </node>
                <node id="node-Bip01_R_Pauldron_Lower" name="Bip01_R_Pauldron_Lower">
                  <matrix>-0.1156726 -0.940376 -0.3198656 0.172906 0.9097751 -0.2295503 0.3458564 -0.1133294 -0.3986599 -0.2509995 0.8820828 -0.2351095 0 0 0 1</matrix>
                </node>
                <node id="node-Bip01_L_Pauldron_Lower" name="Bip01_L_Pauldron_Lower">
                  <matrix>-0.2099968 -0.7687201 0.6041285 0.1529202 0.4002344 -0.6313506 -0.6642359 -0.1054225 0.8920282 0.1023055 0.4402497 0.2344801 0 0 0 1</matrix>
                </node>
              </node>
            </node>
            <node id="node-Bip01_L_Thigh" name="Bip01_L_Thigh">
              <matrix sid="matrix">-0.4488865 0.8921236 -0.05115185 -0.1485698 0.5193887 0.3070632 0.7974634 -4.51207e-4 0.7271427 0.3314028 -0.6011953 0.1658256 0 0 0 1</matrix>
              <node id="node-Bip01_L_Calf" name="Bip01_L_Calf">
                <matrix sid="matrix">0.4034134 0.9150178 3.72529e-9 0.4629988 -0.9150178 0.4034134 3.72529e-9 0 -1.49012e-8 -5.40167e-8 1 1.49012e-8 0 0 0 1</matrix>
                <node id="node-Bip01_L_Foot" name="Bip01_L_Foot">
                  <matrix sid="matrix">0.9319388 -0.353631 -0.08022039 0.3610502 0.3615533 0.9231065 0.1309709 0 0.0277366 -0.1510608 0.9881353 -1.49012e-8 0 0 0 1</matrix>
                  <node id="node-Bip01_L_Toe0" name="Bip01_L_Toe0">
                    <matrix sid="matrix">7.13859e-7 -1 1.74716e-6 0.1486307 1 7.13859e-7 -1.0131e-7 0.1543275 1.01612e-7 1.74809e-6 1 0 0 0 0 1</matrix>
                  </node>
                </node>
              </node>
            </node>
            <node id="node-Bip01_R_Thigh" name="Bip01_R_Thigh">
              <matrix sid="matrix">-0.9150364 0.360143 0.1816739 -0.2416654 0.4023409 0.847058 0.3472964 0.01840352 -0.02881193 0.3908837 -0.9199891 -0.07079411 0 0 0 1</matrix>
              <node id="node-Bip01_R_Calf" name="Bip01_R_Calf">
                <matrix sid="matrix">0.4439682 0.8960426 -2.98023e-8 0.4629987 -0.8960425 0.4439683 0 7.45058e-9 -1.49012e-8 0 1 0 0 0 0 1</matrix>
                <node id="node-Bip01_R_Foot" name="Bip01_R_Foot">
                  <matrix sid="matrix">0.6470289 -0.7364014 0.1976527 0.3610501 0.7123637 0.6762666 0.1876201 -5.96046e-8 -0.2718296 0.01940507 0.9621497 -2.98023e-8 0 0 0 1</matrix>
                  <node id="node-Bip01_R_Toe0" name="Bip01_R_Toe0">
                    <matrix sid="matrix">-0.1805808 -0.9786913 0.09774488 0.1486307 0.9833316 -0.1817879 -0.003513766 0.1543275 0.02120769 0.09548111 0.9952053 2.98023e-8 0 0 0 1</matrix>
                  </node>
                </node>
              </node>
            </node>
          </node>
          <node id="node-Bip01_FannyPack" name="Bip01_FannyPack">
            <matrix>-0.9629919 -0.2062316 0.1735378 0.2299508 -0.2083319 0.9780385 0.00622708 -0.1378937 -0.1710108 -0.03015684 -0.9848077 0.01013964 0 0 0 1</matrix>
          </node>
        </node>
        <node id="node-EYE" name="EYE">
          <matrix sid="matrix">0.7792377 0.6267179 -0.00366411 0.05939459 -0.6267175 0.7792451 0.001428192 0.07235011 0.003750313 0.001183282 0.999992 0.7713364 0 0 0 1</matrix>
          <node id="node-CAM" name="CAM">
            <matrix>1 -6.03104e-8 3.55271e-15 4.84288e-8 6.03104e-8 1 -2.32831e-9 -0.104 -3.55271e-15 2.32832e-9 1 0.3005601 0 0 0 1</matrix>
          </node>
        </node>
      </node>
      <node id="node-Bounds" name="Bounds">
        <matrix>0.9999915 0.001706907 0.003750479 0 -0.001711356 0.9999978 0.001183292 0.1035326 -0.003748452 -0.0011897 0.9999923 -8.93474e-5 0 0 0 1</matrix>
        <instance_geometry url="#geom-Bounds">
          <bind_material>
            <technique_common>
              <instance_material symbol="ShapeBounds" target="#ShapeBounds-material"/>
            </technique_common>
          </bind_material>
        </instance_geometry>
      </node>
    </visual_scene>
  </library_visual_scenes>
  <library_animations>
    <animation>
      <source id="node-Bip01_matrix-input">
        <float_array id="node-Bip01_matrix-input-array" count="41">42.66667 42.7 42.73333 42.76667 42.8 42.83333 42.86666 42.9 42.93333 42.96667 43 43.03333 43.06667 43.1 43.13334 43.16667 43.2 43.23333 43.26667 43.3 43.33333 43.36666 43.4 43.43333 43.46667 43.5 43.53333 43.56667 43.6 43.63334 43.66667 43.7 43.73333 43.76667 43.8 43.83333 43.86666 43.9 43.93333 43.96667 44</float_array>
        <technique_common>
          <accessor source="#node-Bip01_matrix-input-array" count="41" stride="1">
            <param name="TIME" type="float"/>
          </accessor>
        </technique_common>
      </source>
      <source id="node-Bip01_matrix-output">
        <float_array id="node-Bip01_matrix-output-array" count="656">0.7792375 -0.6267175 0.003750264 -8.10623e-5 0.626718 0.7792453 0.00118345 0.009366631 -0.003664016 0.001428127 0.9999923 0.7990584 0 0 0 1 0.8482156 -0.5273389 -0.04943716 -0.05909514 0.5283102 0.8490122 0.008167147 0.009367346 0.0376659 -0.03304564 0.9987438 0.7990592 0 0 0 1 0.9408935 -0.2810732 -0.1889899 -0.1509792 0.2847546 0.9585675 -0.007957458 0.009366631 0.1833962 -0.04632854 0.9819468 0.7990584 0 0 0 1 0.9099624 -0.02179747 -0.4141176 -0.1911525 -0.01648235 0.9959274 -0.08863925 0.009366631 0.4143632 0.08748406 0.9058972 0.7990584 0 0 0 1 0.7463924 0.1666454 -0.644304 -0.2594731 -0.3333991 0.931523 -0.1452925 0.009366631 0.5759717 0.3232556 0.7508411 0.7990584 0 0 0 1 0.5438507 0.3232228 -0.7744376 -0.3989766 -0.6318836 0.7650058 -0.1244555 0.007245659 0.5522224 0.5570396 0.6202881 0.7990584 0 0 0 1 0.3387237 0.326892 -0.8822743 -0.5594455 -0.8634325 0.4805641 -0.1534358 -0.001967608 0.3738324 0.8137566 0.4450275 0.7990584 0 0 0 1 0.1308872 0.1724519 -0.9762832 -0.7245393 -0.9861857 0.1234875 -0.1104018 -0.0226103 0.1015198 0.9772467 0.1862325 0.7990584 0 0 0 1 -0.1613835 0.08066064 -0.98359 -0.8780876 -0.9832241 -0.0989871 0.1532058 -0.05937033 -0.08500498 0.9918143 0.09528231 0.7990584 0 0 0 1 -0.4314513 0.02380317 -0.9018222 -1.014271 -0.869848 -0.276027 0.4088686 -0.1096594 -0.2391948 0.9608551 0.1397973 0.7759553 0 0 0 1 -0.6205343 -0.08795207 -0.7792317 -1.140087 -0.6767693 -0.4419034 0.5888168 -0.1635681 -0.3961325 0.8927409 0.2146925 0.7187303 0 0 0 1 -0.7001797 -0.2388628 -0.6728246 -1.257704 -0.4527062 -0.5801829 0.6770856 -0.2154395 -0.5520919 0.7786735 0.2980976 0.6447257 0 0 0 1 -0.6731348 -0.3939014 -0.6258844 -1.369142 -0.2487365 -0.676434 0.6932296 -0.2597011 -0.6964336 0.6223172 0.3573536 0.5707205 0 0 0 1 -0.5618092 -0.517171 -0.6456818 -1.47634 -0.1058155 -0.7291646 0.6761083 -0.2906789 -0.8204717 0.4481669 0.3549264 0.513495 0 0 0 1 -0.3895493 -0.5968773 -0.7014192 -1.581194 -0.05295294 -0.745805 0.6640564 -0.3024047 -0.9194821 0.2958248 0.2589213 0.4903968 0 0 0 1 -0.1605806 -0.6503711 -0.7424495 -1.684946 -0.08203703 -0.740814 0.6666818 -0.2945212 -0.9836075 0.1679645 0.06560581 0.4911379 0 0 0 1 0.08286678 -0.6927264 -0.7164239 -1.786774 -0.1451233 -0.7196212 0.679032 -0.2762379 -0.9859372 0.04770064 -0.1601634 0.49321 0 0 0 1 0.2672113 -0.7358619 -0.6221781 -1.885566 -0.2076238 -0.6744554 0.7085215 -0.255196 -0.9410051 -0.06014597 -0.3330047 0.4964213 0 0 0 1 0.3381865 -0.7886942 -0.5134114 -1.980139 -0.2360519 -0.5992068 0.7650035 -0.2389501 -0.9109936 -0.1375219 -0.3888162 0.5006148 0 0 0 1 0.3269528 -0.8520502 -0.4087938 -2.070794 -0.2379362 -0.4928509 0.8369495 -0.2303292 -0.9145973 -0.1763761 -0.3638727 0.5053748 0 0 0 1 0.2978091 -0.9084289 -0.2933714 -2.158284 -0.2418959 -0.369097 0.8973593 -0.2260763 -0.9234696 -0.1962763 -0.3296657 0.5101234 0 0 0 1 0.257205 -0.9496782 -0.1787649 -2.241915 -0.2454793 -0.2431294 0.9384178 -0.2249836 -0.9346579 -0.1974827 -0.2956605 0.5144858 0 0 0 1 0.2114538 -0.9741207 -0.07985079 -2.320955 -0.2462856 -0.1321666 0.9601435 -0.2259089 -0.9458492 -0.1833599 -0.267859 0.5180898 0 0 0 1 0.1670085 -0.9858742 -0.0126571 -2.394612 -0.2418751 -0.05341243 0.9688362 -0.2277369 -0.9558266 -0.1587424 -0.2473788 0.5205529 0 0 0 1 0.1306333 -0.9914067 0.006903529 -2.461992 -0.2296636 -0.02348649 0.9729866 -0.2293412 -0.9644634 -0.12869 -0.2307581 0.5214696 0 0 0 1 0.1057896 -0.9943868 -0.001892983 -2.523237 -0.2089691 -0.02409267 0.9776254 -0.2299824 -0.9721834 -0.103027 -0.2103449 0.5136923 0 0 0 1 0.08963608 -0.9959312 -0.009314179 -2.578992 -0.1819508 -0.02556908 0.9829753 -0.2298651 -0.9792137 -0.08641541 -0.1835024 0.4917719 0 0 0 1 0.07990419 -0.9966773 -0.01580566 -2.629053 -0.1500353 -0.02770113 0.9882925 -0.2292374 -0.9854465 -0.07659727 -0.15175 0.4576727 0 0 0 1 0.07440793 -0.9969893 -0.02181398 -2.673166 -0.1146146 -0.03027963 0.9929485 -0.2283376 -0.9906195 -0.07138311 -0.1165226 0.4131982 0 0 0 1 0.07097959 -0.9970952 -0.0276252 -2.711022 -0.0770846 -0.03309547 0.9964751 -0.2273992 -0.9944948 -0.06859993 -0.0792098 0.3600382 0 0 0 1 0.06742322 -0.9971699 -0.03326201 -2.742247 -0.03886902 -0.03593778 0.9985979 -0.2266575 -0.9969671 -0.06603574 -0.04118204 0.2998102 0 0 0 1 0.06148552 -0.9973679 -0.03843104 -2.766385 -0.001452565 -0.03859329 0.999254 -0.2263544 -0.998107 -0.06138384 -0.00382173 0.2341244 0 0 0 1 0.04788267 -0.9979675 -0.04204988 -2.766385 0.03139257 -0.04057383 0.9986833 -0.2263544 -0.9983596 -0.04913967 0.02938604 0.2516275 0 0 0 1 0.02836531 -0.9986572 -0.04335224 -2.766385 0.05628055 -0.04170536 0.9975436 -0.2263544 -0.9980121 -0.03073555 0.05502194 0.2693228 0 0 0 1 0.01082146 -0.9990114 -0.04311788 -2.766385 0.07218647 -0.0422275 0.9964969 -0.2263544 -0.9973325 -0.01389604 0.07165819 0.2830874 0 0 0 1 0.003135681 -0.9990817 -0.04272925 -2.766385 0.07783311 -0.04235601 0.9960662 -0.2263544 -0.9969615 -0.006449043 0.07762885 0.2886818 0 0 0 1 0.003135681 -0.9990817 -0.04272925 -2.766385 0.07783311 -0.04235601 0.9960662 -0.2263544 -0.9969615 -0.006449043 0.07762885 0.2811781 0 0 0 1 0.003135681 -0.9990817 -0.04272925 -2.766385 0.07783311 -0.04235601 0.9960662 -0.2263544 -0.9969615 -0.006449043 0.07762885 0.2641382 0 0 0 1 0.003135681 -0.9990817 -0.04272925 -2.766385 0.07783311 -0.04235601 0.9960662 -0.2263544 -0.9969615 -0.006449043 0.07762885 0.2454292 0 0 0 1 0.003135681 -0.9990817 -0.04272925 -2.766385 0.07783311 -0.04235601 0.9960662 -0.2263544 -0.9969615 -0.006449043 0.07762885 0.232774 0 0 0 1 0.003135681 -0.9990817 -0.04272925 -2.766385 0.07783311 -0.04235601 0.9960662 -0.2263544 -0.9969615 -0.006449043 0.07762885 0.2341244 0 0 0 1</float_array>
        <technique_common>
          <accessor source="#node-Bip01_matrix-output-array" count="41" stride="16">
            <param name="TRANSFORM" type="float4x4"/>
          </accessor>
        </technique_common>
      </source>
      <source id="node-Bip01_matrix-interpolation">
        <Name_array id="node-Bip01_matrix-interpolation-array" count="41">LINEAR LINEAR LINEAR LINEAR LINEAR LINEAR LINEAR LINEAR LINEAR LINEAR LINEAR LINEAR LINEAR LINEAR LINEAR LINEAR LINEAR LINEAR LINEAR LINEAR LINEAR LINEAR LINEAR LINEAR LINEAR LINEAR LINEAR LINEAR LINEAR LINEAR LINEAR LINEAR LINEAR LINEAR LINEAR LINEAR LINEAR LINEAR LINEAR LINEAR LINEAR</Name_array>
        <technique_common>
          <accessor source="#node-Bip01_matrix-interpolation-array" count="41" stride="1">
            <param name="INTERPOLATION" type="name"/>
          </accessor>
        </technique_common>
      </source>
      <source id="node-Bip01_Pelvis_matrix-input">
        <float_array id="node-Bip01_Pelvis_matrix-input-array" count="41">42.66667 42.7 42.73333 42.76667 42.8 42.83333 42.86666 42.9 42.93333 42.96667 43 43.03333 43.06667 43.1 43.13334 43.16667 43.2 43.23333 43.26667 43.3 43.33333 43.36666 43.4 43.43333 43.46667 43.5 43.53333 43.56667 43.6 43.63334 43.66667 43.7 43.73333 43.76667 43.8 43.83333 43.86666 43.9 43.93333 43.96667 44</float_array>
        <technique_common>
          <accessor source="#node-Bip01_Pelvis_matrix-input-array" count="41" stride="1">
            <param name="TIME" type="float"/>
          </accessor>
        </technique_common>
      </source>
      <source id="node-Bip01_Pelvis_matrix-output">
        <float_array id="node-Bip01_Pelvis_matrix-output-array" count="656">-0.009626686 0.991236 0.1317526 0 -0.1217414 -0.1319403 0.9837535 0 0.9925152 -0.006569385 0.1219446 0 0 0 0 1 0.003010571 0.9922007 0.1246139 0 -0.1587344 -0.1225604 0.9796848 0 0.9873167 -0.02272993 0.1571273 0 0 0 0 1 0.03520816 0.992872 0.1138673 0 -0.2418084 -0.102089 0.9649388 0 0.9696851 -0.06150782 0.2364903 0 0 0 0 1 0.07621741 0.9906918 0.1127866 0 -0.3308894 -0.08157461 0.9401372 0 0.9405867 -0.1089747 0.321592 0 0 0 0 1 0.1119309 0.9858532 0.1247602 0 -0.38849 -0.07214438 0.9186245 0 0.9146296 -0.1512905 0.3749189 0 0 0 0 1 0.136101 0.9793311 0.1496229 0 -0.4153516 -0.08070772 0.9060735 0 0.8994218 -0.1854637 0.3957824 0 0 0 0 1 0.1522129 0.9701743 0.1886615 0 -0.4370329 -0.1051413 0.8932793 0 0.8864725 -0.2184199 0.4079943 0 0 0 0 1 0.1612502 0.9573745 0.2396504 0 -0.4543535 -0.14355 0.8791794 0 0.8761058 -0.2506538 0.411839 0 0 0 0 1 0.1644099 0.9394896 0.3005474 0 -0.4678143 -0.1939795 0.8622771 0 0.8684003 -0.2823672 0.4076145 0 0 0 0 1 0.1629512 0.9149075 0.3693116 0 -0.4776845 -0.2543601 0.8409032 0 0.8632868 -0.3134407 0.3955889 0 0 0 0 1 0.1580986 0.8820856 0.4437677 0 -0.4840713 -0.322472 0.8134412 0 0.8606275 -0.3434192 0.37601 0 0 0 0 1 0.1509835 0.8397656 0.5215343 0 -0.4869616 -0.3959466 0.778521 0 0.8602747 -0.3715111 0.3491521 0 0 0 0 1 0.1426184 0.7871664 0.6000242 0 -0.4862391 -0.4723055 0.7351865 0 0.8621087 -0.3966064 0.3153917 0 0 0 0 1 0.1338992 0.724149 0.67652 0 -0.4816845 -0.5490416 0.6830325 0 0.8660549 -0.4173267 0.2752951 0 0 0 0 1 0.1256319 0.6513406 0.7483127 0 -0.4729745 -0.6237248 0.6223042 0 0.8720732 -0.4321141 0.2297078 0 0 0 0 1 0.1185721 0.5702071 0.8128989 0 -0.4596992 -0.6941298 0.55395 0 0.8801235 -0.4393719 0.1798193 0 0 0 0 1 0.1134593 0.483058 0.8682062 0 -0.4414124 -0.7583621 0.4796271 0 0.8901024 -0.4376552 0.1271845 0 0 0 0 1 0.1110219 0.3929658 0.9128264 0 -0.4177323 -0.8149722 0.4016467 0 0.9017614 -0.4259088 0.07367473 0 0 0 0 1 0.1119297 0.3035687 0.9462124 0 -0.3884892 -0.8630464 0.3228423 0 0.91463 -0.4037288 0.02133262 0 0 0 0 1 0.1157009 0.2129434 0.9701899 0 -0.3737906 -0.8956151 0.2411521 0 0.9202685 -0.3905494 -0.02402728 0 0 0 0 1 0.1178554 0.1236595 0.9853013 0 -0.3771869 -0.9122796 0.1596116 0 0.9186077 -0.3904537 -0.06087434 0 0 0 0 1 0.1166713 0.0442363 0.992185 0 -0.3835372 -0.9195035 0.08609604 0 0.9161261 -0.3905848 -0.09031331 0 0 0 0 1 0.1136994 -0.01469874 0.9934065 0 -0.3872594 -0.9214599 0.03068923 0 0.914933 -0.3881954 -0.1104617 0 0 0 0 1 0.1119298 -0.0383625 0.9929752 0 -0.3884885 -0.9214172 0.008193075 0 0.9146303 -0.3866766 -0.1180375 0 0 0 0 1 0.1119298 -0.03836256 0.9929753 0 -0.3884884 -0.9214171 0.008193075 0 0.9146302 -0.3866765 -0.1180374 0 0 0 0 1 0.1119298 -0.0383625 0.9929752 0 -0.3884884 -0.9214171 0.008193075 0 0.9146302 -0.3866765 -0.1180375 0 0 0 0 1 0.1119298 -0.03836256 0.9929754 0 -0.3884885 -0.9214171 0.008193075 0 0.9146304 -0.3866766 -0.1180375 0 0 0 0 1 0.1119298 -0.03836256 0.9929755 0 -0.3884885 -0.9214172 0.008193075 0 0.9146302 -0.3866766 -0.1180375 0 0 0 0 1 0.1119298 -0.03836256 0.9929754 0 -0.3884885 -0.9214172 0.008193075 0 0.9146303 -0.3866766 -0.1180375 0 0 0 0 1 0.1119298 -0.03836256 0.9929752 0 -0.3884884 -0.9214171 0.008193075 0 0.9146302 -0.3866765 -0.1180375 0 0 0 0 1 0.1119298 -0.03836256 0.9929754 0 -0.3884885 -0.9214172 0.008193075 0 0.9146304 -0.3866766 -0.1180375 0 0 0 0 1 0.1119298 -0.03836256 0.9929754 0 -0.3884885 -0.921417 0.008193075 0 0.9146302 -0.3866766 -0.1180375 0 0 0 0 1 0.1119298 -0.03836256 0.9929754 0 -0.3884885 -0.9214172 0.008193075 0 0.9146303 -0.3866766 -0.1180375 0 0 0 0 1 0.1119298 -0.03836256 0.9929754 0 -0.3884885 -0.9214172 0.008193075 0 0.9146302 -0.3866766 -0.1180375 0 0 0 0 1 0.1119298 -0.03836256 0.9929754 0 -0.3884885 -0.9214171 0.008193075 0 0.9146302 -0.3866766 -0.1180375 0 0 0 0 1 0.1119298 -0.0383625 0.9929752 0 -0.3884885 -0.9214171 0.008193075 0 0.9146302 -0.3866764 -0.1180375 0 0 0 0 1 0.1119298 -0.0383625 0.9929752 0 -0.3884885 -0.9214171 0.008193075 0 0.9146302 -0.3866764 -0.1180375 0 0 0 0 1 0.1119298 -0.0383625 0.9929752 0 -0.3884885 -0.9214171 0.008193075 0 0.9146302 -0.3866764 -0.1180375 0 0 0 0 1 0.1119298 -0.0383625 0.9929752 0 -0.3884885 -0.9214171 0.008193075 0 0.9146302 -0.3866764 -0.1180375 0 0 0 0 1 0.1119298 -0.0383625 0.9929752 0 -0.3884885 -0.9214171 0.008193075 0 0.9146302 -0.3866764 -0.1180375 0 0 0 0 1 0.1119298 -0.0383625 0.9929752 0 -0.3884885 -0.9214171 0.008193075 0 0.9146302 -0.3866764 -0.1180375 0 0 0 0 1</float_array>
        <technique_common>
          <accessor source="#node-Bip01_Pelvis_matrix-output-array" count="41" stride="16">
            <param name="TRANSFORM" type="float4x4"/>
          </accessor>
        </technique_common>
      </source>
      <source id="node-Bip01_Pelvis_matrix-interpolation">
        <Name_array id="node-Bip01_Pelvis_matrix-interpolation-array" count="41">LINEAR LINEAR LINEAR LINEAR LINEAR LINEAR LINEAR LINEAR LINEAR LINEAR LINEAR LINEAR LINEAR LINEAR LINEAR LINEAR LINEAR LINEAR LINEAR LINEAR LINEAR LINEAR LINEAR LINEAR LINEAR LINEAR LINEAR LINEAR LINEAR LINEAR LINEAR LINEAR LINEAR LINEAR LINEAR LINEAR LINEAR LINEAR LINEAR LINEAR LINEAR</Name_array>
        <technique_common>
          <accessor source="#node-Bip01_Pelvis_matrix-interpolation-array" count="41" stride="1">
            <param name="INTERPOLATION" type="name"/>
          </accessor>
        </technique_common>
      </source>
      <source id="node-Bip01_Spine_matrix-input">
        <float_array id="node-Bip01_Spine_matrix-input-array" count="41">42.66667 42.7 42.73333 42.76667 42.8 42.83333 42.86666 42.9 42.93333 42.96667 43 43.03333 43.06667 43.1 43.13334 43.16667 43.2 43.23333 43.26667 43.3 43.33333 43.36666 43.4 43.43333 43.46667 43.5 43.53333 43.56667 43.6 43.63334 43.66667 43.7 43.73333 43.76667 43.8 43.83333 43.86666 43.9 43.93333 43.96667 44</float_array>
        <technique_common>
          <accessor source="#node-Bip01_Spine_matrix-input-array" count="41" stride="1">
            <param name="TIME" type="float"/>
          </accessor>
        </technique_common>
      </source>
      <source id="node-Bip01_Spine_matrix-output">
