<?xml version="1.0" encoding="utf-8"?>
<COLLADA xmlns="http://www.collada.org/2005/11/COLLADASchema" version="1.4.1">
  <asset>
    <contributor>
      <author>MattO</author>
      <authoring_tool>OpenCOLLADA for 3ds Max;  Version: 1.3.0;  Revision: 839M;  Platform: x64;  Configuration: Release_Max2012</authoring_tool>
      <source_data>file:///C:/Dropbox/Prj/GGStout/Lurker/SoldierTP_Lurker_Animation_Master.max</source_data>
    </contributor>
    <created>2011-09-29T23:38:18</created>
    <modified>2011-09-29T23:38:18</modified>
    <unit name="meter" meter="1"/>
    <up_axis>Z_UP</up_axis>
  </asset>
  <library_effects>
    <effect id="ShapeBounds">
      <profile_COMMON>
        <technique sid="common">
          <blinn>
            <emission>
              <color>0 0 0 1</color>
            </emission>
            <ambient>
              <color>0.1647059 1 0 1</color>
            </ambient>
            <diffuse>
              <color>0.1647059 1 0 1</color>
            </diffuse>
            <specular>
              <color>0.9 0.9 0.9 1</color>
            </specular>
            <shininess>
              <float>10</float>
            </shininess>
            <reflective>
              <color>0 0 0 1</color>
            </reflective>
            <transparent opaque="A_ONE">
              <color>1 1 1 1</color>
            </transparent>
            <transparency>
              <float>1</float>
            </transparency>
          </blinn>
        </technique>
      </profile_COMMON>
      <extra>
        <technique profile="OpenCOLLADA3dsMax">
          <extended_shader>
            <apply_reflection_dimming>0</apply_reflection_dimming>
            <dim_level>0</dim_level>
            <falloff_type>0</falloff_type>
            <index_of_refraction>1.5</index_of_refraction>
            <opacity_type>0</opacity_type>
            <reflection_level>3</reflection_level>
            <wire_size>1</wire_size>
            <wire_units>0</wire_units>
          </extended_shader>
          <shader>
            <ambient_diffuse_lock>1</ambient_diffuse_lock>
            <ambient_diffuse_texture_lock>1</ambient_diffuse_texture_lock>
            <diffuse_specular_lock>0</diffuse_specular_lock>
            <soften>0.1</soften>
            <use_self_illum_color>0</use_self_illum_color>
          </shader>
        </technique>
      </extra>
    </effect>
  </library_effects>
  <library_materials>
    <material id="ShapeBounds-material" name="ShapeBounds">
      <instance_effect url="#ShapeBounds"/>
    </material>
  </library_materials>
  <library_geometries>
    <geometry id="geom-Bounds" name="Bounds">
      <mesh>
        <source id="geom-Bounds-positions">
          <float_array id="geom-Bounds-positions-array" count="24">-0.425 -0.425 0 0.425 -0.425 0 -0.425 0.425 0 0.425 0.425 0 -0.425 -0.425 1.84 0.425 -0.425 1.84 -0.425 0.425 1.84 0.425 0.425 1.84</float_array>
          <technique_common>
            <accessor source="#geom-Bounds-positions-array" count="8" stride="3">
              <param name="X" type="float"/>
              <param name="Y" type="float"/>
              <param name="Z" type="float"/>
            </accessor>
          </technique_common>
        </source>
        <source id="geom-Bounds-normals">
          <float_array id="geom-Bounds-normals-array" count="72">0 0 -1 0 0 -1 0 0 -1 0 0 -1 0 0 1 0 0 1 0 0 1 0 0 1 0 -1 0 0 -1 0 0 -1 0 0 -1 0 1 0 0 1 0 0 1 0 0 1 0 0 0 1 0 0 1 0 0 1 0 0 1 0 -1 0 0 -1 0 0 -1 0 0 -1 0 0</float_array>
          <technique_common>
            <accessor source="#geom-Bounds-normals-array" count="24" stride="3">
              <param name="X" type="float"/>
              <param name="Y" type="float"/>
              <param name="Z" type="float"/>
            </accessor>
          </technique_common>
        </source>
        <source id="geom-Bounds-map1">
          <float_array id="geom-Bounds-map1-array" count="36">0 0 0 1 0 0 0 1 0 1 1 0 0 0 0 1 0 0 0 1 0 1 1 0 0 0 0 1 0 0 0 1 0 1 1 0</float_array>
          <technique_common>
            <accessor source="#geom-Bounds-map1-array" count="12" stride="3">
              <param name="S" type="float"/>
              <param name="T" type="float"/>
              <param name="P" type="float"/>
            </accessor>
          </technique_common>
        </source>
        <vertices id="geom-Bounds-vertices">
          <input semantic="POSITION" source="#geom-Bounds-positions"/>
        </vertices>
        <triangles material="ShapeBounds" count="12">
          <input semantic="VERTEX" source="#geom-Bounds-vertices" offset="0"/>
          <input semantic="NORMAL" source="#geom-Bounds-normals" offset="1"/>
          <input semantic="TEXCOORD" source="#geom-Bounds-map1" offset="2" set="0"/>
          <p>0 0 9 2 1 11 3 2 10 3 2 10 1 3 8 0 0 9 4 4 8 5 5 9 7 6 11 7 6 11 6 7 10 4 4 8 0 8 4 1 9 5 5 10 7 5 10 7 4 11 6 0 8 4 1 12 0 3 13 1 7 14 3 7 14 3 5 15 2 1 12 0 3 16 4 2 17 5 6 18 7 6 18 7 7 19 6 3 16 4 2 20 0 0 21 1 4 22 3 4 22 3 6 23 2 2 20 0</p>
        </triangles>
      </mesh>
      <extra>
        <technique profile="OpenCOLLADA3dsMax">
          <max_box>
            <generateuvs>1</generateuvs>
            <height>1.84</height>
            <heightsegments>1</heightsegments>
            <length>0.85</length>
            <lengthsegments>1</lengthsegments>
            <width>0.85</width>
            <widthsegments>1</widthsegments>
          </max_box>
        </technique>
      </extra>
    </geometry>
  </library_geometries>
  <library_lights>
    <light id="EnvironmentAmbientLight" name="EnvironmentAmbientLight">
      <technique_common>
        <ambient>
          <color>0 0 0</color>
        </ambient>
      </technique_common>
    </light>
  </library_lights>
  <library_visual_scenes>
    <visual_scene id="MaxScene">
      <node name="EnvironmentAmbientLight">
        <instance_light url="#EnvironmentAmbientLight"/>
      </node>
      <node id="node-Bip01" name="Bip01">
        <matrix sid="matrix">0.7289143 -0.6739804 -0.1201431 -8.10623e-5 0.2546437 0.4298182 -0.8662637 0.009366653 0.6354845 0.6008383 0.4849255 0.7990584 0 0 0 1</matrix>
        <node id="node-Bip01_Pelvis" name="Bip01_Pelvis">
          <matrix sid="matrix">-0.009626746 0.9981475 0.06007257 0 -0.1217414 -0.06079838 0.990698 0 0.9925153 0.002223879 0.1221012 0 0 0 0 1</matrix>
          <node id="node-Bip01_Spine" name="Bip01_Spine">
            <matrix sid="matrix">0.7471296 -0.2868871 -0.5995778 0.1975228 0.3148937 0.9471765 -0.06081997 0.02693245 0.5853544 -0.1433629 0.7980025 0.02593881 0 0 0 1</matrix>
            <node id="node-Bip01_Spine1" name="Bip01_Spine1">
              <matrix sid="matrix">0.9636471 -0.01650286 -0.2666681 0.1022313 0.001816601 0.998472 -0.05522638 -1.00881e-4 0.267172 0.05273432 0.9622047 -5.34952e-6 0 0 0 1</matrix>
              <node id="node-Bip01_Spine2" name="Bip01_Spine2">
                <matrix>0.9514736 -0.2882999 0.1076158 0.1269154 0.2840357 0.9573265 0.05338249 -1.63972e-4 -0.1184137 -0.02022528 0.9927584 3.47197e-6 0 0 0 1</matrix>
                <node id="node-Bip01_Neck" name="Bip01_Neck">
                  <matrix sid="matrix">0.8875929 -0.4495168 0.1005656 0.2151082 0.4511093 0.8924363 0.007594763 -4.91589e-5 -0.09316237 0.03862498 0.9949014 -2.08616e-6 0 0 0 1</matrix>
                  <node id="node-Bip01_Head" name="Bip01_Head">
                    <matrix sid="matrix">0.9326669 0.03427861 -0.3591063 0.07051802 -0.3112419 0.5797389 -0.7530147 -0.01395911 0.1823756 0.8140808 0.5513725 0 0 0 0 1</matrix>
                    <node id="node-ALTEYE" name="ALTEYE">
                      <matrix sid="matrix">0.08906012 0.001144801 0.996026 0.06454682 0.05466183 0.998487 -0.006035053 0.2214611 -0.9945253 0.05498169 0.08886275 0.04716256 0 0 0 1</matrix>
                    </node>
                  </node>
                  <node id="node-Bip01_L_Clavicle" name="Bip01_L_Clavicle">
                    <matrix sid="matrix">-0.3526922 -0.4597237 0.8150228 -0.03100646 0.2964539 -0.881023 -0.3686647 -0.01101124 0.8875377 0.1115916 0.4470169 0.06622365 0 0 0 1</matrix>
                    <node id="node-Bip01_L_UpperArm" name="Bip01_L_UpperArm">
                      <matrix sid="matrix">0.8140625 -0.0617186 0.5774885 0.1824006 -0.3386271 0.7573894 0.5582944 -7.45058e-9 -0.4718409 -0.6500398 0.5956629 1.19209e-7 0 0 0 1</matrix>
                      <node id="node-Bip01_L_Forearm" name="Bip01_L_Forearm">
                        <matrix sid="matrix">0.3717899 0.9283171 2.98023e-8 0.2843689 -0.9283172 0.3717898 0 -5.96046e-8 1.04308e-7 2.98023e-8 1 5.96046e-8 0 0 0 1</matrix>
                        <node id="node-Bip01_L_Hand" name="Bip01_L_Hand">
                          <matrix sid="matrix">0.9743591 0.1730728 -0.1437708 0.281068 0.1105459 -0.9247848 -0.3640778 1.19209e-7 -0.195969 0.3388492 -0.9202051 0 0 0 0 1</matrix>
                          <node id="node-Bip01_L_Finger0" name="Bip01_L_Finger0">
                            <matrix>0.6413841 0.3141903 0.6999362 0.02119672 0.7352948 0.008702908 -0.6776913 -0.004734278 -0.2190155 0.94932 -0.2254407 -0.02572185 0 0 0 1</matrix>
                            <node id="node-Bip01_L_Finger01" name="Bip01_L_Finger01">
                              <matrix>0.9975641 -0.06975643 0 0.04982853 0.06975643 0.9975641 -9.31323e-9 -2.98023e-8 -2.98023e-8 4.84288e-8 1 5.96046e-8 0 0 0 1</matrix>
                              <node id="node-Bip01_L_Finger02" name="Bip01_L_Finger02">
                                <matrix>0.9203136 0.3911814 0 0.05202234 -0.3911814 0.9203135 -7.45058e-9 2.98023e-8 0 -2.23517e-8 0.9999999 -2.98023e-8 0 0 0 1</matrix>
                              </node>
                            </node>
                          </node>
                          <node id="node-Bip01_L_Finger1" name="Bip01_L_Finger1">
                            <matrix>0.9592717 -0.2819768 -0.0169349 0.1199947 0.2798395 0.9567645 -0.07931919 -0.008367538 0.03856889 0.07134949 0.9967053 -0.0410139 0 0 0 1</matrix>
                            <node id="node-Bip01_L_Finger11" name="Bip01_L_Finger11">
                              <matrix>0.7001771 -0.713969 7.45058e-9 0.03644162 0.713969 0.7001771 0 -5.96046e-8 7.45058e-8 -4.84288e-8 0.9999999 5.96046e-8 0 0 0 1</matrix>
                              <node id="node-Bip01_L_Finger12" name="Bip01_L_Finger12">
                                <matrix>0.8757259 -0.4828088 -1.49012e-8 0.03117549 0.4828089 0.8757259 -3.72529e-9 2.98023e-8 -4.47035e-8 2.98023e-8 1 0 0 0 0 1</matrix>
                              </node>
                            </node>
                          </node>
                          <node id="node-Bip01_L_Finger2" name="Bip01_L_Finger2">
                            <matrix>0.6611331 -0.7495596 -0.03260915 0.1229538 0.7489769 0.656822 0.0872834 -0.008802056 -0.04400569 -0.08212955 0.9956495 -0.01328242 0 0 0 1</matrix>
                            <node id="node-Bip01_L_Finger21" name="Bip01_L_Finger21">
                              <matrix>0.8156036 -0.5786113 -2.98023e-8 0.03895521 0.5786111 0.8156036 1.49012e-8 2.98023e-8 -2.23517e-8 1.30385e-8 1 -2.98023e-8 0 0 0 1</matrix>
                              <node id="node-Bip01_L_Finger22" name="Bip01_L_Finger22">
                                <matrix>0.9762961 -0.2164397 0 0.03800547 0.2164397 0.9762959 1.30385e-8 -5.96046e-8 1.49012e-8 2.42144e-8 1 0 0 0 0 1</matrix>
                              </node>
                            </node>
                          </node>
                          <node id="node-Bip01_L_Finger3" name="Bip01_L_Finger3">
                            <matrix>0.4124629 -0.9064789 -0.09038845 0.1211881 0.9061532 0.3980611 0.1429456 -0.001191378 -0.09359705 -0.1408655 0.9855943 0.01196873 0 0 0 1</matrix>
                            <node id="node-Bip01_L_Finger31" name="Bip01_L_Finger31">
                              <matrix>0.938148 -0.3462352 0 0.03155839 0.3462352 0.9381479 1.11759e-8 2.98023e-8 -1.11759e-8 -5.57629e-8 1 -2.98023e-8 0 0 0 1</matrix>
                              <node id="node-Bip01_L_Finger32" name="Bip01_L_Finger32">
                                <matrix>0.9636305 -0.2672384 1.86265e-9 0.03366601 0.2672384 0.9636305 -5.4948e-8 -5.96046e-8 2.14204e-8 1.55997e-7 1 -5.96046e-8 0 0 0 1</matrix>
                              </node>
                            </node>
                          </node>
                          <node id="node-Bip01_L_Finger4" name="Bip01_L_Finger4">
                            <matrix>0.07120568 -0.9696807 0.2337719 0.1136796 0.9750155 0.1171046 0.1887628 0.005147338 -0.2104154 0.2144901 0.9537919 0.0388658 0 0 0 1</matrix>
                            <node id="node-Bip01_L_Finger41" name="Bip01_L_Finger41">
                              <matrix>0.9790111 -0.2038069 0 0.03661621 0.2038069 0.9790112 1.67638e-8 0 0 1.11759e-8 1 -2.23517e-8 0 0 0 1</matrix>
                              <node id="node-Bip01_L_Finger42" name="Bip01_L_Finger42">
                                <matrix>0.9645152 0.2640274 0 0.01772654 -0.2640274 0.9645151 3.53903e-8 -5.96046e-8 2.98023e-8 -3.39933e-8 1 2.23517e-8 0 0 0 1</matrix>
                              </node>
                            </node>
                          </node>
                        </node>
                      </node>
                    </node>
                  </node>
                  <node id="node-Bip01_R_Clavicle" name="Bip01_R_Clavicle">
                    <matrix sid="matrix">0.005314082 -0.3342974 -0.9424526 -0.01827133 0.5633301 -0.7776898 0.2790308 -0.01629072 -0.8262151 -0.5323946 0.184187 -0.06977399 0 0 0 1</matrix>
                    <node id="node-Bip01_R_UpperArm" name="Bip01_R_UpperArm">
                      <matrix sid="matrix">0.6657953 0.7414716 -0.08328414 0.1824007 -0.652209 0.6325622 0.417718 4.47035e-8 0.3624086 -0.223796 0.9047515 -1.19209e-7 0 0 0 1</matrix>
                      <node id="node-Bip01_R_Forearm" name="Bip01_R_Forearm">
                        <matrix>-0.4213622 0.9068922 2.98023e-8 0.2843689 -0.9068924 -0.4213623 1.49012e-8 -1.49012e-8 0 -8.9407e-8 1 0 0 0 0 1</matrix>
                        <node id="node-Bip01_R_Hand" name="Bip01_R_Hand">
                          <matrix>0.7095603 0.6187352 0.337181 0.281068 0.703547 -0.5953802 -0.3880002 2.98023e-8 -0.03931843 0.5125321 -0.8577674 1.19209e-7 0 0 0 1</matrix>
                          <node id="node-Bip01_R_Finger0" name="Bip01_R_Finger0">
                            <matrix>0.5215105 0.269013 -0.8097275 0.02119678 0.7250717 0.3605265 0.5867638 -0.004734248 0.4497753 -0.8931141 -0.007035507 0.02572179 0 0 0 1</matrix>
                            <node id="node-Bip01_R_Finger01" name="Bip01_R_Finger01">
                              <matrix>0.6423534 -0.7636239 0.06527565 0.0498285 0.7605617 0.6456372 0.06854744 0 -0.09448887 0.005614536 0.9955102 4.65661e-9 0 0 0 1</matrix>
                              <node id="node-Bip01_R_Finger02" name="Bip01_R_Finger02">
                                <matrix>0.9505158 -0.3106764 2.51457e-8 0.0520224 0.3106765 0.9505156 -2.42144e-8 2.38419e-7 -1.86265e-9 -3.35276e-8 1 3.72529e-9 0 0 0 1</matrix>
                              </node>
                            </node>
                          </node>
                          <node id="node-Bip01_R_Finger1" name="Bip01_R_Finger1">
                            <matrix>0.9820225 -0.1733427 -0.07472672 0.1199946 0.1795577 0.9799358 0.08651491 -0.008367576 0.05823066 -0.09837732 0.9934441 0.04101372 0 0 0 1</matrix>
                            <node id="node-Bip01_R_Finger11" name="Bip01_R_Finger11">
                              <matrix>0.8240547 -0.5665102 1.49012e-8 0.03644173 0.5665103 0.8240547 -7.45058e-9 0 -2.04891e-8 7.45058e-9 1 0 0 0 0 1</matrix>
                              <node id="node-Bip01_R_Finger12" name="Bip01_R_Finger12">
                                <matrix>0.8146398 -0.5796778 0.01831832 0.03117549 0.5799673 0.8142333 -0.02573048 2.98023e-8 2.23517e-8 0.0315851 0.999501 0 0 0 0 1</matrix>
                              </node>
                            </node>
                          </node>
                          <node id="node-Bip01_R_Finger2" name="Bip01_R_Finger2">
                            <matrix>0.6754014 -0.7374504 -1.52122e-4 0.1229538 0.7368313 0.6748428 -0.04082685 -0.008802056 0.03021044 0.02746242 0.9991663 0.0132823 0 0 0 1</matrix>
                            <node id="node-Bip01_R_Finger21" name="Bip01_R_Finger21">
                              <matrix>0.5508358 -0.8338858 -0.0348487 0.03895517 0.832222 0.5519372 -0.05265062 3.72529e-9 0.06313889 -7.45058e-9 0.9980047 -1.19209e-7 0 0 0 1</matrix>
                              <node id="node-Bip01_R_Finger22" name="Bip01_R_Finger22">
                                <matrix>0.1984733 -0.9799249 0.01886616 0.03800538 0.9755275 0.199368 0.09272987 -7.45058e-9 -0.09462959 4.47035e-8 0.9955126 -1.19209e-7 0 0 0 1</matrix>
                              </node>
                            </node>
                          </node>
                          <node id="node-Bip01_R_Finger3" name="Bip01_R_Finger3">
                            <matrix>0.7159052 -0.6949216 0.06755477 0.1211881 0.6883787 0.6863562 -0.2346271 -0.001191258 0.1166808 0.2144741 0.9697353 -0.01196873 0 0 0 1</matrix>
                            <node id="node-Bip01_R_Finger31" name="Bip01_R_Finger31">
                              <matrix>0.4441952 -0.8949346 0.04222358 0.03155845 0.8909185 0.4461977 0.08468764 1.49012e-8 -0.09462993 -6.70552e-8 0.9955126 0 0 0 0 1</matrix>
                              <node id="node-Bip01_R_Finger32" name="Bip01_R_Finger32">
                                <matrix>0.1993681 -0.9794358 -0.03095104 0.03366598 0.9799249 0.1992686 0.006297071 -3.72529e-9 -1.77824e-8 -0.03158508 0.9995012 0 0 0 0 1</matrix>
                              </node>
                            </node>
                          </node>
                          <node id="node-Bip01_R_Finger4" name="Bip01_R_Finger4">
                            <matrix>0.5925791 -0.7897949 -0.1583476 0.1136797 0.7783522 0.6120424 -0.1399001 0.005147398 0.2074078 -0.04034831 0.9774221 -0.03886569 0 0 0 1</matrix>
                            <node id="node-Bip01_R_Finger41" name="Bip01_R_Finger41">
                              <matrix>0.4202556 -0.9064698 0.04120621 0.03661621 0.9068531 0.4211511 0.0157878 1.49012e-8 -0.03166522 0.03073309 0.9990259 0 0 0 0 1</matrix>
                              <node id="node-Bip01_R_Finger42" name="Bip01_R_Finger42">
                                <matrix>0.402447 -0.9138247 -0.05441486 0.01772632 0.9154232 0.4021218 0.01728313 -1.49012e-8 0.006087601 -0.05676822 0.998369 1.19209e-7 0 0 0 1</matrix>
                              </node>
                            </node>
                          </node>
                          <node id="node-MOUNT0" name="MOUNT0">
                            <matrix>-6.22473e-7 1 1.86265e-9 0.109539 -1 -6.71658e-7 4.76837e-7 0.02518257 4.787e-7 1.86265e-9 1 0.0132165 0 0 0 1</matrix>
                          </node>
                        </node>
                      </node>
                    </node>
                  </node>
                </node>
                <node id="node-Bip01_L_Pauldron_Upper" name="Bip01_L_Pauldron_Upper">
                  <matrix>0.9726267 0.1182922 0.2000107 0.176903 0.1448454 -0.9816831 -0.1237684 -0.03908369 0.1817062 0.1493511 -0.9719452 0.2290199 0 0 0 1</matrix>
                </node>
                <node id="node-Bip01_R_Pauldron_Lower" name="Bip01_R_Pauldron_Lower">
                  <matrix>-0.1156725 -0.9403759 -0.3198653 0.172906 0.909775 -0.2295502 0.3458564 -0.1133294 -0.3986599 -0.2509995 0.8820828 -0.2351094 0 0 0 1</matrix>
                </node>
                <node id="node-Bip01_L_Pauldron_Lower" name="Bip01_L_Pauldron_Lower">
                  <matrix>-0.4145347 -0.3869151 0.8236855 0.1956226 0.2134439 -0.9212053 -0.325304 -0.05026324 0.8846485 0.0409607 0.4644561 0.2363185 0 0 0 1</matrix>
                </node>
              </node>
            </node>
            <node id="node-Bip01_L_Thigh" name="Bip01_L_Thigh">
              <matrix sid="matrix">-0.2924466 0.9472578 -0.131063 -0.0966146 0.5789611 0.2844668 0.764122 0.016599 0.7611036 0.1475846 -0.6316169 0.2011035 0 0 0 1</matrix>
              <node id="node-Bip01_L_Calf" name="Bip01_L_Calf">
                <matrix sid="matrix">0.5122989 0.8588073 2.32831e-9 0.4629987 -0.8588073 0.5122989 -1.86265e-9 -5.96046e-8 1.86265e-8 -3.72529e-9 1 2.23517e-8 0 0 0 1</matrix>
                <node id="node-Bip01_L_Foot" name="Bip01_L_Foot">
                  <matrix sid="matrix">0.8140748 0.5763059 -0.07179186 0.3610501 -0.5642481 0.8141302 0.1371719 1.19209e-7 0.1375007 -0.07115974 0.9879421 -1.49012e-8 0 0 0 1</matrix>
                  <node id="node-Bip01_L_Toe0" name="Bip01_L_Toe0">
                    <matrix sid="matrix">4.84288e-7 -1 1.38581e-6 0.1486307 1 4.76837e-7 3.44589e-8 0.1543275 -2.23517e-8 1.40071e-6 1 -7.45058e-9 0 0 0 1</matrix>
                  </node>
                </node>
              </node>
            </node>
            <node id="node-Bip01_R_Thigh" name="Bip01_R_Thigh">
              <matrix sid="matrix">-0.7736175 0.5793285 -0.2566988 -0.2458639 0.5002518 0.8070396 0.3137435 0.05315214 0.3889266 0.1143033 -0.9141502 -0.00236553 0 0 0 1</matrix>
              <node id="node-Bip01_R_Calf" name="Bip01_R_Calf">
                <matrix sid="matrix">0.7818705 0.623441 0 0.4629987 -0.6234409 0.7818705 0 -5.96046e-8 0 -7.45058e-8 1 2.98023e-8 0 0 0 1</matrix>
                <node id="node-Bip01_R_Foot" name="Bip01_R_Foot">
                  <matrix sid="matrix">0.7349802 0.6750678 0.06393218 0.36105 -0.677192 0.7355851 0.0180326 1.19209e-7 -0.03485432 -0.05654804 0.9977912 -5.96046e-8 0 0 0 1</matrix>
                  <node id="node-Bip01_R_Toe0" name="Bip01_R_Toe0">
                    <matrix sid="matrix">-0.1805803 -0.9786913 0.0977453 0.1486307 0.9833316 -0.1817875 -0.003513977 0.1543275 0.02120798 0.09548151 0.9952054 4.47035e-8 0 0 0 1</matrix>
                  </node>
                </node>
              </node>
            </node>
          </node>
          <node id="node-Bip01_FannyPack" name="Bip01_FannyPack">
            <matrix>-0.9629919 -0.2062317 0.1735378 0.2299508 -0.2083318 0.9780385 0.006226957 -0.1378937 -0.1710109 -0.03015691 -0.9848076 0.01013964 0 0 0 1</matrix>
          </node>
        </node>
        <node id="node-EYE" name="EYE">
          <matrix sid="matrix">0.7289144 0.2546436 0.6354843 0.5169569 -0.6739805 0.4298181 0.6008383 0.5014178 -0.1201431 -0.8662637 0.4849255 0.2916471 0 0 0 1</matrix>
          <node id="node-CAM" name="CAM">
            <matrix>1 -6.03104e-8 3.55271e-15 4.84288e-8 6.03104e-8 1 -2.32831e-9 -0.104 -3.55271e-15 2.32832e-9 1 0.3005601 0 0 0 1</matrix>
          </node>
        </node>
      </node>
      <node id="node-Bounds" name="Bounds">
        <matrix>0.9999915 0.001706907 0.003750479 0 -0.001711356 0.9999978 0.001183292 0.1035326 -0.003748452 -0.0011897 0.9999923 -8.93474e-5 0 0 0 1</matrix>
        <instance_geometry url="#geom-Bounds">
          <bind_material>
            <technique_common>
              <instance_material symbol="ShapeBounds" target="#ShapeBounds-material"/>
            </technique_common>
          </bind_material>
        </instance_geometry>
      </node>
    </visual_scene>
  </library_visual_scenes>
  <library_animations>
    <animation>
      <source id="node-Bip01_matrix-input">
        <float_array id="node-Bip01_matrix-input-array" count="60">52.66667 52.7 52.73333 52.76667 52.8 52.83333 52.86666 52.9 52.93333 52.96667 53 53.03333 53.06667 53.1 53.13334 53.16667 53.2 53.23333 53.26667 53.3 53.33333 53.36666 53.4 53.43333 53.46667 53.5 53.53333 53.56667 53.6 53.63334 53.66667 53.7 53.73333 53.76667 53.8 53.83333 53.86666 53.9 53.93333 53.96667 54 54.03333 54.06667 54.1 54.13334 54.16667 54.2 54.23333 54.26667 54.3 54.33333 54.36666 54.4 54.43333 54.46667 54.5 54.53333 54.56667 54.6 54.63334</float_array>
        <technique_common>
          <accessor source="#node-Bip01_matrix-input-array" count="60" stride="1">
            <param name="TIME" type="float"/>
          </accessor>
        </technique_common>
      </source>
      <source id="node-Bip01_matrix-output">
        <float_array id="node-Bip01_matrix-output-array" count="960">0.7289143 -0.6739804 -0.1201431 -8.10623e-5 0.2546437 0.4298182 -0.8662638 0.009366631 0.6354845 0.6008383 0.4849255 0.7990584 0 0 0 1 0.7289143 -0.6739804 -0.1201431 -8.10623e-5 0.2546437 0.4298182 -0.8662638 0.009369432 0.6354845 0.6008383 0.4849255 0.7993727 0 0 0 1 0.7289143 -0.6739804 -0.1201431 -8.10623e-5 0.2546437 0.4298182 -0.8662638 0.009372115 0.6354845 0.6008383 0.4849255 0.8002799 0 0 0 1 0.7289143 -0.6739804 -0.1201431 -8.10623e-5 0.2546437 0.4298182 -0.8662638 0.009374558 0.6354845 0.6008383 0.4849255 0.8017358 0 0 0 1 0.7289143 -0.6739804 -0.1201431 -8.10623e-5 0.2546437 0.4298182 -0.8662638 0.009376883 0.6354845 0.6008383 0.4849255 0.8036971 0 0 0 1 0.7289143 -0.6739804 -0.1201431 -8.10623e-5 0.2546437 0.4298182 -0.8662638 0.009379029 0.6354845 0.6008383 0.4849255 0.8061207 0 0 0 1 0.7289143 -0.6739804 -0.1201431 -8.10623e-5 0.2546437 0.4298182 -0.8662638 0.009380996 0.6354845 0.6008383 0.4849255 0.8089649 0 0 0 1 0.7289143 -0.6739804 -0.1201431 -8.10623e-5 0.2546437 0.4298182 -0.8662638 0.009382843 0.6354845 0.6008383 0.4849255 0.8121879 0 0 0 1 0.7289143 -0.6739804 -0.1201431 -8.10623e-5 0.2546437 0.4298182 -0.8662638 0.009384572 0.6354845 0.6008383 0.4849255 0.81575 0 0 0 1 0.7289143 -0.6739804 -0.1201431 -8.10623e-5 0.2546437 0.4298182 -0.8662638 0.009386122 0.6354845 0.6008383 0.4849255 0.8196077 0 0 0 1 0.7289143 -0.6739804 -0.1201431 -8.10623e-5 0.2546437 0.4298182 -0.8662638 0.009387493 0.6354845 0.6008383 0.4849255 0.823722 0 0 0 1 0.7289143 -0.6739804 -0.1201431 -8.10623e-5 0.2546437 0.4298182 -0.8662638 0.009388804 0.6354845 0.6008383 0.4849255 0.8280524 0 0 0 1 0.7289143 -0.6739804 -0.1201431 -8.10623e-5 0.2546437 0.4298182 -0.8662638 0.009389936 0.6354845 0.6008383 0.4849255 0.83256 0 0 0 1 0.7289143 -0.6739804 -0.1201431 -8.10623e-5 0.2546437 0.4298182 -0.8662638 0.00939095 0.6354845 0.6008383 0.4849255 0.8372048 0 0 0 1 0.7289143 -0.6739804 -0.1201431 -8.10623e-5 0.2546437 0.4298182 -0.8662638 0.009391844 0.6354845 0.6008383 0.4849255 0.8419471 0 0 0 1 0.7289143 -0.6739804 -0.1201431 -8.10623e-5 0.2546437 0.4298182 -0.8662638 0.009392678 0.6354845 0.6008383 0.4849255 0.8467484 0 0 0 1 0.7289143 -0.6739804 -0.1201431 -8.10623e-5 0.2546437 0.4298182 -0.8662638 0.009393334 0.6354845 0.6008383 0.4849255 0.8515693 0 0 0 1 0.7289143 -0.6739804 -0.1201431 -8.10623e-5 0.2546437 0.4298182 -0.8662638 0.00939387 0.6354845 0.6008383 0.4849255 0.8563705 0 0 0 1 0.7289143 -0.6739804 -0.1201431 -8.10623e-5 0.2546437 0.4298182 -0.8662638 0.009394347 0.6354845 0.6008383 0.4849255 0.8611124 0 0 0 1 0.7289143 -0.6739804 -0.1201431 -8.10623e-5 0.2546437 0.4298182 -0.8662638 0.009394645 0.6354845 0.6008383 0.4849255 0.8657567 0 0 0 1 0.7289143 -0.6739804 -0.1201431 -8.10623e-5 0.2546437 0.4298182 -0.8662638 0.009394943 0.6354845 0.6008383 0.4849255 0.8702635 0 0 0 1 0.7289143 -0.6739804 -0.1201431 -8.10623e-5 0.2546437 0.4298182 -0.8662638 0.009395062 0.6354845 0.6008383 0.4849255 0.874593 0 0 0 1 0.7289143 -0.6739804 -0.1201431 -8.10623e-5 0.2546437 0.4298182 -0.8662638 0.009395122 0.6354845 0.6008383 0.4849255 0.8787062 0 0 0 1 0.7289143 -0.6739804 -0.1201431 -8.10623e-5 0.2546437 0.4298182 -0.8662638 0.009395122 0.6354845 0.6008383 0.4849255 0.8825625 0 0 0 1 0.7289143 -0.6739804 -0.1201431 -8.10623e-5 0.2546437 0.4298182 -0.8662638 0.009395003 0.6354845 0.6008383 0.4849255 0.8861231 0 0 0 1 0.7289143 -0.6739804 -0.1201429 -8.10623e-5 0.2546439 0.4298183 -0.8662636 0.009394824 0.6354844 0.6008383 0.4849257 0.8893445 0 0 0 1 0.7289143 -0.6739804 -0.1201429 -8.10623e-5 0.2546439 0.4298183 -0.8662636 0.009394526 0.6354844 0.6008383 0.4849257 0.8921868 0 0 0 1 0.7289143 -0.6739804 -0.1201429 -8.10623e-5 0.2546439 0.4298183 -0.8662636 0.009394228 0.6354844 0.6008383 0.4849257 0.8946083 0 0 0 1 0.7289143 -0.6739804 -0.1201429 -8.10623e-5 0.2546439 0.4298183 -0.8662636 0.009393811 0.6354844 0.6008383 0.4849257 0.8965673 0 0 0 1 0.7289143 -0.6739804 -0.1201429 -8.10623e-5 0.2546439 0.4298183 -0.8662636 0.009393334 0.6354844 0.6008383 0.4849257 0.8980207 0 0 0 1 0.7289143 -0.6739804 -0.1201429 -8.10623e-5 0.2546439 0.4298183 -0.8662636 0.009392797 0.6354844 0.6008383 0.4849257 0.898925 0 0 0 1 0.7289143 -0.6739804 -0.1201429 -8.10623e-5 0.2546439 0.4298183 -0.8662636 0.009392201 0.6354844 0.6008383 0.4849257 0.8992365 0 0 0 1 0.7289143 -0.6739804 -0.1201429 -8.10623e-5 0.2546439 0.4298183 -0.8662636 0.009391546 0.6354844 0.6008383 0.4849257 0.8988807 0 0 0 1 0.7289143 -0.6739804 -0.1201429 -8.10623e-5 0.2546439 0.4298183 -0.8662636 0.00939089 0.6354844 0.6008383 0.4849257 0.8978502 0 0 0 1 0.7289143 -0.6739804 -0.1201429 -8.10623e-5 0.2546439 0.4298183 -0.8662636 0.009390115 0.6354844 0.6008383 0.4849257 0.8961985 0 0 0 1 0.7289143 -0.6739804 -0.1201429 -8.10623e-5 0.2546439 0.4298183 -0.8662636 0.00938934 0.6354844 0.6008383 0.4849257 0.89398 0 0 0 1 0.7289143 -0.6739804 -0.1201429 -8.10623e-5 0.2546439 0.4298183 -0.8662636 0.009388506 0.6354844 0.6008383 0.4849257 0.8912445 0 0 0 1 0.7289143 -0.6739804 -0.1201429 -8.10623e-5 0.2546439 0.4298183 -0.8662636 0.009387671 0.6354844 0.6008383 0.4849257 0.8880448 0 0 0 1 0.7289143 -0.6739804 -0.1201429 -8.10623e-5 0.2546439 0.4298183 -0.8662636 0.009386777 0.6354844 0.6008383 0.4849257 0.884431 0 0 0 1 0.7289143 -0.6739804 -0.1201429 -8.10623e-5 0.2546439 0.4298183 -0.8662636 0.009385824 0.6354844 0.6008383 0.4849257 0.8804538 0 0 0 1 0.7289143 -0.6739804 -0.1201429 -8.10623e-5 0.2546439 0.4298183 -0.8662636 0.00938493 0.6354844 0.6008383 0.4849257 0.876162 0 0 0 1 0.7289143 -0.6739804 -0.1201429 -8.10623e-5 0.2546439 0.4298183 -0.8662636 0.009383916 0.6354844 0.6008383 0.4849257 0.8716051 0 0 0 1 0.7289143 -0.6739804 -0.1201429 -8.10623e-5 0.2546439 0.4298183 -0.8662636 0.009382963 0.6354844 0.6008383 0.4849257 0.8668344 0 0 0 1 0.7289143 -0.6739805 -0.1201428 -8.10623e-5 0.2546442 0.4298182 -0.8662637 0.009381949 0.6354843 0.6008383 0.4849258 0.8618939 0 0 0 1 0.7289143 -0.6739805 -0.1201428 -8.10623e-5 0.2546442 0.4298182 -0.8662637 0.009380936 0.6354843 0.6008383 0.4849258 0.8568332 0 0 0 1 0.7289143 -0.6739805 -0.1201428 -8.10623e-5 0.2546442 0.4298182 -0.8662637 0.009379923 0.6354843 0.6008383 0.4849258 0.851701 0 0 0 1 0.7289143 -0.6739805 -0.1201428 -8.10623e-5 0.2546442 0.4298182 -0.8662637 0.00937891 0.6354843 0.6008383 0.4849258 0.8465455 0 0 0 1 0.7289143 -0.6739805 -0.1201428 -8.10623e-5 0.2546442 0.4298182 -0.8662637 0.009377896 0.6354843 0.6008383 0.4849258 0.8414136 0 0 0 1 0.7289143 -0.6739805 -0.1201428 -8.10623e-5 0.2546442 0.4298182 -0.8662637 0.009376943 0.6354843 0.6008383 0.4849258 0.8363539 0 0 0 1 0.7289143 -0.6739805 -0.1201428 -8.10623e-5 0.2546442 0.4298182 -0.8662637 0.009375929 0.6354843 0.6008383 0.4849258 0.8314148 0 0 0 1 0.7289143 -0.6739805 -0.1201428 -8.10623e-5 0.2546442 0.4298182 -0.8662637 0.009374916 0.6354843 0.6008383 0.4849258 0.8266459 0 0 0 1 0.7289143 -0.6739805 -0.1201428 -8.10623e-5 0.2546442 0.4298182 -0.8662637 0.009373962 0.6354843 0.6008383 0.4849258 0.8220914 0 0 0 1 0.7289143 -0.6739805 -0.1201428 -8.10623e-5 0.2546442 0.4298182 -0.8662637 0.009373009 0.6354843 0.6008383 0.4849258 0.8178024 0 0 0 1 0.7289143 -0.6739805 -0.1201428 -8.10623e-5 0.2546442 0.4298182 -0.8662637 0.009372115 0.6354843 0.6008383 0.4849258 0.8138284 0 0 0 1 0.7289143 -0.6739805 -0.1201428 -8.10623e-5 0.2546442 0.4298182 -0.8662637 0.009371221 0.6354843 0.6008383 0.4849258 0.8102183 0 0 0 1 0.7289143 -0.6739806 -0.1201424 -8.10623e-5 0.2546445 0.4298181 -0.8662636 0.009370326 0.6354842 0.6008383 0.4849259 0.8070228 0 0 0 1 0.7289143 -0.6739806 -0.1201424 -8.10623e-5 0.2546445 0.4298181 -0.8662636 0.009369492 0.6354842 0.6008383 0.4849259 0.8042919 0 0 0 1 0.7289143 -0.6739806 -0.1201424 -8.10623e-5 0.2546445 0.4298181 -0.8662636 0.009368717 0.6354842 0.6008383 0.4849259 0.8020784 0 0 0 1 0.7289143 -0.6739806 -0.1201424 -8.10623e-5 0.2546445 0.4298181 -0.8662636 0.009367942 0.6354842 0.6008383 0.4849259 0.8004323 0 0 0 1 0.7289143 -0.6739806 -0.1201424 -8.10623e-5 0.2546445 0.4298181 -0.8662636 0.009367287 0.6354842 0.6008383 0.4849259 0.7994076 0 0 0 1</float_array>
        <technique_common>
          <accessor source="#node-Bip01_matrix-output-array" count="60" stride="16">
            <param name="TRANSFORM" type="float4x4"/>
          </accessor>
        </technique_common>
      </source>
      <source id="node-Bip01_matrix-interpolation">
        <Name_array id="node-Bip01_matrix-interpolation-array" count="60">LINEAR LINEAR LINEAR LINEAR LINEAR LINEAR LINEAR LINEAR LINEAR LINEAR LINEAR LINEAR LINEAR LINEAR LINEAR LINEAR LINEAR LINEAR LINEAR LINEAR LINEAR LINEAR LINEAR LINEAR LINEAR LINEAR LINEAR LINEAR LINEAR LINEAR LINEAR LINEAR LINEAR LINEAR LINEAR LINEAR LINEAR LINEAR LINEAR LINEAR LINEAR LINEAR LINEAR LINEAR LINEAR LINEAR LINEAR LINEAR LINEAR LINEAR LINEAR LINEAR LINEAR LINEAR LINEAR LINEAR LINEAR LINEAR LINEAR LINEAR</Name_array>
        <technique_common>
          <accessor source="#node-Bip01_matrix-interpolation-array" count="60" stride="1">
            <param name="INTERPOLATION" type="name"/>
          </accessor>
        </technique_common>
      </source>
      <source id="node-Bip01_Pelvis_matrix-input">
        <float_array id="node-Bip01_Pelvis_matrix-input-array" count="60">52.66667 52.7 52.73333 52.76667 52.8 52.83333 52.86666 52.9 52.93333 52.96667 53 53.03333 53.06667 53.1 53.13334 53.16667 53.2 53.23333 53.26667 53.3 53.33333 53.36666 53.4 53.43333 53.46667 53.5 53.53333 53.56667 53.6 53.63334 53.66667 53.7 53.73333 53.76667 53.8 53.83333 53.86666 53.9 53.93333 53.96667 54 54.03333 54.06667 54.1 54.13334 54.16667 54.2 54.23333 54.26667 54.3 54.33333 54.36666 54.4 54.43333 54.46667 54.5 54.53333 54.56667 54.6 54.63334</float_array>
        <technique_common>
          <accessor source="#node-Bip01_Pelvis_matrix-input-array" count="60" stride="1">
            <param name="TIME" type="float"/>
          </accessor>
        </technique_common>
      </source>
      <source id="node-Bip01_Pelvis_matrix-output">
