<?xml version="1.0" encoding="utf-8"?>
<COLLADA xmlns="http://www.collada.org/2005/11/COLLADASchema" version="1.4.1">
  <asset>
    <contributor>
      <author>MattO</author>
      <authoring_tool>OpenCOLLADA for 3ds Max;  Version: 1.3.0;  Revision: 839M;  Platform: x64;  Configuration: Release_Max2012</authoring_tool>
      <source_data>file:///C:/Dropbox/Prj/GGStout/Lurker/SoldierTP_Lurker_Animation_Master.max</source_data>
    </contributor>
    <created>2011-09-29T23:38:24</created>
    <modified>2011-09-29T23:38:24</modified>
    <unit name="meter" meter="1"/>
    <up_axis>Z_UP</up_axis>
  </asset>
  <library_effects>
    <effect id="ShapeBounds">
      <profile_COMMON>
        <technique sid="common">
          <blinn>
            <emission>
              <color>0 0 0 1</color>
            </emission>
            <ambient>
              <color>0.1647059 1 0 1</color>
            </ambient>
            <diffuse>
              <color>0.1647059 1 0 1</color>
            </diffuse>
            <specular>
              <color>0.9 0.9 0.9 1</color>
            </specular>
            <shininess>
              <float>10</float>
            </shininess>
            <reflective>
              <color>0 0 0 1</color>
            </reflective>
            <transparent opaque="A_ONE">
              <color>1 1 1 1</color>
            </transparent>
            <transparency>
              <float>1</float>
            </transparency>
          </blinn>
        </technique>
      </profile_COMMON>
      <extra>
        <technique profile="OpenCOLLADA3dsMax">
          <extended_shader>
            <apply_reflection_dimming>0</apply_reflection_dimming>
            <dim_level>0</dim_level>
            <falloff_type>0</falloff_type>
            <index_of_refraction>1.5</index_of_refraction>
            <opacity_type>0</opacity_type>
            <reflection_level>3</reflection_level>
            <wire_size>1</wire_size>
            <wire_units>0</wire_units>
          </extended_shader>
          <shader>
            <ambient_diffuse_lock>1</ambient_diffuse_lock>
            <ambient_diffuse_texture_lock>1</ambient_diffuse_texture_lock>
            <diffuse_specular_lock>0</diffuse_specular_lock>
            <soften>0.1</soften>
            <use_self_illum_color>0</use_self_illum_color>
          </shader>
        </technique>
      </extra>
    </effect>
  </library_effects>
  <library_materials>
    <material id="ShapeBounds-material" name="ShapeBounds">
      <instance_effect url="#ShapeBounds"/>
    </material>
  </library_materials>
  <library_geometries>
    <geometry id="geom-Bounds" name="Bounds">
      <mesh>
        <source id="geom-Bounds-positions">
          <float_array id="geom-Bounds-positions-array" count="24">-0.425 -0.425 0 0.425 -0.425 0 -0.425 0.425 0 0.425 0.425 0 -0.425 -0.425 1.84 0.425 -0.425 1.84 -0.425 0.425 1.84 0.425 0.425 1.84</float_array>
          <technique_common>
            <accessor source="#geom-Bounds-positions-array" count="8" stride="3">
              <param name="X" type="float"/>
              <param name="Y" type="float"/>
              <param name="Z" type="float"/>
            </accessor>
          </technique_common>
        </source>
        <source id="geom-Bounds-normals">
          <float_array id="geom-Bounds-normals-array" count="72">0 0 -1 0 0 -1 0 0 -1 0 0 -1 0 0 1 0 0 1 0 0 1 0 0 1 0 -1 0 0 -1 0 0 -1 0 0 -1 0 1 0 0 1 0 0 1 0 0 1 0 0 0 1 0 0 1 0 0 1 0 0 1 0 -1 0 0 -1 0 0 -1 0 0 -1 0 0</float_array>
          <technique_common>
            <accessor source="#geom-Bounds-normals-array" count="24" stride="3">
              <param name="X" type="float"/>
              <param name="Y" type="float"/>
              <param name="Z" type="float"/>
            </accessor>
          </technique_common>
        </source>
        <source id="geom-Bounds-map1">
          <float_array id="geom-Bounds-map1-array" count="36">0 0 0 1 0 0 0 1 0 1 1 0 0 0 0 1 0 0 0 1 0 1 1 0 0 0 0 1 0 0 0 1 0 1 1 0</float_array>
          <technique_common>
            <accessor source="#geom-Bounds-map1-array" count="12" stride="3">
              <param name="S" type="float"/>
              <param name="T" type="float"/>
              <param name="P" type="float"/>
            </accessor>
          </technique_common>
        </source>
        <vertices id="geom-Bounds-vertices">
          <input semantic="POSITION" source="#geom-Bounds-positions"/>
        </vertices>
        <triangles material="ShapeBounds" count="12">
          <input semantic="VERTEX" source="#geom-Bounds-vertices" offset="0"/>
          <input semantic="NORMAL" source="#geom-Bounds-normals" offset="1"/>
          <input semantic="TEXCOORD" source="#geom-Bounds-map1" offset="2" set="0"/>
          <p>0 0 9 2 1 11 3 2 10 3 2 10 1 3 8 0 0 9 4 4 8 5 5 9 7 6 11 7 6 11 6 7 10 4 4 8 0 8 4 1 9 5 5 10 7 5 10 7 4 11 6 0 8 4 1 12 0 3 13 1 7 14 3 7 14 3 5 15 2 1 12 0 3 16 4 2 17 5 6 18 7 6 18 7 7 19 6 3 16 4 2 20 0 0 21 1 4 22 3 4 22 3 6 23 2 2 20 0</p>
        </triangles>
      </mesh>
      <extra>
        <technique profile="OpenCOLLADA3dsMax">
          <max_box>
            <generateuvs>1</generateuvs>
            <height>1.84</height>
            <heightsegments>1</heightsegments>
            <length>0.85</length>
            <lengthsegments>1</lengthsegments>
            <width>0.85</width>
            <widthsegments>1</widthsegments>
          </max_box>
        </technique>
      </extra>
    </geometry>
  </library_geometries>
  <library_lights>
    <light id="EnvironmentAmbientLight" name="EnvironmentAmbientLight">
      <technique_common>
        <ambient>
          <color>0 0 0</color>
        </ambient>
      </technique_common>
    </light>
  </library_lights>
  <library_visual_scenes>
    <visual_scene id="MaxScene">
      <node name="EnvironmentAmbientLight">
        <instance_light url="#EnvironmentAmbientLight"/>
      </node>
      <node id="node-Bip01" name="Bip01">
        <matrix sid="matrix">0.7792376 -0.6267173 0.003750267 -8.10623e-5 0.6267178 0.7792454 0.001183462 0.009366653 -0.003664074 0.001428161 0.9999923 0.6175663 0 0 0 1</matrix>
        <node id="node-Bip01_Pelvis" name="Bip01_Pelvis">
          <matrix sid="matrix">-0.009626727 0.991236 0.1317526 0 -0.1217413 -0.1319404 0.9837534 0 0.9925151 -0.0065694 0.1219445 0 0 0 0 1</matrix>
          <node id="node-Bip01_Spine" name="Bip01_Spine">
            <matrix sid="matrix">0.9142389 -0.1596023 -0.3724171 0.1975124 0.1756539 0.9844078 0.009333353 0.02499346 0.3651207 -0.07394949 0.9280187 0.02780974 0 0 0 1</matrix>
            <node id="node-Bip01_Spine1" name="Bip01_Spine1">
              <matrix>0.9850424 0.02363086 -0.1706849 0.1022273 -0.01319331 0.9979873 0.06202858 -1.00829e-4 0.1718071 -0.05884882 0.9833715 5.93066e-6 0 0 0 1</matrix>
              <node id="node-Bip01_Spine2" name="Bip01_Spine2">
                <matrix sid="matrix">0.8835585 -0.3774273 -0.2772602 0.1269308 0.4144815 0.9058138 0.08778688 -1.55188e-4 0.2180129 -0.1924841 0.956776 3.29018e-5 0 0 0 1</matrix>
                <node id="node-Bip01_Neck" name="Bip01_Neck">
                  <matrix>0.8407079 -0.4308255 0.3280237 0.2151071 0.413622 0.9019013 0.1244631 -4.97103e-5 -0.3494668 0.03104064 0.9364345 -1.78814e-6 0 0 0 1</matrix>
                  <node id="node-Bip01_Head" name="Bip01_Head">
                    <matrix sid="matrix">0.9551592 0.1250558 -0.2683872 0.0705182 -0.2814226 0.1016556 -0.954184 -0.01395917 -0.09204334 0.986928 0.132291 -5.96046e-8 0 0 0 1</matrix>
                    <node id="node-ALTEYE" name="ALTEYE">
                      <matrix sid="matrix">0.4506336 0.3792481 0.8081467 0.06454706 0.04412826 0.8947042 -0.4444743 0.2214611 -0.8916178 0.2359567 0.3864482 0.04716256 0 0 0 1</matrix>
                    </node>
                  </node>
                  <node id="node-Bip01_L_Clavicle" name="Bip01_L_Clavicle">
                    <matrix>-0.5778345 -0.4531803 0.6787746 -0.04690343 0.2838089 -0.891343 -0.3534966 -0.01204759 0.7652187 -0.01162018 0.6436654 0.05588406 0 0 0 1</matrix>
                    <node id="node-Bip01_L_UpperArm" name="Bip01_L_UpperArm">
                      <matrix sid="matrix">0.5020983 0.8647767 -0.007648319 0.1824006 -0.2608427 0.1598681 0.9520522 2.98023e-8 0.8245354 -0.4760286 0.3058401 1.19209e-7 0 0 0 1</matrix>
                      <node id="node-Bip01_L_Forearm" name="Bip01_L_Forearm">
                        <matrix sid="matrix">0.7422016 0.6701767 -7.45058e-9 0.2843688 -0.6701766 0.7422017 0 0 0 -2.98023e-8 1 -5.96046e-8 0 0 0 1</matrix>
                        <node id="node-Bip01_L_Hand" name="Bip01_L_Hand">
                          <matrix sid="matrix">0.9275936 0.1944826 -0.3189771 0.2810681 0.03266771 -0.8927687 -0.4493288 2.98023e-8 -0.3721595 0.4063743 -0.83448 5.96046e-8 0 0 0 1</matrix>
                          <node id="node-Bip01_L_Finger0" name="Bip01_L_Finger0">
                            <matrix>0.6413841 0.3141902 0.6999363 0.02119678 0.7352949 0.0087029 -0.6776913 -0.004734099 -0.2190155 0.9493201 -0.2254407 -0.02572179 0 0 0 1</matrix>
                            <node id="node-Bip01_L_Finger01" name="Bip01_L_Finger01">
                              <matrix>0.9975641 -0.0697564 0 0.04982853 0.06975644 0.9975641 -1.67638e-8 0 -2.98023e-8 2.6077e-8 1 5.96046e-8 0 0 0 1</matrix>
                              <node id="node-Bip01_L_Finger02" name="Bip01_L_Finger02">
                                <matrix>0.9203136 0.3911814 2.98023e-8 0.05202246 -0.3911815 0.9203136 -3.72529e-9 -2.98023e-8 0 2.98023e-8 1 -5.96046e-8 0 0 0 1</matrix>
                              </node>
                            </node>
                          </node>
                          <node id="node-Bip01_L_Finger1" name="Bip01_L_Finger1">
                            <matrix>0.9592717 -0.2819768 -0.016935 0.1199947 0.2798395 0.9567645 -0.07931919 -0.008367479 0.03856891 0.07134954 0.9967054 -0.0410139 0 0 0 1</matrix>
                            <node id="node-Bip01_L_Finger11" name="Bip01_L_Finger11">
                              <matrix>0.7001772 -0.7139691 -2.98023e-8 0.03644168 0.7139691 0.7001772 -1.49012e-8 -1.49012e-7 2.98023e-8 -3.72529e-9 0.9999999 -1.19209e-7 0 0 0 1</matrix>
                              <node id="node-Bip01_L_Finger12" name="Bip01_L_Finger12">
                                <matrix>0.8757257 -0.4828088 0 0.03117561 0.4828088 0.8757259 5.96046e-8 5.96046e-8 0 2.6077e-8 0.9999999 1.19209e-7 0 0 0 1</matrix>
                              </node>
                            </node>
                          </node>
                          <node id="node-Bip01_L_Finger2" name="Bip01_L_Finger2">
                            <matrix>0.6611331 -0.7495597 -0.03260928 0.1229538 0.7489769 0.656822 0.08728343 -0.008802056 -0.0440057 -0.08212955 0.9956495 -0.0132823 0 0 0 1</matrix>
                            <node id="node-Bip01_L_Finger21" name="Bip01_L_Finger21">
                              <matrix>0.8156036 -0.5786111 7.45058e-9 0.03895521 0.5786111 0.8156036 -9.31323e-9 5.96046e-8 2.6077e-8 5.37839e-8 1 -5.96046e-8 0 0 0 1</matrix>
                              <node id="node-Bip01_L_Finger22" name="Bip01_L_Finger22">
                                <matrix>0.9762959 -0.2164396 1.30385e-8 0.03800523 0.2164396 0.9762961 -8.14907e-10 0 -1.49012e-8 -6.0536e-8 1 0 0 0 0 1</matrix>
                              </node>
                            </node>
                          </node>
                          <node id="node-Bip01_L_Finger3" name="Bip01_L_Finger3">
                            <matrix>0.412463 -0.906479 -0.09038854 0.1211882 0.9061533 0.3980612 0.1429456 -0.001191258 -0.09359702 -0.1408657 0.9855945 0.01196867 0 0 0 1</matrix>
                            <node id="node-Bip01_L_Finger31" name="Bip01_L_Finger31">
                              <matrix>0.9381478 -0.3462352 5.58794e-9 0.03155863 0.3462352 0.9381478 -1.90921e-8 5.96046e-8 7.45058e-9 1.13156e-7 1 -5.96046e-8 0 0 0 1</matrix>
                              <node id="node-Bip01_L_Finger32" name="Bip01_L_Finger32">
                                <matrix>0.9636304 -0.2672383 0 0.0336659 0.2672384 0.9636303 -3.23635e-8 -5.96046e-8 5.58794e-9 -3.72529e-8 0.9999999 0 0 0 0 1</matrix>
                              </node>
                            </node>
                          </node>
                          <node id="node-Bip01_L_Finger4" name="Bip01_L_Finger4">
                            <matrix>0.07120569 -0.9696807 0.2337718 0.1136796 0.9750155 0.1171046 0.1887628 0.005147278 -0.2104155 0.2144902 0.9537921 0.03886586 0 0 0 1</matrix>
                            <node id="node-Bip01_L_Finger41" name="Bip01_L_Finger41">
                              <matrix>0.9790111 -0.2038069 0 0.03661633 0.2038069 0.9790111 2.42144e-8 -5.96046e-8 -1.49012e-8 -1.49012e-8 1 -5.96046e-8 0 0 0 1</matrix>
                              <node id="node-Bip01_L_Finger42" name="Bip01_L_Finger42">
                                <matrix>0.9645152 0.2640275 0 0.0177263 -0.2640274 0.9645151 -1.49012e-8 0 -1.49012e-8 -1.39698e-7 1 -1.49012e-8 0 0 0 1</matrix>
                              </node>
                            </node>
                          </node>
                        </node>
                      </node>
                    </node>
                  </node>
                  <node id="node-Bip01_R_Clavicle" name="Bip01_R_Clavicle">
                    <matrix>0.2073931 -0.1669672 -0.9639035 8.6695e-4 0.5679265 -0.7817279 0.2576057 -0.01629037 -0.7965221 -0.6008521 -0.06729981 -0.07212144 0 0 0 1</matrix>
                    <node id="node-Bip01_R_UpperArm" name="Bip01_R_UpperArm">
                      <matrix sid="matrix">0.2061442 0.9350806 -0.2883207 0.1824007 -0.9591451 0.2514378 0.1296905 -5.96046e-8 0.1937658 0.2498064 0.9487104 0 0 0 0 1</matrix>
                      <node id="node-Bip01_R_Forearm" name="Bip01_R_Forearm">
                        <matrix>-0.07265081 0.9973576 2.98023e-8 0.2843689 -0.9973575 -0.0726508 7.45058e-9 0 1.49012e-8 -2.98023e-8 1 -5.96046e-8 0 0 0 1</matrix>
                        <node id="node-Bip01_R_Hand" name="Bip01_R_Hand">
                          <matrix>0.9247895 0.3771958 -0.04987458 0.2810681 0.2033487 -0.6007847 -0.7731152 0 -0.3215797 0.704827 -0.6323017 5.96046e-8 0 0 0 1</matrix>
                          <node id="node-Bip01_R_Finger0" name="Bip01_R_Finger0">
                            <matrix>0.5215105 0.269013 -0.8097276 0.02119672 0.7250717 0.3605265 0.5867639 -0.004734278 0.4497753 -0.893114 -0.00703546 0.02572185 0 0 0 1</matrix>
                            <node id="node-Bip01_R_Finger01" name="Bip01_R_Finger01">
                              <matrix>0.6423534 -0.7636236 0.06527573 0.04982859 0.7605615 0.6456373 0.06854747 0 -0.09448878 0.00561447 0.99551 -2.98023e-8 0 0 0 1</matrix>
                              <node id="node-Bip01_R_Finger02" name="Bip01_R_Finger02">
                                <matrix>0.9505157 -0.3106764 -2.42144e-8 0.0520224 0.3106764 0.9505158 1.11759e-8 5.96046e-8 -2.79397e-8 5.21541e-8 0.9999999 5.96046e-8 0 0 0 1</matrix>
                              </node>
                            </node>
                          </node>
                          <node id="node-Bip01_R_Finger1" name="Bip01_R_Finger1">
                            <matrix>0.9820225 -0.1733428 -0.07472673 0.1199947 0.1795577 0.9799358 0.08651492 -0.008367568 0.05823066 -0.09837736 0.9934441 0.0410139 0 0 0 1</matrix>
                            <node id="node-Bip01_R_Finger11" name="Bip01_R_Finger11">
                              <matrix>0.8240548 -0.5665103 3.72529e-9 0.03644171 0.5665103 0.8240548 -7.45058e-9 0 -1.30385e-8 2.98023e-8 1 5.96046e-8 0 0 0 1</matrix>
                              <node id="node-Bip01_R_Finger12" name="Bip01_R_Finger12">
                                <matrix>0.8146397 -0.5796779 0.01831834 0.03117546 0.5799672 0.8142334 -0.0257305 -5.96046e-8 1.49012e-8 0.0315851 0.999501 -5.96046e-8 0 0 0 1</matrix>
                              </node>
                            </node>
                          </node>
                          <node id="node-Bip01_R_Finger2" name="Bip01_R_Finger2">
                            <matrix>0.6754014 -0.7374504 -1.52119e-4 0.1229538 0.7368314 0.6748428 -0.04082685 -0.008802027 0.03021043 0.02746242 0.9991663 0.01328236 0 0 0 1</matrix>
                            <node id="node-Bip01_R_Finger21" name="Bip01_R_Finger21">
                              <matrix>0.5508358 -0.8338859 -0.03484871 0.03895517 0.832222 0.5519371 -0.05265062 0 0.0631389 -1.02445e-8 0.9980047 0 0 0 0 1</matrix>
                              <node id="node-Bip01_R_Finger22" name="Bip01_R_Finger22">
                                <matrix>0.1984734 -0.9799246 0.01886612 0.03800538 0.9755272 0.199368 0.09272984 2.98023e-8 -0.09462957 0 0.9955125 1.19209e-7 0 0 0 1</matrix>
                              </node>
                            </node>
                          </node>
                          <node id="node-Bip01_R_Finger3" name="Bip01_R_Finger3">
                            <matrix>0.7159052 -0.6949216 0.06755453 0.1211881 0.6883786 0.6863563 -0.234627 -0.001191229 0.1166809 0.2144739 0.9697352 -0.01196867 0 0 0 1</matrix>
                            <node id="node-Bip01_R_Finger31" name="Bip01_R_Finger31">
                              <matrix>0.4441952 -0.8949346 0.04222354 0.03155848 0.8909186 0.4461976 0.08468728 0 -0.09462957 2.07219e-8 0.9955127 1.19209e-7 0 0 0 1</matrix>
                              <node id="node-Bip01_R_Finger32" name="Bip01_R_Finger32">
                                <matrix>0.1993681 -0.9794358 -0.03095101 0.03366594 0.9799249 0.1992686 0.006297074 0 -2.23517e-8 -0.03158513 0.9995011 0 0 0 0 1</matrix>
                              </node>
                            </node>
                          </node>
                          <node id="node-Bip01_R_Finger4" name="Bip01_R_Finger4">
                            <matrix>0.5925791 -0.789795 -0.1583476 0.1136796 0.7783523 0.6120424 -0.1399001 0.005147427 0.2074078 -0.04034829 0.9774221 -0.0388658 0 0 0 1</matrix>
                            <node id="node-Bip01_R_Finger41" name="Bip01_R_Finger41">
                              <matrix>0.4202557 -0.9064696 0.04120626 0.03661621 0.9068531 0.4211511 0.01578783 0 -0.03166523 0.030733 0.999026 5.96046e-8 0 0 0 1</matrix>
                              <node id="node-Bip01_R_Finger42" name="Bip01_R_Finger42">
                                <matrix>0.4024471 -0.9138246 -0.05441486 0.0177263 0.9154232 0.4021218 0.0172832 0 0.006087616 -0.05676817 0.9983689 0 0 0 0 1</matrix>
                              </node>
                            </node>
                          </node>
                          <node id="node-MOUNT0" name="MOUNT0">
                            <matrix>-6.18693e-7 1 8.84756e-9 0.109539 -1 -6.59553e-7 4.76837e-7 0.0251826 4.77768e-7 6.75209e-9 1 0.01321656 0 0 0 1</matrix>
                          </node>
                        </node>
                      </node>
                    </node>
                  </node>
                </node>
                <node id="node-Bip01_L_Pauldron_Upper" name="Bip01_L_Pauldron_Upper">
                  <matrix>0.9726267 0.1182924 0.2000107 0.176903 0.1448456 -0.9816831 -0.1237685 -0.03908369 0.1817062 0.1493513 -0.9719452 0.2290198 0 0 0 1</matrix>
                </node>
                <node id="node-Bip01_R_Pauldron_Lower" name="Bip01_R_Pauldron_Lower">
                  <matrix>-0.1156725 -0.9403759 -0.3198653 0.172906 0.9097751 -0.2295502 0.3458564 -0.1133294 -0.3986599 -0.2509994 0.8820827 -0.2351095 0 0 0 1</matrix>
                </node>
                <node id="node-Bip01_L_Pauldron_Lower" name="Bip01_L_Pauldron_Lower">
                  <matrix>-0.2099972 -0.7687201 0.6041284 0.1529202 0.4002344 -0.6313509 -0.6642357 -0.1054225 0.8920281 0.1023053 0.4402498 0.2344801 0 0 0 1</matrix>
                </node>
              </node>
            </node>
            <node id="node-Bip01_L_Thigh" name="Bip01_L_Thigh">
              <matrix sid="matrix">-0.1205261 0.9908452 -0.06082314 -0.1485698 0.585079 0.1203991 0.8019892 -4.512e-4 0.8019701 0.06107429 -0.5942339 0.1658256 0 0 0 1</matrix>
              <node id="node-Bip01_L_Calf" name="Bip01_L_Calf">
                <matrix sid="matrix">-0.2179086 0.9759693 -7.45058e-9 0.4629988 -0.9759691 -0.2179086 3.72529e-9 0 -6.33299e-8 -1.67638e-8 1 1.49012e-8 0 0 0 1</matrix>
                <node id="node-Bip01_L_Foot" name="Bip01_L_Foot">
                  <matrix sid="matrix">0.7892729 -0.6020769 -0.1206311 0.3610501 0.6127691 0.7849334 0.09161679 0 0.03952703 -0.1462296 0.9884608 1.49012e-8 0 0 0 1</matrix>
                  <node id="node-Bip01_L_Toe0" name="Bip01_L_Toe0">
                    <matrix sid="matrix">7.15023e-7 -1 1.38953e-6 0.1486307 1 7.15256e-7 -3.53975e-8 0.1543275 3.56122e-8 1.38953e-6 1 -3.72529e-9 0 0 0 1</matrix>
                  </node>
                </node>
              </node>
            </node>
            <node id="node-Bip01_R_Thigh" name="Bip01_R_Thigh">
              <matrix sid="matrix">-0.848152 0.4434448 0.2898186 -0.2416654 0.5259895 0.770021 0.3611133 0.01840352 -0.06303255 0.4587205 -0.8863423 -0.07079414 0 0 0 1</matrix>
              <node id="node-Bip01_R_Calf" name="Bip01_R_Calf">
                <matrix sid="matrix">-0.121563 0.9925838 -2.98023e-8 0.4629987 -0.9925836 -0.121563 0 -2.23517e-8 1.00583e-7 0 0.9999999 -5.96046e-8 0 0 0 1</matrix>
                <node id="node-Bip01_R_Foot" name="Bip01_R_Foot">
                  <matrix sid="matrix">0.2348041 -0.9602214 0.1511365 0.3610501 0.8971235 0.2739291 0.3466014 -2.23517e-8 -0.3742147 0.05420472 0.9257565 0 0 0 0 1</matrix>
                  <node id="node-Bip01_R_Toe0" name="Bip01_R_Toe0">
                    <matrix sid="matrix">-0.1805802 -0.9786913 0.09774534 0.1486307 0.9833317 -0.1817874 -0.003513791 0.1543275 0.02120773 0.09548156 0.9952055 -2.98023e-8 0 0 0 1</matrix>
                  </node>
                </node>
              </node>
            </node>
          </node>
          <node id="node-Bip01_FannyPack" name="Bip01_FannyPack">
            <matrix sid="matrix">-0.9629918 -0.2062317 0.1735378 0.2299508 -0.2083319 0.9780385 0.006227079 -0.1378937 -0.1710108 -0.03015682 -0.9848076 0.01013964 0 0 0 1</matrix>
          </node>
        </node>
        <node id="node-EYE" name="EYE">
          <matrix sid="matrix">0.7792379 0.6267177 -0.003664111 0.05872957 -0.6267173 0.7792452 0.001428191 0.07260932 0.003750314 0.001183282 0.999992 0.9528271 0 0 0 1</matrix>
          <node id="node-CAM" name="CAM">
            <matrix>1 -6.03104e-8 3.55271e-15 4.84288e-8 6.03104e-8 1 -2.32831e-9 -0.104 -3.55271e-15 2.32832e-9 1 0.3005601 0 0 0 1</matrix>
          </node>
        </node>
      </node>
      <node id="node-Bounds" name="Bounds">
        <matrix>0.9999915 0.001706907 0.003750479 0 -0.001711356 0.9999978 0.001183292 0.1035326 -0.003748452 -0.0011897 0.9999923 -8.93474e-5 0 0 0 1</matrix>
        <instance_geometry url="#geom-Bounds">
          <bind_material>
            <technique_common>
              <instance_material symbol="ShapeBounds" target="#ShapeBounds-material"/>
            </technique_common>
          </bind_material>
        </instance_geometry>
      </node>
    </visual_scene>
  </library_visual_scenes>
  <library_animations>
    <animation>
      <source id="node-Bip01_matrix-input">
        <float_array id="node-Bip01_matrix-input-array" count="11">33.33333 33.36666 33.4 33.43333 33.46667 33.5 33.53333 33.56667 33.6 33.63334 33.66667</float_array>
        <technique_common>
          <accessor source="#node-Bip01_matrix-input-array" count="11" stride="1">
            <param name="TIME" type="float"/>
          </accessor>
        </technique_common>
      </source>
      <source id="node-Bip01_matrix-output">
        <float_array id="node-Bip01_matrix-output-array" count="176">0.7792376 -0.6267173 0.003750264 -8.10623e-5 0.6267178 0.7792454 0.00118345 0.009366631 -0.003664016 0.001428127 0.9999923 0.6175663 0 0 0 1 0.7792376 -0.6267173 0.003750264 -8.10623e-5 0.6267178 0.7792454 0.00118345 0.009368479 -0.003664016 0.001428127 0.9999923 0.64835 0 0 0 1 0.7792376 -0.6267173 0.003750264 -8.10623e-5 0.6267178 0.7792454 0.00118345 0.009368717 -0.003664016 0.001428127 0.9999923 0.7210378 0 0 0 1 0.7792376 -0.6267173 0.003750264 -8.10623e-5 0.6267178 0.7792454 0.00118345 0.009368002 -0.003664016 0.001428127 0.9999923 0.8074718 0 0 0 1 0.7792376 -0.6267173 0.003750264 -8.10623e-5 0.6267178 0.7792454 0.00118345 0.009367108 -0.003664016 0.001428127 0.9999923 0.8801584 0 0 0 1 0.7792376 -0.6267173 0.003750264 -8.10623e-5 0.6267178 0.7792454 0.00118345 0.009366631 -0.003664016 0.001428127 0.9999923 0.9109396 0 0 0 1 0.7792376 -0.6267173 0.003750264 -8.10623e-5 0.6267178 0.7792454 0.00118345 0.009366631 -0.003664016 0.001428127 0.9999923 0.9109396 0 0 0 1 0.7792376 -0.6267173 0.003750264 -8.10623e-5 0.6267178 0.7792454 0.00118345 0.009366631 -0.003664016 0.001428127 0.9999923 0.9109396 0 0 0 1 0.7792376 -0.6267173 0.003750264 -8.10623e-5 0.6267178 0.7792454 0.00118345 0.009366631 -0.003664016 0.001428127 0.9999923 0.9109396 0 0 0 1 0.7792376 -0.6267173 0.003750264 -8.10623e-5 0.6267178 0.7792454 0.00118345 0.009366631 -0.003664016 0.001428127 0.9999923 0.9109396 0 0 0 1 0.7792376 -0.6267173 0.003750264 -8.10623e-5 0.6267178 0.7792454 0.00118345 0.009366631 -0.003664016 0.001428127 0.9999923 0.9109396 0 0 0 1</float_array>
        <technique_common>
          <accessor source="#node-Bip01_matrix-output-array" count="11" stride="16">
            <param name="TRANSFORM" type="float4x4"/>
          </accessor>
        </technique_common>
      </source>
      <source id="node-Bip01_matrix-interpolation">
        <Name_array id="node-Bip01_matrix-interpolation-array" count="11">LINEAR LINEAR LINEAR LINEAR LINEAR LINEAR LINEAR LINEAR LINEAR LINEAR LINEAR</Name_array>
        <technique_common>
          <accessor source="#node-Bip01_matrix-interpolation-array" count="11" stride="1">
            <param name="INTERPOLATION" type="name"/>
          </accessor>
        </technique_common>
      </source>
      <source id="node-Bip01_Pelvis_matrix-input">
        <float_array id="node-Bip01_Pelvis_matrix-input-array" count="11">33.33333 33.36666 33.4 33.43333 33.46667 33.5 33.53333 33.56667 33.6 33.63334 33.66667</float_array>
        <technique_common>
          <accessor source="#node-Bip01_Pelvis_matrix-input-array" count="11" stride="1">
            <param name="TIME" type="float"/>
          </accessor>
        </technique_common>
      </source>
      <source id="node-Bip01_Pelvis_matrix-output">
        <float_array id="node-Bip01_Pelvis_matrix-output-array" count="176">-0.009626686 0.991236 0.1317526 0 -0.1217413 -0.1319403 0.9837534 0 0.9925152 -0.006569385 0.1219445 0 0 0 0 1 -0.01401609 0.9927637 0.1192643 0 -0.1399025 -0.1200498 0.9828608 0 0.9900661 -0.002909481 0.1405727 0 0 0 0 1 -0.02256292 0.9957509 0.08928072 0 -0.1827043 -0.09190648 0.9788627 0 0.9829089 0.005774021 0.1840016 0 0 0 0 1 -0.02936065 0.9981658 0.05294442 0 -0.2332404 -0.0583465 0.9706671 0 0.9719758 0.01615059 0.2345257 0 0 0 0 1 -0.03222042 0.9992377 0.02204233 0 -0.2752239 -0.03007137 0.9609099 0 0.9608401 0.02489435 0.275983 0 0 0 0 1 -0.03264236 0.9994273 0.008912622 0 -0.2928138 -0.01808887 0.9559983 0 0.9556121 0.02859628 0.2932366 0 0 0 0 1 -0.01364904 0.9996946 0.02059674 0 -0.2341594 -0.02322155 0.9719209 0 0.9721024 0.008442819 0.2344049 0 0 0 0 1 0.03570681 0.9986092 0.03878974 0 -0.09265643 -0.03533911 0.9950708 0 0.9950577 -0.0391249 0.09126573 0 0 0 0 1 0.09918326 0.9941856 0.04192465 0 0.07770138 -0.04974162 0.995735 0 0.9920309 -0.09550267 -0.08218318 0 0 0 0 1 0.1528368 0.9878451 0.02833372 0 0.2192217 -0.06184566 0.9737129 0 0.96363 -0.1426078 -0.2260093 0 0 0 0 1 0.1747649 0.9844434 0.01811778 0 0.2778892 -0.06696885 0.9582759 0 0.9445818 -0.1624383 -0.28527 0 0 0 0 1</float_array>
        <technique_common>
          <accessor source="#node-Bip01_Pelvis_matrix-output-array" count="11" stride="16">
            <param name="TRANSFORM" type="float4x4"/>
          </accessor>
        </technique_common>
      </source>
      <source id="node-Bip01_Pelvis_matrix-interpolation">
        <Name_array id="node-Bip01_Pelvis_matrix-interpolation-array" count="11">LINEAR LINEAR LINEAR LINEAR LINEAR LINEAR LINEAR LINEAR LINEAR LINEAR LINEAR</Name_array>
        <technique_common>
          <accessor source="#node-Bip01_Pelvis_matrix-interpolation-array" count="11" stride="1">
            <param name="INTERPOLATION" type="name"/>
          </accessor>
        </technique_common>
      </source>
      <source id="node-Bip01_Spine_matrix-input">
        <float_array id="node-Bip01_Spine_matrix-input-array" count="11">33.33333 33.36666 33.4 33.43333 33.46667 33.5 33.53333 33.56667 33.6 33.63334 33.66667</float_array>
        <technique_common>
          <accessor source="#node-Bip01_Spine_matrix-input-array" count="11" stride="1">
            <param name="TIME" type="float"/>
          </accessor>
        </technique_common>
      </source>
      <source id="node-Bip01_Spine_matrix-output">
        <float_array id="node-Bip01_Spine_matrix-output-array" count="176">0.9142389 -0.1596023 -0.3724171 0.1975123 0.1756539 0.9844078 0.009333312 0.02499341 0.3651207 -0.07394945 0.9280187 0.02780973 0 0 0 1 0.9068926 -0.1600963 -0.389763 0.1969075 0.1821316 0.9830711 0.01998072 0.02576345 0.3799659 -0.08910864 0.9206985 0.03119015 0 0 0 1 0.8886457 -0.1592801 -0.4300452 0.195254 0.1973494 0.9792957 0.04509139 0.0275734 0.4139593 -0.1249394 0.9016807 0.03904813 0 0 0 1 0.8654438 -0.1546978 -0.4765244 0.1928942 0.2152717 0.9736795 0.07487428 0.02970564 0.4523992 -0.1673818 0.875967 0.04815119 0 0 0 1 0.8448118 -0.1478371 -0.5142343 0.1905987 0.2301675 0.9680163 0.09983676 0.03147679 0.4830277 -0.2027034 0.851819 0.05559182 0 0 0 1 0.8357986 -0.1441137 -0.5297849 0.1895457 0.2364203 0.9653609 0.1103806 0.03221964 0.4955262 -0.2175078 0.8409188 0.05868136 0 0 0 1 0.8674957 -0.1271644 -0.4809163 0.1933356 0.2050157 0.9722449 0.1127331 0.02821069 0.4532327 -0.1963909 0.8694887 0.04726856 0 0 0 1 0.9300132 -0.07940393 -0.3588455 0.1992188 0.1302557 0.9842165 0.1197978 0.0187031 0.3436692 -0.1581554 0.9256772 0.01922965 0 0 0 1 0.9789474 -0.01346135 -0.2036684 0.2003 0.0408411 0.9905626 0.1308349 0.007351756 0.1999851 -0.1363986 0.9702584 -0.01524782 0 0 0 1 0.9967601 0.04411828 -0.0672537 0.1960644 -0.03419321 0.9892511 0.1421733 -0.002202391 0.07280325 -0.1394132 0.9875544 -0.04426622 0 0 0 1 0.9976643 0.06778115 -0.008484542 0.1928508 -0.06579357 0.9868717 0.147498 -0.006243884 0.01837062 -0.1465954 0.989026 -0.05634504 0 0 0 1</float_array>
        <technique_common>
          <accessor source="#node-Bip01_Spine_matrix-output-array" count="11" stride="16">
            <param name="TRANSFORM" type="float4x4"/>
          </accessor>
        </technique_common>
      </source>
      <source id="node-Bip01_Spine_matrix-interpolation">
        <Name_array id="node-Bip01_Spine_matrix-interpolation-array" count="11">LINEAR LINEAR LINEAR LINEAR LINEAR LINEAR LINEAR LINEAR LINEAR LINEAR LINEAR</Name_array>
        <technique_common>
          <accessor source="#node-Bip01_Spine_matrix-interpolation-array" count="11" stride="1">
            <param name="INTERPOLATION" type="name"/>
          </accessor>
        </technique_common>
      </source>
      <source id="node-Bip01_Spine2_matrix-input">
        <float_array id="node-Bip01_Spine2_matrix-input-array" count="11">33.33333 33.36666 33.4 33.43333 33.46667 33.5 33.53333 33.56667 33.6 33.63334 33.66667</float_array>
        <technique_common>
          <accessor source="#node-Bip01_Spine2_matrix-input-array" count="11" stride="1">
            <param name="TIME" type="float"/>
          </accessor>
        </technique_common>
      </source>
      <source id="node-Bip01_Spine2_matrix-output">
        <float_array id="node-Bip01_Spine2_matrix-output-array" count="176">0.8835585 -0.3774272 -0.2772603 0.1269307 0.4144815 0.9058138 0.08778685 -1.55188e-4 0.2180128 -0.192484 0.956776 3.29018e-5 0 0 0 1 0.890065 -0.3749086 -0.2592836 0.1269302 0.4088296 0.9081301 0.09032273 -1.55546e-4 0.2016003 -0.186396 0.9615684 3.19183e-5 0 0 0 1 0.9059739 -0.3671938 -0.2106658 0.126929 0.3931367 0.9143532 0.09696263 -1.56619e-4 0.1570188 -0.170666 0.9727375 2.91765e-5 0 0 0 1 0.9249484 -0.3539084 -0.1386328 0.1269266 0.3691294 0.9233574 0.1056153 -1.58131e-4 0.09062939 -0.1488621 0.984696 2.55704e-5 0 0 0 1 0.9410055 -0.3346148 -0.05041402 0.1269234 0.3382738 0.934105 0.1140989 -1.60024e-4 0.008912742 -0.1244214 0.9921895 2.12789e-5 0 0 0 1 0.9499784 -0.308892 0.04611915 0.1269189 0.3016489 0.9457368 0.1207879 -1.61968e-4 -0.08092707 -0.1008341 0.9916064 1.7345e-5 0 0 0 1 0.9501726 -0.2772493 0.1424958 0.1269135 0.260683 0.9573677 0.1244651 -1.63987e-4 -0.1709287 -0.08111697 0.9819387 1.39177e-5 0 0 0 1 0.9420908 -0.2437816 0.2302945 0.1269077 0.2201552 0.9675961 0.12365 -1.65731e-4 -0.2529758 -0.06578904 0.9652333 1.12653e-5 0 0 0 1 0.929186 -0.2134559 0.3017443 0.1269025 0.1853801 0.9754155 0.119159 -1.67076e-4 -0.3197613 -0.05478352 0.9459129 9.47714e-6 0 0 0 1 0.9170749 -0.1913369 0.3498051 0.1268987 0.1610901 0.9803447 0.1139044 -1.6791e-4 -0.3647238 -0.04810869 0.929872 8.34465e-6 0 0 0 1 0.9118832 -0.1827258 0.367533 0.1268973 0.1518599 0.9820942 0.111488 -1.68217e-4 -0.3813238 -0.04585051 0.9233038 7.86781e-6 0 0 0 1</float_array>
        <technique_common>
          <accessor source="#node-Bip01_Spine2_matrix-output-array" count="11" stride="16">
            <param name="TRANSFORM" type="float4x4"/>
          </accessor>
        </technique_common>
      </source>
      <source id="node-Bip01_Spine2_matrix-interpolation">
        <Name_array id="node-Bip01_Spine2_matrix-interpolation-array" count="11">LINEAR LINEAR LINEAR LINEAR LINEAR LINEAR LINEAR LINEAR LINEAR LINEAR LINEAR</Name_array>
        <technique_common>
          <accessor source="#node-Bip01_Spine2_matrix-interpolation-array" count="11" stride="1">
            <param name="INTERPOLATION" type="name"/>
          </accessor>
        </technique_common>
      </source>
      <source id="node-Bip01_Head_matrix-input">
        <float_array id="node-Bip01_Head_matrix-input-array" count="11">33.33333 33.36666 33.4 33.43333 33.46667 33.5 33.53333 33.56667 33.6 33.63334 33.66667</float_array>
        <technique_common>
          <accessor source="#node-Bip01_Head_matrix-input-array" count="11" stride="1">
            <param name="TIME" type="float"/>
          </accessor>
        </technique_common>
      </source>
      <source id="node-Bip01_Head_matrix-output">
        <float_array id="node-Bip01_Head_matrix-output-array" count="176">0.9551592 0.1250558 -0.2683872 0.07051819 -0.2814226 0.1016556 -0.954184 -0.01395916 -0.09204334 0.986928 0.1322909 0 0 0 0 1 0.9525883 0.1195278 -0.279801 0.07051813 -0.2929525 0.1119142 -0.9495547 -0.01395916 -0.08218443 0.9865031 0.1416241 0 0 0 0 1 0.9447576 0.1043934 -0.3107007 0.07051825 -0.3231906 0.1388031 -0.9360989 -0.01395916 -0.05459642 0.9848021 0.1648741 0 0 0 0 1 0.9306913 0.08162862 -0.3565816 0.07051813 -0.3656231 0.1767945 -0.9138182 -0.01395922 -0.01155191 0.980857 0.1943865 0 0 0 0 1 0.9094467 0.05298942 -0.41243 0.07051813 -0.4134524 0.2209281 -0.8833161 -0.01395922 0.04431092 0.9738494 0.222831 0 0 0 0 1 0.881383 0.02002596 -0.4719772 0.07051813 -0.4596473 0.26695 -0.8470312 -0.01395916 0.1090316 0.963502 0.24449 0 0 0 0 1 0.8557466 -0.01883602 -0.5170521 0.07051801 -0.486508 0.3108192 -0.8165177 -0.0139591 0.1760895 0.9502824 0.2568188 0 0 0 0 1 0.8393894 -0.06007343 -0.5402004 0.07051801 -0.4890116 0.350377 -0.7988138 -0.0139591 0.2372612 0.9346801 0.264726 0 0 0 0 1 0.8302626 -0.0964362 -0.5489663 0.07051825 -0.4780567 0.3831915 -0.7903327 -0.01395916 0.2865759 0.9186207 0.2720476 0 0 0 0 1 0.8263572 -0.1222798 -0.5497103 0.07051825 -0.4638358 0.4057773 -0.7875283 -0.0139591 0.3193587 0.9057551 0.2785993 0 0 0 0 1 0.8256276 -0.1322618 -0.5484942 0.07051837 -0.4566819 0.4142266 -0.7873107 -0.01395916 0.331332 0.9005129 0.2815953 0 0 0 0 1</float_array>
        <technique_common>
          <accessor source="#node-Bip01_Head_matrix-output-array" count="11" stride="16">
            <param name="TRANSFORM" type="float4x4"/>
          </accessor>
        </technique_common>
      </source>
      <source id="node-Bip01_Head_matrix-interpolation">
        <Name_array id="node-Bip01_Head_matrix-interpolation-array" count="11">LINEAR LINEAR LINEAR LINEAR LINEAR LINEAR LINEAR LINEAR LINEAR LINEAR LINEAR</Name_array>
        <technique_common>
          <accessor source="#node-Bip01_Head_matrix-interpolation-array" count="11" stride="1">
            <param name="INTERPOLATION" type="name"/>
          </accessor>
        </technique_common>
      </source>
      <source id="node-ALTEYE_matrix-input">
        <float_array id="node-ALTEYE_matrix-input-array" count="11">33.33333 33.36666 33.4 33.43333 33.46667 33.5 33.53333 33.56667 33.6 33.63334 33.66667</float_array>
        <technique_common>
          <accessor source="#node-ALTEYE_matrix-input-array" count="11" stride="1">
            <param name="TIME" type="float"/>
          </accessor>
        </technique_common>
      </source>
      <source id="node-ALTEYE_matrix-output">
        <float_array id="node-ALTEYE_matrix-output-array" count="176">0.4506336 0.3792481 0.8081467 0.06454706 0.04412823 0.8947042 -0.4444743 0.221461 -0.8916178 0.2359567 0.3864482 0.04716253 0 0 0 1 0.4412232 0.3738429 0.8158215 0.06454682 0.04741281 0.8981159 -0.437196 0.221461 -0.8961442 0.231581 0.3785446 0.04716253 0 0 0 1 0.4154654 0.3589423 0.8357928 0.06454682 0.05592155 0.9070309 -0.4173344 0.2214611 -0.9078885 0.2201265 0.3567671 0.04716253 0 0 0 1 0.3767448 0.3362803 0.8631222 0.06454694 0.06746566 0.9193422 -0.3876323 0.2214609 -0.9238571 0.2042691 0.3236699 0.04716253 0 0 0 1 0.328477 0.3076503 0.8930034 0.06454694 0.07993495 0.9330184 -0.3508386 0.2214611 -0.9411237 0.1866243 0.281883 0.04716259 0 0 0 1 0.2744711 0.2751986 0.9213753 0.06454706 0.09158861 0.9463356 -0.3099373 0.2214611 -0.957224 0.1694559 0.2345365 0.04716259 0 0 0 1 0.2190483 0.241518 0.9453507 0.06454694 0.1012399 0.958025 -0.2682144 0.2214611 -0.9704476 0.1544588 0.1854023 0.04716253 0 0 0 1 0.1669772 0.2095885 0.9634273 0.06454682 0.1083317 0.9673294 -0.2292129 0.2214611 -0.9799914 0.1426427 0.1388168 0.04716253 0 0 0 1 0.1233164 0.18264 0.975416 0.06454694 0.1128836 0.9739566 -0.1966378 0.2214611 -0.9859263 0.1343569 0.09948766 0.04716253 0 0 0 1 0.09326219 0.1640106 0.9820405 0.06454694 0.1153056 0.9779235 -0.1742731 0.2214611 -0.9889425 0.1294875 0.07229185 0.04716253 0 0 0 1 0.08206868 0.1570575 0.9841738 0.06454706 0.1160627 0.9792798 -0.1659546 0.2214611 -0.9898458 0.1278451 0.06213951 0.04716253 0 0 0 1</float_array>
        <technique_common>
          <accessor source="#node-ALTEYE_matrix-output-array" count="11" stride="16">
            <param name="TRANSFORM" type="float4x4"/>
          </accessor>
        </technique_common>
      </source>
      <source id="node-ALTEYE_matrix-interpolation">
        <Name_array id="node-ALTEYE_matrix-interpolation-array" count="11">LINEAR LINEAR LINEAR LINEAR LINEAR LINEAR LINEAR LINEAR LINEAR LINEAR LINEAR</Name_array>
        <technique_common>
          <accessor source="#node-ALTEYE_matrix-interpolation-array" count="11" stride="1">
            <param name="INTERPOLATION" type="name"/>
          </accessor>
        </technique_common>
      </source>
      <source id="node-Bip01_L_UpperArm_matrix-input">
