<?xml version="1.0" encoding="utf-8"?>
<COLLADA xmlns="http://www.collada.org/2005/11/COLLADASchema" version="1.4.1">
  <asset>
    <contributor>
      <author>MattO</author>
      <authoring_tool>OpenCOLLADA for 3ds Max;  Version: 1.3.0;  Revision: 839M;  Platform: x64;  Configuration: Release_Max2012</authoring_tool>
      <source_data>file:///C:/Dropbox/Prj/GGStout/Turret/TP_ProxMine_PlayerAnims.max</source_data>
    </contributor>
    <created>2011-09-30T17:59:24</created>
    <modified>2011-09-30T17:59:24</modified>
    <unit name="meter" meter="1"/>
    <up_axis>Z_UP</up_axis>
  </asset>
  <library_effects>
    <effect id="ShapeBounds">
      <profile_COMMON>
        <technique sid="common">
          <blinn>
            <emission>
              <color>0 0 0 1</color>
            </emission>
            <ambient>
              <color>0.1647059 1 0 1</color>
            </ambient>
            <diffuse>
              <color>0.1647059 1 0 1</color>
            </diffuse>
            <specular>
              <color>0.9 0.9 0.9 1</color>
            </specular>
            <shininess>
              <float>10</float>
            </shininess>
            <reflective>
              <color>0 0 0 1</color>
            </reflective>
            <transparent opaque="A_ONE">
              <color>1 1 1 1</color>
            </transparent>
            <transparency>
              <float>1</float>
            </transparency>
          </blinn>
        </technique>
      </profile_COMMON>
      <extra>
        <technique profile="OpenCOLLADA3dsMax">
          <extended_shader>
            <apply_reflection_dimming>0</apply_reflection_dimming>
            <dim_level>0</dim_level>
            <falloff_type>0</falloff_type>
            <index_of_refraction>1.5</index_of_refraction>
            <opacity_type>0</opacity_type>
            <reflection_level>3</reflection_level>
            <wire_size>1</wire_size>
            <wire_units>0</wire_units>
          </extended_shader>
          <shader>
            <ambient_diffuse_lock>1</ambient_diffuse_lock>
            <ambient_diffuse_texture_lock>1</ambient_diffuse_texture_lock>
            <diffuse_specular_lock>0</diffuse_specular_lock>
            <soften>0.1</soften>
            <use_self_illum_color>0</use_self_illum_color>
          </shader>
        </technique>
      </extra>
    </effect>
  </library_effects>
  <library_materials>
    <material id="ShapeBounds-material" name="ShapeBounds">
      <instance_effect url="#ShapeBounds"/>
    </material>
  </library_materials>
  <library_geometries>
    <geometry id="geom-Bounds" name="Bounds">
      <mesh>
        <source id="geom-Bounds-positions">
          <float_array id="geom-Bounds-positions-array" count="24">-0.425 -0.425 0 0.425 -0.425 0 -0.425 0.425 0 0.425 0.425 0 -0.425 -0.425 1.84 0.425 -0.425 1.84 -0.425 0.425 1.84 0.425 0.425 1.84</float_array>
          <technique_common>
            <accessor source="#geom-Bounds-positions-array" count="8" stride="3">
              <param name="X" type="float"/>
              <param name="Y" type="float"/>
              <param name="Z" type="float"/>
            </accessor>
          </technique_common>
        </source>
        <source id="geom-Bounds-normals">
          <float_array id="geom-Bounds-normals-array" count="72">0 0 -1 0 0 -1 0 0 -1 0 0 -1 0 0 1 0 0 1 0 0 1 0 0 1 0 -1 0 0 -1 0 0 -1 0 0 -1 0 1 0 0 1 0 0 1 0 0 1 0 0 0 1 0 0 1 0 0 1 0 0 1 0 -1 0 0 -1 0 0 -1 0 0 -1 0 0</float_array>
          <technique_common>
            <accessor source="#geom-Bounds-normals-array" count="24" stride="3">
              <param name="X" type="float"/>
              <param name="Y" type="float"/>
              <param name="Z" type="float"/>
            </accessor>
          </technique_common>
        </source>
        <source id="geom-Bounds-map1">
          <float_array id="geom-Bounds-map1-array" count="36">0 0 0 1 0 0 0 1 0 1 1 0 0 0 0 1 0 0 0 1 0 1 1 0 0 0 0 1 0 0 0 1 0 1 1 0</float_array>
          <technique_common>
            <accessor source="#geom-Bounds-map1-array" count="12" stride="3">
              <param name="S" type="float"/>
              <param name="T" type="float"/>
              <param name="P" type="float"/>
            </accessor>
          </technique_common>
        </source>
        <vertices id="geom-Bounds-vertices">
          <input semantic="POSITION" source="#geom-Bounds-positions"/>
        </vertices>
        <triangles material="ShapeBounds" count="12">
          <input semantic="VERTEX" source="#geom-Bounds-vertices" offset="0"/>
          <input semantic="NORMAL" source="#geom-Bounds-normals" offset="1"/>
          <input semantic="TEXCOORD" source="#geom-Bounds-map1" offset="2" set="0"/>
          <p>0 0 9 2 1 11 3 2 10 3 2 10 1 3 8 0 0 9 4 4 8 5 5 9 7 6 11 7 6 11 6 7 10 4 4 8 0 8 4 1 9 5 5 10 7 5 10 7 4 11 6 0 8 4 1 12 0 3 13 1 7 14 3 7 14 3 5 15 2 1 12 0 3 16 4 2 17 5 6 18 7 6 18 7 7 19 6 3 16 4 2 20 0 0 21 1 4 22 3 4 22 3 6 23 2 2 20 0</p>
        </triangles>
      </mesh>
      <extra>
        <technique profile="OpenCOLLADA3dsMax">
          <max_box>
            <generateuvs>1</generateuvs>
            <height>1.84</height>
            <heightsegments>1</heightsegments>
            <length>0.85</length>
            <lengthsegments>1</lengthsegments>
            <width>0.85</width>
            <widthsegments>1</widthsegments>
          </max_box>
        </technique>
      </extra>
    </geometry>
  </library_geometries>
  <library_lights>
    <light id="EnvironmentAmbientLight" name="EnvironmentAmbientLight">
      <technique_common>
        <ambient>
          <color>0 0 0</color>
        </ambient>
      </technique_common>
    </light>
  </library_lights>
  <library_visual_scenes>
    <visual_scene id="MaxScene">
      <node name="EnvironmentAmbientLight">
        <instance_light url="#EnvironmentAmbientLight"/>
      </node>
      <node id="node-Bip01" name="Bip01">
        <matrix sid="matrix">0.7792375 -0.6267175 0.003750234 -8.10623e-5 0.626718 0.7792453 0.001183394 0.009366653 -0.003664005 0.001428194 0.9999923 0.8041388 0 0 0 1</matrix>
        <node id="node-Bip01_Pelvis" name="Bip01_Pelvis">
          <matrix sid="matrix">-0.009626728 0.991236 0.1317526 0 -0.1217413 -0.1319404 0.9837535 0 0.9925151 -0.0065694 0.1219445 0 0 0 0 1</matrix>
          <node id="node-Bip01_Spine" name="Bip01_Spine">
            <matrix sid="matrix">0.9740029 -0.1713647 -0.1481634 0.1975132 0.06491479 0.837745 -0.5421895 0.02500539 0.2170353 0.5184763 0.8270901 0.0277615 0 0 0 1</matrix>
            <node id="node-Bip01_Spine1" name="Bip01_Spine1">
              <matrix>0.9940996 -0.1082492 -0.006932089 0.1022408 0.1067967 0.9879402 -0.1121099 -9.98154e-5 0.01898431 0.1107081 0.9936718 -1.11908e-5 0 0 0 1</matrix>
              <node id="node-Bip01_Spine2" name="Bip01_Spine2">
                <matrix sid="matrix">0.983237 -0.177375 0.04222758 0.1268963 0.1810741 0.9770653 -0.1120531 -1.67295e-4 -0.02138369 0.1178211 0.9928047 -2.0165e-5 0 0 0 1</matrix>
                <node id="node-Bip01_Neck" name="Bip01_Neck">
                  <matrix>0.9021776 -0.4308737 0.02058497 0.2151071 0.4312887 0.9018876 -0.02426415 -4.97997e-5 -0.008110587 0.03076864 0.9994937 -1.69314e-6 0 0 0 1</matrix>
                  <node id="node-Bip01_Head" name="Bip01_Head">
                    <matrix sid="matrix">0.8383279 0.5202501 -0.162929 0.07051814 -0.5361001 0.8409863 -0.07306488 -0.01395917 0.0990091 0.1485986 0.9839286 0 0 0 0 1</matrix>
                    <node id="node-ALTEYE" name="ALTEYE">
                      <matrix>0.02345617 0.2813332 0.9593239 0.06454694 0.04894472 0.9581139 -0.2821751 0.2214611 -0.9985261 0.05357213 0.008703768 0.04716256 0 0 0 1</matrix>
                    </node>
                  </node>
                  <node id="node-Bip01_L_Clavicle" name="Bip01_L_Clavicle">
                    <matrix>-0.3164032 -0.4320402 0.8445294 -0.02496195 0.2105159 -0.9000474 -0.381572 -0.01206511 0.9249713 0.05705629 0.3757294 0.06855242 0 0 0 1</matrix>
                    <node id="node-Bip01_L_UpperArm" name="Bip01_L_UpperArm">
                      <matrix sid="matrix">0.3946011 0.1446929 0.9073883 0.1824007 -0.3996457 0.9162516 0.0276899 2.98023e-8 -0.8273897 -0.3735603 0.4193796 0 0 0 0 1</matrix>
                      <node id="node-Bip01_L_Forearm" name="Bip01_L_Forearm">
                        <matrix sid="matrix">-0.03384225 0.9994273 0 0.2843689 -0.999427 -0.03384225 -1.19035e-8 1.49012e-8 -4.51691e-8 -1.49012e-8 1 0 0 0 0 1</matrix>
                        <node id="node-Bip01_L_Hand" name="Bip01_L_Hand">
                          <matrix sid="matrix">0.9901575 -0.09484241 -0.1029233 0.2810681 0.1109452 0.08358879 0.9903051 1.19209e-7 -0.08531965 -0.9919768 0.09328838 -2.98023e-8 0 0 0 1</matrix>
                          <node id="node-Bip01_L_Finger0" name="Bip01_L_Finger0">
                            <matrix>0.345179 0.6252524 0.6999363 0.02119675 0.5973265 0.4288768 -0.6776915 -0.004734278 -0.7239147 0.6520153 -0.2254407 -0.02572179 0 0 0 1</matrix>
                            <node id="node-Bip01_L_Finger01" name="Bip01_L_Finger01">
                              <matrix>0.9455186 -0.325568 -1.49012e-8 0.04982859 0.325568 0.9455186 2.98023e-8 0 5.96046e-8 0 1 0 0 0 0 1</matrix>
                              <node id="node-Bip01_L_Finger02" name="Bip01_L_Finger02">
                                <matrix>0.9203137 0.3911815 0 0.05202234 -0.3911815 0.9203135 -2.98023e-8 -5.96046e-8 -1.49012e-8 0 1 -5.96046e-8 0 0 0 1</matrix>
                              </node>
                            </node>
                          </node>
                          <node id="node-Bip01_L_Finger1" name="Bip01_L_Finger1">
                            <matrix>0.9541453 -0.2819769 -0.1004766 0.1199946 0.2718616 0.9567645 -0.1034069 -0.008367598 0.1252908 0.07134953 0.9895512 -0.04101408 0 0 0 1</matrix>
                            <node id="node-Bip01_L_Finger11" name="Bip01_L_Finger11">
                              <matrix>0.9363126 -0.3511682 -1.49012e-8 0.03644177 0.3511683 0.9363126 0 0 -2.98023e-8 0 1 1.19209e-7 0 0 0 1</matrix>
                              <node id="node-Bip01_L_Finger12" name="Bip01_L_Finger12">
                                <matrix>0.7785827 -0.627542 0 0.03117548 0.6275419 0.7785825 -1.49012e-8 -5.96046e-8 5.96046e-8 -4.47035e-8 1 0 0 0 0 1</matrix>
                              </node>
                            </node>
                          </node>
                          <node id="node-Bip01_L_Finger2" name="Bip01_L_Finger2">
                            <matrix>0.7812487 -0.6233676 -0.03260919 0.1229538 0.6235424 0.7769019 0.08728346 -0.008802056 -0.02907555 -0.08852331 0.9956496 -0.01328242 0 0 0 1</matrix>
                            <node id="node-Bip01_L_Finger21" name="Bip01_L_Finger21">
                              <matrix>0.7620707 -0.6474939 0 0.03895518 0.6474938 0.7620705 -3.95812e-9 5.96046e-8 0 0 1 0 0 0 0 1</matrix>
                              <node id="node-Bip01_L_Finger22" name="Bip01_L_Finger22">
                                <matrix>0.9762961 -0.2164396 0 0.03800538 0.2164396 0.976296 7.45058e-9 -2.98023e-8 0 7.45058e-9 1 0 0 0 0 1</matrix>
                              </node>
                            </node>
                          </node>
                          <node id="node-Bip01_L_Finger3" name="Bip01_L_Finger3">
                            <matrix>0.4124631 -0.9064789 -0.09038852 0.121188 0.9061531 0.3980613 0.1429456 -0.001191258 -0.09359701 -0.1408656 0.9855944 0.01196861 0 0 0 1</matrix>
                            <node id="node-Bip01_L_Finger31" name="Bip01_L_Finger31">
                              <matrix>0.9381478 -0.3462351 0 0.03155845 0.3462351 0.9381478 0 0 -2.23517e-8 -1.49012e-8 1 0 0 0 0 1</matrix>
                              <node id="node-Bip01_L_Finger32" name="Bip01_L_Finger32">
                                <matrix>0.9636304 -0.2672384 -3.72529e-9 0.03366598 0.2672384 0.9636304 0 0 1.234e-8 -1.49012e-8 1 0 0 0 0 1</matrix>
                              </node>
                            </node>
                          </node>
                          <node id="node-Bip01_L_Finger4" name="Bip01_L_Finger4">
                            <matrix>0.07120573 -0.9696805 0.2337718 0.1136796 0.9750155 0.1171045 0.1887628 0.005147457 -0.2104155 0.2144902 0.953792 0.0388658 0 0 0 1</matrix>
                            <node id="node-Bip01_L_Finger41" name="Bip01_L_Finger41">
                              <matrix>0.9790111 -0.2038069 0 0.03661619 0.203807 0.9790112 -1.49012e-8 0 -1.58325e-8 -4.47035e-8 0.9999999 -1.19209e-7 0 0 0 1</matrix>
                              <node id="node-Bip01_L_Finger42" name="Bip01_L_Finger42">
                                <matrix>0.9645151 0.2640274 0 0.01772633 -0.2640275 0.9645151 1.49012e-8 5.96046e-8 7.45058e-9 0 0.9999999 1.19209e-7 0 0 0 1</matrix>
                              </node>
                            </node>
                          </node>
                        </node>
                      </node>
                    </node>
                  </node>
                  <node id="node-Bip01_R_Clavicle" name="Bip01_R_Clavicle">
                    <matrix sid="matrix">-0.3137373 -0.4318158 -0.845638 -0.02385318 0.06845212 -0.8985736 0.4334505 -0.01627064 -0.9470391 0.07810396 0.3114749 -0.06807297 0 0 0 1</matrix>
                    <node id="node-Bip01_R_UpperArm" name="Bip01_R_UpperArm">
                      <matrix sid="matrix">0.4105335 0.6548445 -0.6345399 0.1824006 -0.7246461 0.6567005 0.208884 0 0.5534894 0.374063 0.7441281 0 0 0 0 1</matrix>
                      <node id="node-Bip01_R_Forearm" name="Bip01_R_Forearm">
                        <matrix sid="matrix">0.2253535 0.9742771 -2.98023e-8 0.284369 -0.9742773 0.2253534 0 -2.98023e-8 -6.33299e-8 -5.96046e-8 1 0 0 0 0 1</matrix>
                        <node id="node-Bip01_R_Hand" name="Bip01_R_Hand">
                          <matrix sid="matrix">0.9582408 0.2858167 -0.009147521 0.2810681 0.0786624 -0.2942114 -0.9524978 0 -0.274931 0.9120025 -0.3044084 0 0 0 0 1</matrix>
                          <node id="node-Bip01_R_Finger0" name="Bip01_R_Finger0">
                            <matrix>0.4668741 0.3554855 -0.8097275 0.02119678 0.6514514 0.4809566 0.5867639 -0.004734248 0.5980297 -0.801443 -0.007035494 0.02572167 0 0 0 1</matrix>
                            <node id="node-Bip01_R_Finger01" name="Bip01_R_Finger01">
                              <matrix sid="matrix">0.8647894 -0.4978736 0.06527568 0.04982871 0.4938731 0.8668281 0.06854739 -1.19209e-7 -0.0907108 -0.02704118 0.9955101 0 0 0 0 1</matrix>
                              <node id="node-Bip01_R_Finger02" name="Bip01_R_Finger02">
                                <matrix sid="matrix">0.8489718 0.5284383 -3.35276e-8 0.05202234 -0.5284383 0.8489718 1.49012e-8 0 0 1.49012e-8 1 5.96046e-8 0 0 0 1</matrix>
                              </node>
                            </node>
                          </node>
                          <node id="node-Bip01_R_Finger1" name="Bip01_R_Finger1">
                            <matrix>0.9820225 -0.1733427 -0.07472672 0.1199946 0.1795577 0.9799358 0.08651492 -0.008367568 0.05823065 -0.09837735 0.9934441 0.04101384 0 0 0 1</matrix>
                            <node id="node-Bip01_R_Finger11" name="Bip01_R_Finger11">
                              <matrix sid="matrix">0.9425995 -0.3339259 0 0.03644174 0.3339258 0.9425994 0 0 -2.98023e-8 -4.47035e-8 1 1.19209e-7 0 0 0 1</matrix>
                              <node id="node-Bip01_R_Finger12" name="Bip01_R_Finger12">
                                <matrix sid="matrix">0.9832967 -0.1810849 0.01831833 0.03117543 0.181519 0.9830508 -0.02573052 0 -0.01334845 0.02862582 0.9995011 0 0 0 0 1</matrix>
                              </node>
                            </node>
                          </node>
                          <node id="node-Bip01_R_Finger2" name="Bip01_R_Finger2">
                            <matrix sid="matrix">0.95364 -0.3009502 -1.52119e-4 0.1229539 0.3006933 0.9528466 -0.04082684 -0.008802027 0.01243179 0.03888837 0.9991663 0.0132823 0 0 0 1</matrix>
                            <node id="node-Bip01_R_Finger21" name="Bip01_R_Finger21">
                              <matrix sid="matrix">0.9579761 -0.2847231 -0.0348487 0.03895521 0.2827407 0.9577503 -0.05265062 -2.98023e-8 0.04836719 0.04058488 0.9980048 0 0 0 0 1</matrix>
                              <node id="node-Bip01_R_Finger22" name="Bip01_R_Finger22">
                                <matrix sid="matrix">0.9719917 -0.2342561 0.01886611 0.03800535 0.2315868 0.9683846 0.09272984 5.96046e-8 -0.03999217 -0.0857635 0.9955125 0 0 0 0 1</matrix>
                              </node>
                            </node>
                          </node>
                          <node id="node-Bip01_R_Finger3" name="Bip01_R_Finger3">
                            <matrix sid="matrix">0.9425172 -0.3272582 0.06755453 0.1211882 0.3338162 0.9129714 -0.234627 -0.001191258 0.01510825 0.2436908 0.9697353 -0.01196873 0 0 0 1</matrix>
                            <node id="node-Bip01_R_Finger31" name="Bip01_R_Finger31">
                              <matrix sid="matrix">0.6606857 -0.7494742 0.04222351 0.03155851 0.7450768 0.6615803 0.08468727 2.98023e-8 -0.09140518 -0.02449192 0.9955125 1.19209e-7 0 0 0 1</matrix>
                              <node id="node-Bip01_R_Finger32" name="Bip01_R_Finger32">
                                <matrix sid="matrix">0.8335401 -0.5515912 -0.03095102 0.03366593 0.5520073 0.8338155 0.006297078 0 0.02233406 -0.02233405 0.9995011 -1.19209e-7 0 0 0 1</matrix>
                              </node>
                            </node>
                          </node>
                          <node id="node-Bip01_R_Finger4" name="Bip01_R_Finger4">
                            <matrix>0.7372702 -0.6748959 -0.03078973 0.1136797 0.6745099 0.7379035 -0.02312397 0.005147398 0.03832612 -0.003719352 0.9992583 -0.0388658 0 0 0 1</matrix>
                            <node id="node-Bip01_R_Finger41" name="Bip01_R_Finger41">
                              <matrix>0.4202557 -0.9064696 0.0412062 0.03661624 0.9068532 0.421151 0.01578784 -5.96046e-8 -0.03166521 0.03073305 0.9990259 0 0 0 0 1</matrix>
                              <node id="node-Bip01_R_Finger42" name="Bip01_R_Finger42">
                                <matrix>0.4024471 -0.9138247 -0.05441485 0.01772633 0.9154231 0.4021219 0.01728317 0 0.006087594 -0.05676815 0.9983689 0 0 0 0 1</matrix>
                              </node>
                            </node>
                          </node>
                          <node id="node-MOUNT0" name="MOUNT0">
                            <matrix>-6.04428e-7 1 7.45058e-9 0.109539 -1 -6.32135e-7 4.76837e-7 0.02518257 4.69387e-7 -7.45058e-9 1 0.0132165 0 0 0 1</matrix>
                          </node>
                        </node>
                      </node>
                    </node>
                  </node>
                </node>
                <node id="node-Bip01_L_Pauldron_Upper" name="Bip01_L_Pauldron_Upper">
                  <matrix>0.9726136 0.118285 0.2000785 0.1769029 0.1284547 -0.9909647 -0.03858756 -0.03908375 0.1937064 0.06323183 -0.97902 0.2290199 0 0 0 1</matrix>
                </node>
                <node id="node-Bip01_R_Pauldron_Lower" name="Bip01_R_Pauldron_Lower">
                  <matrix>-0.3436331 -0.7757342 -0.5292951 0.1906282 0.7213452 -0.578921 0.3801478 -0.1308314 -0.6013133 -0.2511732 0.7585082 -0.2272985 0 0 0 1</matrix>
                </node>
                <node id="node-Bip01_L_Pauldron_Lower" name="Bip01_L_Pauldron_Lower">
                  <matrix>-0.6963175 -0.3999607 0.5959647 0.1906877 0.2072264 -0.907012 -0.3665883 -0.05679908 0.6871678 -0.1317622 0.7144504 0.2611732 0 0 0 1</matrix>
                </node>
              </node>
            </node>
            <node id="node-Bip01_L_Thigh" name="Bip01_L_Thigh">
              <matrix sid="matrix">-0.7113181 0.7023003 -0.0283039 -0.172358 0.6633335 0.6840768 0.3033609 0.0646038 0.2324125 0.1970111 -0.9524553 0.1253033 0 0 0 1</matrix>
              <node id="node-Bip01_L_Calf" name="Bip01_L_Calf">
                <matrix sid="matrix">0.5122987 0.8588071 -7.45058e-9 0.4629986 -0.8588071 0.5122988 -3.72529e-9 -5.96046e-8 -3.35276e-8 -7.17118e-8 0.9999999 0 0 0 0 1</matrix>
                <node id="node-Bip01_L_Foot" name="Bip01_L_Foot">
                  <matrix sid="matrix">0.8140749 0.576306 -0.07179181 0.3610502 -0.5642482 0.8141302 0.1371718 4.47035e-8 0.1375008 -0.07115965 0.9879423 -1.49012e-8 0 0 0 1</matrix>
                  <node id="node-Bip01_L_Toe0" name="Bip01_L_Toe0">
                    <matrix sid="matrix">4.47035e-7 -1 1.38907e-6 0.1486307 1 4.47035e-7 2.18861e-8 0.1543275 -2.23517e-8 1.38953e-6 1 0 0 0 0 1</matrix>
                  </node>
                </node>
              </node>
            </node>
            <node id="node-Bip01_R_Thigh" name="Bip01_R_Thigh">
              <matrix sid="matrix">-0.9586458 0.271493 0.08538015 -0.2276958 0.2460585 0.9413942 -0.2307213 -0.06759392 -0.1430156 -0.2001715 -0.969267 -0.0855821 0 0 0 1</matrix>
              <node id="node-Bip01_R_Calf" name="Bip01_R_Calf">
                <matrix sid="matrix">0.7818699 0.6234416 -1.49012e-8 0.4629988 -0.6234414 0.7818699 3.91155e-8 1.49012e-8 -2.98023e-8 7.45058e-8 0.9999999 -1.49012e-8 0 0 0 1</matrix>
                <node id="node-Bip01_R_Foot" name="Bip01_R_Foot">
                  <matrix sid="matrix">0.7349802 0.6750681 0.06393217 0.3610502 -0.6771921 0.7355851 0.01803265 -7.45058e-9 -0.03485418 -0.05654804 0.9977911 2.98023e-8 0 0 0 1</matrix>
                  <node id="node-Bip01_R_Toe0" name="Bip01_R_Toe0">
                    <matrix sid="matrix">-0.1805803 -0.9786913 0.09774528 0.1486307 0.9833316 -0.1817874 -0.003513992 0.1543275 0.02120797 0.09548151 0.9952053 1.49012e-8 0 0 0 1</matrix>
                  </node>
                </node>
              </node>
            </node>
          </node>
          <node id="node-Bip01_FannyPack" name="Bip01_FannyPack">
            <matrix>-0.9629918 -0.2062316 0.1735378 0.2299508 -0.2083318 0.9780384 0.006227053 -0.1378937 -0.1710108 -0.03015685 -0.9848076 0.01013963 0 0 0 1</matrix>
          </node>
        </node>
        <node id="node-EYE" name="EYE">
          <matrix sid="matrix">0.7792377 0.6267179 -0.003664042 0.05941326 -0.6267175 0.7792451 0.001428224 0.07234287 0.003750281 0.001183214 0.999992 0.7662561 0 0 0 1</matrix>
          <node id="node-CAM" name="CAM">
            <matrix>1 -6.03104e-8 3.55271e-15 4.84288e-8 6.03104e-8 1 -2.32831e-9 -0.104 -3.55271e-15 2.32832e-9 1 0.3005601 0 0 0 1</matrix>
          </node>
        </node>
      </node>
      <node id="node-Bounds" name="Bounds">
        <matrix>0.9999915 0.001706907 0.003750479 0 -0.001711356 0.9999978 0.001183292 0.1035326 -0.003748452 -0.0011897 0.9999923 -8.93474e-5 0 0 0 1</matrix>
        <instance_geometry url="#geom-Bounds">
          <bind_material>
            <technique_common>
              <instance_material symbol="ShapeBounds" target="#ShapeBounds-material"/>
            </technique_common>
          </bind_material>
        </instance_geometry>
      </node>
    </visual_scene>
  </library_visual_scenes>
  <library_animations>
    <animation>
      <source id="node-Bip01_matrix-input">
        <float_array id="node-Bip01_matrix-input-array" count="61">51.33333 51.36666 51.4 51.43333 51.46667 51.5 51.53333 51.56667 51.6 51.63334 51.66667 51.7 51.73333 51.76667 51.8 51.83333 51.86666 51.9 51.93333 51.96667 52 52.03333 52.06667 52.1 52.13334 52.16667 52.2 52.23333 52.26667 52.3 52.33333 52.36666 52.4 52.43333 52.46667 52.5 52.53333 52.56667 52.6 52.63334 52.66667 52.7 52.73333 52.76667 52.8 52.83333 52.86666 52.9 52.93333 52.96667 53 53.03333 53.06667 53.1 53.13334 53.16667 53.2 53.23333 53.26667 53.3 53.33333</float_array>
        <technique_common>
          <accessor source="#node-Bip01_matrix-input-array" count="61" stride="1">
            <param name="TIME" type="float"/>
          </accessor>
        </technique_common>
      </source>
      <source id="node-Bip01_matrix-output">
        <float_array id="node-Bip01_matrix-output-array" count="976">0.7792375 -0.6267175 0.003750205 -8.10623e-5 0.626718 0.7792453 0.00118339 0.009366631 -0.003663957 0.001428186 0.9999923 0.8041388 0 0 0 1 0.7792375 -0.6267175 0.003750205 -8.10755e-5 0.626718 0.7792453 0.00118339 0.009366631 -0.003663957 0.001428186 0.9999923 0.8070508 0 0 0 1 0.7792375 -0.6267175 0.003750205 -8.11141e-5 0.626718 0.7792453 0.00118339 0.00936675 -0.003663957 0.001428186 0.9999923 0.8102062 0 0 0 1 0.7792375 -0.6267176 0.003750205 -8.11768e-5 0.6267181 0.7792452 0.00118339 0.009366869 -0.003663957 0.001428186 0.9999923 0.8135821 0 0 0 1 0.7792375 -0.6267176 0.003750205 -8.12622e-5 0.6267181 0.7792452 0.00118339 0.009367108 -0.003663957 0.001428186 0.9999923 0.8171553 0 0 0 1 0.7792375 -0.6267175 0.003750205 -8.1369e-5 0.626718 0.7792453 0.00118339 0.009367346 -0.003663957 0.001428186 0.9999923 0.8209031 0 0 0 1 0.7792375 -0.6267176 0.003750205 -8.1496e-5 0.6267181 0.7792452 0.00118339 0.009367644 -0.003663957 0.001428186 0.9999923 0.8248024 0 0 0 1 0.7792375 -0.6267175 0.003750205 -8.16417e-5 0.626718 0.7792453 0.00118339 0.009367942 -0.003663957 0.001428186 0.9999923 0.8288303 0 0 0 1 0.7792375 -0.6267175 0.003750205 -8.18047e-5 0.626718 0.7792453 0.00118339 0.00936836 -0.003663957 0.001428186 0.9999923 0.8329656 0 0 0 1 0.7792375 -0.6267175 0.003750205 -8.19838e-5 0.626718 0.7792453 0.00118339 0.009368777 -0.003663957 0.001428186 0.9999923 0.8371815 0 0 0 1 0.7792375 -0.6267175 0.003750205 -8.21778e-5 0.626718 0.7792453 0.00118339 0.009369194 -0.003663957 0.001428186 0.9999923 0.841457 0 0 0 1 0.7792375 -0.6267176 0.003750205 -8.2385e-5 0.6267181 0.7792452 0.00118339 0.009369671 -0.003663957 0.001428186 0.9999923 0.8457692 0 0 0 1 0.7792375 -0.6267176 0.003750205 -8.26043e-5 0.6267181 0.7792452 0.00118339 0.009370207 -0.003663957 0.001428186 0.9999923 0.8500949 0 0 0 1 0.7792375 -0.6267175 0.003750205 -8.28342e-5 0.626718 0.7792453 0.00118339 0.009370684 -0.003663957 0.001428186 0.9999923 0.8544114 0 0 0 1 0.7792375 -0.6267175 0.003750205 -8.30737e-5 0.626718 0.7792453 0.00118339 0.00937128 -0.003663957 0.001428186 0.9999923 0.8586955 0 0 0 1 0.7792375 -0.6267175 0.003750205 -8.33211e-5 0.626718 0.7792453 0.00118339 0.009371817 -0.003663957 0.001428186 0.9999923 0.8629243 0 0 0 1 0.7792375 -0.6267175 0.003750205 -8.35751e-5 0.626718 0.7792453 0.00118339 0.009372413 -0.003663957 0.001428186 0.9999923 0.8670749 0 0 0 1 0.7792375 -0.6267175 0.003750205 -8.38347e-5 0.626718 0.7792453 0.00118339 0.009373009 -0.003663957 0.001428186 0.9999923 0.8711243 0 0 0 1 0.7792375 -0.6267176 0.003750205 -8.40981e-5 0.6267181 0.7792452 0.00118339 0.009373605 -0.003663957 0.001428186 0.9999923 0.8750492 0 0 0 1 0.7792375 -0.6267175 0.003750205 -8.43642e-5 0.626718 0.7792453 0.00118339 0.00937426 -0.003663957 0.001428186 0.9999923 0.8788272 0 0 0 1 0.7792375 -0.6267175 0.003750205 -8.46316e-5 0.626718 0.7792453 0.00118339 0.009374856 -0.003663957 0.001428186 0.9999923 0.8824349 0 0 0 1 0.7792375 -0.6267175 0.003750205 -8.48993e-5 0.626718 0.7792453 0.00118339 0.009375452 -0.003663957 0.001428186 0.9999923 0.8858495 0 0 0 1 0.7792375 -0.6267175 0.003750205 -8.51654e-5 0.626718 0.7792453 0.00118339 0.009376108 -0.003663957 0.001428186 0.9999923 0.8890479 0 0 0 1 0.7792375 -0.6267175 0.003750205 -8.54288e-5 0.626718 0.7792453 0.00118339 0.009376704 -0.003663957 0.001428186 0.9999923 0.8920071 0 0 0 1 0.7792375 -0.6267175 0.003750205 -8.56882e-5 0.626718 0.7792453 0.00118339 0.0093773 -0.003663957 0.001428186 0.9999923 0.8947057 0 0 0 1 0.7792375 -0.6267175 0.003750205 -8.59424e-5 0.626718 0.7792453 0.00118339 0.009377896 -0.003663957 0.001428186 0.9999923 0.8971177 0 0 0 1 0.7792375 -0.6267175 0.003750205 -8.61898e-5 0.626718 0.7792453 0.00118339 0.009378433 -0.003663957 0.001428186 0.9999923 0.8992217 0 0 0 1 0.7792375 -0.6267175 0.003750205 -8.64291e-5 0.626718 0.7792453 0.00118339 0.009379029 -0.003663957 0.001428186 0.9999923 0.9009947 0 0 0 1 0.7792375 -0.6267175 0.003750205 -8.6659e-5 0.626718 0.7792453 0.00118339 0.009379506 -0.003663957 0.001428186 0.9999923 0.9024137 0 0 0 1 0.7792375 -0.6267175 0.003750205 -8.68785e-5 0.626718 0.7792453 0.00118339 0.009380042 -0.003663957 0.001428186 0.9999923 0.9034556 0 0 0 1 0.7792375 -0.6267175 0.003750205 -8.70857e-5 0.626718 0.7792453 0.00118339 0.009380519 -0.003663957 0.001428186 0.9999923 0.9040976 0 0 0 1 0.7792375 -0.6267175 0.003750205 -8.72795e-5 0.626718 0.7792453 0.00118339 0.009380936 -0.003663957 0.001428186 0.9999923 0.9043168 0 0 0 1 0.7792375 -0.6267175 0.003750205 -8.74588e-5 0.626718 0.7792453 0.00118339 0.009381353 -0.003663957 0.001428186 0.9999923 0.9040658 0 0 0 1 0.7792375 -0.6267175 0.003750205 -8.76218e-5 0.626718 0.7792453 0.00118339 0.009381771 -0.003663957 0.001428186 0.9999923 0.9033316 0 0 0 1 0.7792375 -0.6267175 0.003750205 -8.77674e-5 0.626718 0.7792453 0.00118339 0.009382069 -0.003663957 0.001428186 0.9999923 0.9021427 0 0 0 1 0.7792375 -0.6267175 0.003750205 -8.78943e-5 0.626718 0.7792453 0.00118339 0.009382367 -0.003663957 0.001428186 0.9999923 0.9005277 0 0 0 1 0.7792375 -0.6267175 0.003750205 -8.80013e-5 0.626718 0.7792453 0.00118339 0.009382605 -0.003663957 0.001428186 0.9999923 0.8985139 0 0 0 1 0.7792375 -0.6267175 0.003750205 -8.80867e-5 0.626718 0.7792453 0.00118339 0.009382843 -0.003663957 0.001428186 0.9999923 0.89613 0 0 0 1 0.7792375 -0.6267175 0.003750205 -8.81494e-5 0.626718 0.7792453 0.00118339 0.009382963 -0.003663957 0.001428186 0.9999923 0.8934041 0 0 0 1 0.7792375 -0.6267175 0.003750205 -8.81879e-5 0.626718 0.7792453 0.00118339 0.009383082 -0.003663957 0.001428186 0.9999923 0.8903647 0 0 0 1 0.7792375 -0.6267175 0.003750205 -8.82011e-5 0.626718 0.7792453 0.00118339 0.009383082 -0.003663957 0.001428186 0.9999923 0.8870399 0 0 0 1 0.7792375 -0.6267175 0.003750205 -8.81875e-5 0.626718 0.7792453 0.00118339 0.009383082 -0.003663957 0.001428186 0.9999923 0.8834579 0 0 0 1 0.7792375 -0.6267176 0.003750205 -8.81458e-5 0.6267181 0.7792452 0.00118339 0.009382963 -0.003663957 0.001428186 0.9999923 0.8796489 0 0 0 1 0.7792375 -0.6267175 0.003750205 -8.80747e-5 0.626718 0.7792453 0.00118339 0.009382784 -0.003663957 0.001428186 0.9999923 0.8756377 0 0 0 1 0.7792375 -0.6267175 0.003750205 -8.79726e-5 0.626718 0.7792453 0.00118339 0.009382545 -0.003663957 0.001428186 0.9999923 0.8714541 0 0 0 1 0.7792375 -0.6267175 0.003750205 -8.78386e-5 0.626718 0.7792453 0.00118339 0.009382247 -0.003663957 0.001428186 0.9999923 0.8671264 0 0 0 1 0.7792375 -0.6267175 0.003750205 -8.76711e-5 0.626718 0.7792453 0.00118339 0.00938189 -0.003663957 0.001428186 0.9999923 0.8626828 0 0 0 1 0.7792375 -0.6267175 0.003750205 -8.74686e-5 0.626718 0.7792453 0.00118339 0.009381413 -0.003663957 0.001428186 0.9999923 0.8581518 0 0 0 1 0.7792375 -0.6267176 0.003750205 -8.72302e-5 0.6267181 0.7792452 0.00118339 0.009380877 -0.003663957 0.001428186 0.9999923 0.8535614 0 0 0 1 0.7792375 -0.6267176 0.003750205 -8.69543e-5 0.6267181 0.7792452 0.00118339 0.009380221 -0.003663957 0.001428186 0.9999923 0.84894 0 0 0 1 0.7792375 -0.6267175 0.003750205 -8.66396e-5 0.626718 0.7792453 0.00118339 0.009379506 -0.003663957 0.001428186 0.9999923 0.8443178 0 0 0 1 0.7792375 -0.6267175 0.003750205 -8.62844e-5 0.626718 0.7792453 0.00118339 0.009378671 -0.003663957 0.001428186 0.9999923 0.839719 0 0 0 1 0.7792375 -0.6267175 0.003750205 -8.58881e-5 0.626718 0.7792453 0.00118339 0.009377777 -0.003663957 0.001428186 0.9999923 0.835174 0 0 0 1 0.7792375 -0.6267175 0.003750205 -8.54489e-5 0.626718 0.7792453 0.00118339 0.009376764 -0.003663957 0.001428186 0.9999923 0.8307108 0 0 0 1 0.7792375 -0.6267176 0.003750205 -8.49656e-5 0.6267181 0.7792452 0.00118339 0.009375631 -0.003663957 0.001428186 0.9999923 0.8263579 0 0 0 1 0.7792375 -0.6267175 0.003750205 -8.44363e-5 0.626718 0.7792453 0.00118339 0.00937438 -0.003663957 0.001428186 0.9999923 0.8221434 0 0 0 1 0.7792375 -0.6267176 0.003750205 -8.38607e-5 0.6267181 0.7792452 0.00118339 0.009373068 -0.003663957 0.001428186 0.9999923 0.8180958 0 0 0 1 0.7792375 -0.6267176 0.003750205 -8.32369e-5 0.6267181 0.7792452 0.00118339 0.009371638 -0.003663957 0.001428186 0.9999923 0.8142447 0 0 0 1 0.7792375 -0.6267175 0.003750205 -8.25636e-5 0.626718 0.7792453 0.00118339 0.009370088 -0.003663957 0.001428186 0.9999923 0.8106152 0 0 0 1 0.7792375 -0.6267175 0.003750205 -8.18387e-5 0.626718 0.7792453 0.00118339 0.009368419 -0.003663957 0.001428186 0.9999923 0.8072371 0 0 0 1 0.7792375 -0.6267175 0.003750205 -8.10623e-5 0.626718 0.7792453 0.00118339 0.009366631 -0.003663957 0.001428186 0.9999923 0.8041388 0 0 0 1</float_array>
        <technique_common>
          <accessor source="#node-Bip01_matrix-output-array" count="61" stride="16">
            <param name="TRANSFORM" type="float4x4"/>
          </accessor>
        </technique_common>
      </source>
      <source id="node-Bip01_matrix-interpolation">
        <Name_array id="node-Bip01_matrix-interpolation-array" count="61">LINEAR LINEAR LINEAR LINEAR LINEAR LINEAR LINEAR LINEAR LINEAR LINEAR LINEAR LINEAR LINEAR LINEAR LINEAR LINEAR LINEAR LINEAR LINEAR LINEAR LINEAR LINEAR LINEAR LINEAR LINEAR LINEAR LINEAR LINEAR LINEAR LINEAR LINEAR LINEAR LINEAR LINEAR LINEAR LINEAR LINEAR LINEAR LINEAR LINEAR LINEAR LINEAR LINEAR LINEAR LINEAR LINEAR LINEAR LINEAR LINEAR LINEAR LINEAR LINEAR LINEAR LINEAR LINEAR LINEAR LINEAR LINEAR LINEAR LINEAR LINEAR</Name_array>
        <technique_common>
          <accessor source="#node-Bip01_matrix-interpolation-array" count="61" stride="1">
            <param name="INTERPOLATION" type="name"/>
          </accessor>
        </technique_common>
      </source>
      <source id="node-Bip01_Pelvis_matrix-input">
        <float_array id="node-Bip01_Pelvis_matrix-input-array" count="61">51.33333 51.36666 51.4 51.43333 51.46667 51.5 51.53333 51.56667 51.6 51.63334 51.66667 51.7 51.73333 51.76667 51.8 51.83333 51.86666 51.9 51.93333 51.96667 52 52.03333 52.06667 52.1 52.13334 52.16667 52.2 52.23333 52.26667 52.3 52.33333 52.36666 52.4 52.43333 52.46667 52.5 52.53333 52.56667 52.6 52.63334 52.66667 52.7 52.73333 52.76667 52.8 52.83333 52.86666 52.9 52.93333 52.96667 53 53.03333 53.06667 53.1 53.13334 53.16667 53.2 53.23333 53.26667 53.3 53.33333</float_array>
        <technique_common>
          <accessor source="#node-Bip01_Pelvis_matrix-input-array" count="61" stride="1">
            <param name="TIME" type="float"/>
          </accessor>
        </technique_common>
      </source>
      <source id="node-Bip01_Pelvis_matrix-output">
