<?xml version="1.0" encoding="utf-8"?>
<COLLADA xmlns="http://www.collada.org/2005/11/COLLADASchema" version="1.4.1">
  <asset>
    <contributor>
      <author>MattO</author>
      <authoring_tool>OpenCOLLADA for 3ds Max;  Version: 1.3.0;  Revision: 839M;  Platform: x64;  Configuration: Release_Max2012</authoring_tool>
      <source_data>file:///C:/Dropbox/Prj/GGStout/Turret/TP_ProxMine_PlayerAnims.max</source_data>
    </contributor>
    <created>2011-09-30T17:59:30</created>
    <modified>2011-09-30T17:59:30</modified>
    <unit name="meter" meter="1"/>
    <up_axis>Z_UP</up_axis>
  </asset>
  <library_effects>
    <effect id="ShapeBounds">
      <profile_COMMON>
        <technique sid="common">
          <blinn>
            <emission>
              <color>0 0 0 1</color>
            </emission>
            <ambient>
              <color>0.1647059 1 0 1</color>
            </ambient>
            <diffuse>
              <color>0.1647059 1 0 1</color>
            </diffuse>
            <specular>
              <color>0.9 0.9 0.9 1</color>
            </specular>
            <shininess>
              <float>10</float>
            </shininess>
            <reflective>
              <color>0 0 0 1</color>
            </reflective>
            <transparent opaque="A_ONE">
              <color>1 1 1 1</color>
            </transparent>
            <transparency>
              <float>1</float>
            </transparency>
          </blinn>
        </technique>
      </profile_COMMON>
      <extra>
        <technique profile="OpenCOLLADA3dsMax">
          <extended_shader>
            <apply_reflection_dimming>0</apply_reflection_dimming>
            <dim_level>0</dim_level>
            <falloff_type>0</falloff_type>
            <index_of_refraction>1.5</index_of_refraction>
            <opacity_type>0</opacity_type>
            <reflection_level>3</reflection_level>
            <wire_size>1</wire_size>
            <wire_units>0</wire_units>
          </extended_shader>
          <shader>
            <ambient_diffuse_lock>1</ambient_diffuse_lock>
            <ambient_diffuse_texture_lock>1</ambient_diffuse_texture_lock>
            <diffuse_specular_lock>0</diffuse_specular_lock>
            <soften>0.1</soften>
            <use_self_illum_color>0</use_self_illum_color>
          </shader>
        </technique>
      </extra>
    </effect>
  </library_effects>
  <library_materials>
    <material id="ShapeBounds-material" name="ShapeBounds">
      <instance_effect url="#ShapeBounds"/>
    </material>
  </library_materials>
  <library_geometries>
    <geometry id="geom-Bounds" name="Bounds">
      <mesh>
        <source id="geom-Bounds-positions">
          <float_array id="geom-Bounds-positions-array" count="24">-0.425 -0.425 0 0.425 -0.425 0 -0.425 0.425 0 0.425 0.425 0 -0.425 -0.425 1.84 0.425 -0.425 1.84 -0.425 0.425 1.84 0.425 0.425 1.84</float_array>
          <technique_common>
            <accessor source="#geom-Bounds-positions-array" count="8" stride="3">
              <param name="X" type="float"/>
              <param name="Y" type="float"/>
              <param name="Z" type="float"/>
            </accessor>
          </technique_common>
        </source>
        <source id="geom-Bounds-normals">
          <float_array id="geom-Bounds-normals-array" count="72">0 0 -1 0 0 -1 0 0 -1 0 0 -1 0 0 1 0 0 1 0 0 1 0 0 1 0 -1 0 0 -1 0 0 -1 0 0 -1 0 1 0 0 1 0 0 1 0 0 1 0 0 0 1 0 0 1 0 0 1 0 0 1 0 -1 0 0 -1 0 0 -1 0 0 -1 0 0</float_array>
          <technique_common>
            <accessor source="#geom-Bounds-normals-array" count="24" stride="3">
              <param name="X" type="float"/>
              <param name="Y" type="float"/>
              <param name="Z" type="float"/>
            </accessor>
          </technique_common>
        </source>
        <source id="geom-Bounds-map1">
          <float_array id="geom-Bounds-map1-array" count="36">0 0 0 1 0 0 0 1 0 1 1 0 0 0 0 1 0 0 0 1 0 1 1 0 0 0 0 1 0 0 0 1 0 1 1 0</float_array>
          <technique_common>
            <accessor source="#geom-Bounds-map1-array" count="12" stride="3">
              <param name="S" type="float"/>
              <param name="T" type="float"/>
              <param name="P" type="float"/>
            </accessor>
          </technique_common>
        </source>
        <vertices id="geom-Bounds-vertices">
          <input semantic="POSITION" source="#geom-Bounds-positions"/>
        </vertices>
        <triangles material="ShapeBounds" count="12">
          <input semantic="VERTEX" source="#geom-Bounds-vertices" offset="0"/>
          <input semantic="NORMAL" source="#geom-Bounds-normals" offset="1"/>
          <input semantic="TEXCOORD" source="#geom-Bounds-map1" offset="2" set="0"/>
          <p>0 0 9 2 1 11 3 2 10 3 2 10 1 3 8 0 0 9 4 4 8 5 5 9 7 6 11 7 6 11 6 7 10 4 4 8 0 8 4 1 9 5 5 10 7 5 10 7 4 11 6 0 8 4 1 12 0 3 13 1 7 14 3 7 14 3 5 15 2 1 12 0 3 16 4 2 17 5 6 18 7 6 18 7 7 19 6 3 16 4 2 20 0 0 21 1 4 22 3 4 22 3 6 23 2 2 20 0</p>
        </triangles>
      </mesh>
      <extra>
        <technique profile="OpenCOLLADA3dsMax">
          <max_box>
            <generateuvs>1</generateuvs>
            <height>1.84</height>
            <heightsegments>1</heightsegments>
            <length>0.85</length>
            <lengthsegments>1</lengthsegments>
            <width>0.85</width>
            <widthsegments>1</widthsegments>
          </max_box>
        </technique>
      </extra>
    </geometry>
  </library_geometries>
  <library_lights>
    <light id="EnvironmentAmbientLight" name="EnvironmentAmbientLight">
      <technique_common>
        <ambient>
          <color>0 0 0</color>
        </ambient>
      </technique_common>
    </light>
  </library_lights>
  <library_visual_scenes>
    <visual_scene id="MaxScene">
      <node name="EnvironmentAmbientLight">
        <instance_light url="#EnvironmentAmbientLight"/>
      </node>
      <node id="node-Bip01" name="Bip01">
        <matrix sid="matrix">0.7792375 -0.6267175 0.003750234 -8.88042e-4 0.626718 0.7792453 0.001183394 0.01066377 -0.003664005 0.001428194 0.9999923 0.8582736 0 0 0 1</matrix>
        <node id="node-Bip01_Pelvis" name="Bip01_Pelvis">
          <matrix sid="matrix">0.05275596 0.7394606 -0.6711295 0 -0.108236 0.6723403 0.7322865 0 0.9927244 0.03400788 0.1155062 0 0 0 0 1</matrix>
          <node id="node-Bip01_Spine" name="Bip01_Spine">
            <matrix sid="matrix">0.9805899 -0.1095437 -0.1626138 0.1992103 0.1536226 0.9446021 0.2900467 0.02638035 0.1218326 -0.309398 0.9430957 0.005176768 0 0 0 1</matrix>
            <node id="node-Bip01_Spine1" name="Bip01_Spine1">
              <matrix sid="matrix">0.9940996 -0.1082492 -0.006932089 0.1022409 0.1067967 0.9879402 -0.1121099 -9.98154e-5 0.01898431 0.1107081 0.9936718 -1.11908e-5 0 0 0 1</matrix>
              <node id="node-Bip01_Spine2" name="Bip01_Spine2">
                <matrix>0.983237 -0.177375 0.04222758 0.1268961 0.1810741 0.9770653 -0.1120531 -1.6731e-4 -0.02138369 0.1178211 0.9928047 -2.01687e-5 0 0 0 1</matrix>
                <node id="node-Bip01_Neck" name="Bip01_Neck">
                  <matrix>0.9021776 -0.4308737 0.02058497 0.2151072 0.4312887 0.9018876 -0.02426415 -4.97401e-5 -0.008110587 0.03076864 0.9994937 -1.69128e-6 0 0 0 1</matrix>
                  <node id="node-Bip01_Head" name="Bip01_Head">
                    <matrix sid="matrix">0.8383279 0.5202501 -0.162929 0.07051814 -0.5361001 0.8409863 -0.07306488 -0.01395929 0.0990091 0.1485986 0.9839286 -7.45058e-9 0 0 0 1</matrix>
                    <node id="node-ALTEYE" name="ALTEYE">
                      <matrix>0.02345617 0.2813332 0.9593239 0.06454694 0.04894472 0.9581139 -0.2821751 0.2214611 -0.9985261 0.05357213 0.008703768 0.04716256 0 0 0 1</matrix>
                    </node>
                  </node>
                  <node id="node-Bip01_L_Clavicle" name="Bip01_L_Clavicle">
                    <matrix>-0.3164032 -0.4320402 0.8445294 -0.02496183 0.2105159 -0.9000474 -0.381572 -0.01206517 0.9249713 0.05705629 0.3757294 0.06855242 0 0 0 1</matrix>
                    <node id="node-Bip01_L_UpperArm" name="Bip01_L_UpperArm">
                      <matrix sid="matrix">0.5585135 0.2794625 0.7810013 0.1824007 -0.4061839 0.9130723 -0.03624868 0 -0.7232412 -0.2969849 0.6234763 0 0 0 0 1</matrix>
                      <node id="node-Bip01_L_Forearm" name="Bip01_L_Forearm">
                        <matrix sid="matrix">-0.04544115 0.9989671 -2.98023e-8 0.2843688 -0.9989669 -0.04544113 -2.37487e-8 1.49012e-8 1.53668e-8 0 1 0 0 0 0 1</matrix>
                        <node id="node-Bip01_L_Hand" name="Bip01_L_Hand">
                          <matrix sid="matrix">0.990728 0.06922451 -0.1169012 0.281068 0.1236589 -0.1030855 0.9869558 0 0.05627071 -0.9922606 -0.11069 -5.96046e-8 0 0 0 1</matrix>
                          <node id="node-Bip01_L_Finger0" name="Bip01_L_Finger0">
                            <matrix>0.345179 0.6252524 0.6999362 0.02119678 0.5973265 0.4288768 -0.6776915 -0.004734248 -0.7239147 0.6520153 -0.2254407 -0.02572203 0 0 0 1</matrix>
                            <node id="node-Bip01_L_Finger01" name="Bip01_L_Finger01">
                              <matrix>0.9455187 -0.3255681 0 0.04982859 0.3255681 0.9455187 0 -1.19209e-7 2.98023e-8 -2.98023e-8 1 5.96046e-8 0 0 0 1</matrix>
                              <node id="node-Bip01_L_Finger02" name="Bip01_L_Finger02">
                                <matrix>0.9203135 0.3911815 -3.72529e-8 0.05202228 -0.3911815 0.9203134 2.98023e-8 1.19209e-7 1.49012e-8 1.49012e-8 0.9999999 -5.96046e-8 0 0 0 1</matrix>
                              </node>
                            </node>
                          </node>
                          <node id="node-Bip01_L_Finger1" name="Bip01_L_Finger1">
                            <matrix>0.9541454 -0.2819768 -0.1004766 0.1199947 0.2718616 0.9567645 -0.1034069 -0.008367568 0.1252908 0.0713495 0.9895511 -0.04101384 0 0 0 1</matrix>
                            <node id="node-Bip01_L_Finger11" name="Bip01_L_Finger11">
                              <matrix>0.9363124 -0.3511681 0 0.03644165 0.3511682 0.9363123 0 5.96046e-8 -5.96046e-8 3.72529e-8 0.9999999 0 0 0 0 1</matrix>
                              <node id="node-Bip01_L_Finger12" name="Bip01_L_Finger12">
                                <matrix>0.7785826 -0.627542 0 0.03117546 0.627542 0.7785827 0 -5.96046e-8 0 -2.23517e-8 1 -1.19209e-7 0 0 0 1</matrix>
                              </node>
                            </node>
                          </node>
                          <node id="node-Bip01_L_Finger2" name="Bip01_L_Finger2">
                            <matrix>0.7812487 -0.6233676 -0.0326092 0.1229539 0.6235424 0.7769018 0.08728345 -0.008802027 -0.02907553 -0.08852329 0.9956496 -0.0132823 0 0 0 1</matrix>
                            <node id="node-Bip01_L_Finger21" name="Bip01_L_Finger21">
                              <matrix>0.7620705 -0.6474938 0 0.03895511 0.6474938 0.7620706 4.65661e-9 5.96046e-8 1.49012e-8 1.49012e-8 0.9999999 -1.19209e-7 0 0 0 1</matrix>
                              <node id="node-Bip01_L_Finger22" name="Bip01_L_Finger22">
                                <matrix>0.976296 -0.2164396 0 0.03800535 0.2164396 0.9762958 -1.49012e-8 -5.96046e-8 -1.49012e-8 -2.98023e-8 1 1.19209e-7 0 0 0 1</matrix>
                              </node>
                            </node>
                          </node>
                          <node id="node-Bip01_L_Finger3" name="Bip01_L_Finger3">
                            <matrix>0.4124631 -0.9064788 -0.09038851 0.1211881 0.9061531 0.3980612 0.1429456 -0.001191258 -0.09359701 -0.1408656 0.9855944 0.01196861 0 0 0 1</matrix>
                            <node id="node-Bip01_L_Finger31" name="Bip01_L_Finger31">
                              <matrix>0.9381478 -0.3462351 7.45058e-9 0.03155845 0.3462351 0.9381478 1.49012e-8 0 -1.11759e-8 0 0.9999999 -2.38419e-7 0 0 0 1</matrix>
                              <node id="node-Bip01_L_Finger32" name="Bip01_L_Finger32">
                                <matrix>0.9636304 -0.2672383 -3.72529e-9 0.03366598 0.2672384 0.9636304 0 -2.98023e-8 -4.19095e-9 -1.49012e-8 0.9999999 0 0 0 0 1</matrix>
                              </node>
                            </node>
                          </node>
                          <node id="node-Bip01_L_Finger4" name="Bip01_L_Finger4">
                            <matrix>0.07120573 -0.9696806 0.2337719 0.1136796 0.9750153 0.1171045 0.1887629 0.005147427 -0.2104154 0.2144902 0.953792 0.0388658 0 0 0 1</matrix>
                            <node id="node-Bip01_L_Finger41" name="Bip01_L_Finger41">
                              <matrix>0.9790111 -0.2038069 3.72529e-9 0.03661616 0.203807 0.9790111 1.49012e-8 0 -1.35042e-8 0 1 0 0 0 0 1</matrix>
                              <node id="node-Bip01_L_Finger42" name="Bip01_L_Finger42">
                                <matrix>0.9645152 0.2640275 0 0.01772639 -0.2640275 0.9645152 0 1.19209e-7 7.45058e-9 -1.49012e-8 1 1.19209e-7 0 0 0 1</matrix>
                              </node>
                            </node>
                          </node>
                        </node>
                      </node>
                    </node>
                  </node>
                  <node id="node-Bip01_R_Clavicle" name="Bip01_R_Clavicle">
                    <matrix>-0.3137373 -0.4318158 -0.845638 -0.02385306 0.06845212 -0.8985736 0.4334505 -0.01627076 -0.9470391 0.07810396 0.3114749 -0.06807299 0 0 0 1</matrix>
                    <node id="node-Bip01_R_UpperArm" name="Bip01_R_UpperArm">
                      <matrix sid="matrix">0.3908482 0.6672857 -0.6340089 0.1824006 -0.7379658 0.6388468 0.2174428 0 0.5501312 0.3828899 0.7421262 0 0 0 0 1</matrix>
                      <node id="node-Bip01_R_Forearm" name="Bip01_R_Forearm">
                        <matrix sid="matrix">0.2254209 0.9742616 5.96046e-8 0.284369 -0.9742615 0.225421 7.45058e-9 -5.96046e-8 1.67638e-8 8.9407e-8 1 0 0 0 0 1</matrix>
                        <node id="node-Bip01_R_Hand" name="Bip01_R_Hand">
                          <matrix sid="matrix">0.9546571 0.2976063 0.007754855 0.281068 0.09602555 -0.283164 -0.9542522 -5.96046e-8 -0.2817956 0.9117284 -0.2989024 0 0 0 0 1</matrix>
                          <node id="node-Bip01_R_Finger0" name="Bip01_R_Finger0">
                            <matrix>0.466874 0.3554855 -0.8097274 0.02119684 0.6514513 0.4809565 0.5867638 -0.004734218 0.5980298 -0.801443 -0.007035509 0.02572191 0 0 0 1</matrix>
                            <node id="node-Bip01_R_Finger01" name="Bip01_R_Finger01">
                              <matrix>0.8647896 -0.4978738 0.06527566 0.04982847 0.4938732 0.866828 0.06854739 0 -0.09071077 -0.02704119 0.9955102 0 0 0 0 1</matrix>
                              <node id="node-Bip01_R_Finger02" name="Bip01_R_Finger02">
                                <matrix>0.8489717 0.5284382 7.45058e-9 0.0520224 -0.5284381 0.8489718 0 0 5.96046e-8 2.98023e-8 0.9999999 0 0 0 0 1</matrix>
                              </node>
                            </node>
                          </node>
                          <node id="node-Bip01_R_Finger1" name="Bip01_R_Finger1">
                            <matrix>0.9820224 -0.1733427 -0.07472674 0.1199946 0.1795577 0.9799357 0.08651488 -0.008367479 0.05823066 -0.09837732 0.993444 0.0410136 0 0 0 1</matrix>
                            <node id="node-Bip01_R_Finger11" name="Bip01_R_Finger11">
                              <matrix>0.9425994 -0.3339258 -2.98023e-8 0.03644174 0.3339258 0.9425994 0 0 -2.98023e-8 -1.49012e-8 1 -1.19209e-7 0 0 0 1</matrix>
                              <node id="node-Bip01_R_Finger12" name="Bip01_R_Finger12">
                                <matrix>0.9832968 -0.1810849 0.01831836 0.03117543 0.181519 0.9830507 -0.02573049 -1.19209e-7 -0.01334843 0.02862585 0.999501 1.19209e-7 0 0 0 1</matrix>
                              </node>
                            </node>
                          </node>
                          <node id="node-Bip01_R_Finger2" name="Bip01_R_Finger2">
                            <matrix>0.9536399 -0.3009501 -1.52126e-4 0.1229539 0.3006933 0.9528466 -0.04082684 -0.008802027 0.01243179 0.03888837 0.9991662 0.01328254 0 0 0 1</matrix>
                            <node id="node-Bip01_R_Finger21" name="Bip01_R_Finger21">
                              <matrix>0.957976 -0.2847231 -0.03484871 0.03895509 0.2827407 0.9577503 -0.05265061 2.98023e-8 0.0483672 0.04058488 0.9980047 -2.38419e-7 0 0 0 1</matrix>
                              <node id="node-Bip01_R_Finger22" name="Bip01_R_Finger22">
                                <matrix>0.9719918 -0.234256 0.01886612 0.03800541 0.2315868 0.9683846 0.09272987 0 -0.03999221 -0.08576354 0.9955126 0 0 0 0 1</matrix>
                              </node>
                            </node>
                          </node>
                          <node id="node-Bip01_R_Finger3" name="Bip01_R_Finger3">
                            <matrix>0.9425171 -0.3272582 0.06755453 0.1211882 0.3338162 0.9129713 -0.234627 -0.001191258 0.01510823 0.2436908 0.9697352 -0.01196873 0 0 0 1</matrix>
                            <node id="node-Bip01_R_Finger31" name="Bip01_R_Finger31">
                              <matrix>0.6606857 -0.7494742 0.04222351 0.03155845 0.7450768 0.6615803 0.08468729 5.96046e-8 -0.09140515 -0.0244919 0.9955125 0 0 0 0 1</matrix>
                              <node id="node-Bip01_R_Finger32" name="Bip01_R_Finger32">
                                <matrix>0.8335401 -0.5515912 -0.03095105 0.03366595 0.5520073 0.8338153 0.006297067 0 0.02233402 -0.02233406 0.9995009 0 0 0 0 1</matrix>
                              </node>
                            </node>
                          </node>
                          <node id="node-Bip01_R_Finger4" name="Bip01_R_Finger4">
                            <matrix>0.7372702 -0.6748959 -0.03078973 0.1136798 0.6745099 0.7379034 -0.02312397 0.005147398 0.03832614 -0.003719322 0.9992583 -0.0388658 0 0 0 1</matrix>
                            <node id="node-Bip01_R_Finger41" name="Bip01_R_Finger41">
                              <matrix>0.4202557 -0.9064695 0.04120621 0.03661621 0.9068528 0.4211512 0.01578782 -5.96046e-8 -0.03166524 0.03073303 0.9990259 0 0 0 0 1</matrix>
                              <node id="node-Bip01_R_Finger42" name="Bip01_R_Finger42">
                                <matrix>0.402447 -0.9138247 -0.05441484 0.01772633 0.915423 0.4021219 0.01728318 -5.96046e-8 0.006087594 -0.05676816 0.9983688 -1.19209e-7 0 0 0 1</matrix>
                              </node>
                            </node>
                          </node>
                          <node id="node-MOUNT0" name="MOUNT0">
                            <matrix>-6.22123e-7 1 0 0.109539 -0.9999999 -6.53323e-7 4.76837e-7 0.0251826 4.73112e-7 1.49012e-8 1 0.0132165 0 0 0 1</matrix>
                          </node>
                        </node>
                      </node>
                    </node>
                  </node>
                </node>
                <node id="node-Bip01_L_Pauldron_Upper" name="Bip01_L_Pauldron_Upper">
                  <matrix>0.9726136 0.118285 0.2000785 0.176903 0.1284547 -0.9909647 -0.03858756 -0.03908369 0.1937064 0.06323183 -0.97902 0.2290199 0 0 0 1</matrix>
                </node>
                <node id="node-Bip01_R_Pauldron_Lower" name="Bip01_R_Pauldron_Lower">
                  <matrix sid="matrix">-0.3436331 -0.7757342 -0.5292951 0.1906282 0.7213452 -0.578921 0.3801478 -0.1308313 -0.6013133 -0.2511732 0.7585082 -0.2272985 0 0 0 1</matrix>
                </node>
                <node id="node-Bip01_L_Pauldron_Lower" name="Bip01_L_Pauldron_Lower">
                  <matrix sid="matrix">-0.6963175 -0.3999607 0.5959647 0.1906877 0.2072264 -0.907012 -0.3665883 -0.05679908 0.6871678 -0.1317622 0.7144504 0.2611732 0 0 0 1</matrix>
                </node>
              </node>
            </node>
            <node id="node-Bip01_L_Thigh" name="Bip01_L_Thigh">
              <matrix sid="matrix">-0.9635899 0.2551885 0.07983363 -0.1844951 0.2627076 0.8479514 0.4603948 -0.04093892 0.04979242 0.4646047 -0.8841173 0.1400926 0 0 0 1</matrix>
              <node id="node-Bip01_L_Calf" name="Bip01_L_Calf">
                <matrix sid="matrix">0.6160363 0.787718 3.72529e-9 0.4629988 -0.7877179 0.6160362 2.79397e-9 1.49012e-8 -1.86265e-8 4.09782e-8 1 7.45058e-9 0 0 0 1</matrix>
                <node id="node-Bip01_L_Foot" name="Bip01_L_Foot">
                  <matrix sid="matrix">0.7138789 -0.6967299 0.0703147 0.3610501 0.6967914 0.7167383 0.02770739 0 -0.06970181 0.02921491 0.99714 -1.49012e-8 0 0 0 1</matrix>
                  <node id="node-Bip01_L_Toe0" name="Bip01_L_Toe0">
                    <matrix sid="matrix">7.28993e-7 -1 1.85054e-6 0.1486307 1 7.29458e-7 2.07838e-8 0.1543275 -2.01253e-8 1.85054e-6 1 1.49012e-8 0 0 0 1</matrix>
                  </node>
                </node>
              </node>
            </node>
            <node id="node-Bip01_R_Thigh" name="Bip01_R_Thigh">
              <matrix sid="matrix">-0.5325413 0.846225 0.01741461 -0.2155588 0.8293185 0.5175679 0.2106044 0.03794882 0.1692053 0.1265978 -0.9774164 -0.1003714 0 0 0 1</matrix>
              <node id="node-Bip01_R_Calf" name="Bip01_R_Calf">
                <matrix sid="matrix">0.119518 0.9928322 1.67638e-8 0.4629988 -0.9928318 0.119518 -1.86265e-9 5.96046e-8 0 -5.58794e-8 1 2.98023e-8 0 0 0 1</matrix>
                <node id="node-Bip01_R_Foot" name="Bip01_R_Foot">
                  <matrix sid="matrix">0.7380528 -0.674505 -0.01792585 0.3610502 0.6742154 0.736165 0.05911727 0 -0.02667854 -0.05571753 0.9980901 -2.98023e-8 0 0 0 1</matrix>
                  <node id="node-Bip01_R_Toe0" name="Bip01_R_Toe0">
                    <matrix sid="matrix">-0.3051539 -0.9472734 0.09774532 0.1486307 0.9517195 -0.3069488 -0.003513983 0.1543275 0.03333151 0.09195384 0.9952053 0 0 0 0 1</matrix>
                  </node>
                </node>
              </node>
            </node>
          </node>
          <node id="node-Bip01_FannyPack" name="Bip01_FannyPack">
            <matrix>-0.9629917 -0.2062316 0.1735378 0.2299507 -0.2083318 0.9780383 0.006226959 -0.1378937 -0.1710108 -0.03015688 -0.9848074 0.01013963 0 0 0 1</matrix>
          </node>
        </node>
        <node id="node-EYE" name="EYE">
          <matrix sid="matrix">0.7792377 0.626718 -0.00366393 0.05942752 -0.6267175 0.7792451 0.001428364 0.07074904 0.003750281 0.001183155 0.999992 0.7121231 0 0 0 1</matrix>
          <node id="node-CAM" name="CAM">
            <matrix>1 -6.03104e-8 0 4.84288e-8 6.03104e-8 1 -2.32832e-9 -0.104 0 2.32831e-9 1 0.3005601 0 0 0 1</matrix>
          </node>
        </node>
      </node>
      <node id="node-Bounds" name="Bounds">
        <matrix>0.9999915 0.001706907 0.003750479 0 -0.001711356 0.9999978 0.001183292 0.1035326 -0.003748452 -0.0011897 0.9999923 -8.93474e-5 0 0 0 1</matrix>
        <instance_geometry url="#geom-Bounds">
          <bind_material>
            <technique_common>
              <instance_material symbol="ShapeBounds" target="#ShapeBounds-material"/>
            </technique_common>
          </bind_material>
        </instance_geometry>
      </node>
    </visual_scene>
  </library_visual_scenes>
  <library_animations>
    <animation>
      <source id="node-Bip01_matrix-input">
        <float_array id="node-Bip01_matrix-input-array" count="21">4.666667 4.7 4.733333 4.766667 4.8 4.833333 4.866667 4.9 4.933333 4.966667 5 5.033333 5.066667 5.1 5.133333 5.166667 5.2 5.233333 5.266667 5.3 5.333333</float_array>
        <technique_common>
          <accessor source="#node-Bip01_matrix-input-array" count="21" stride="1">
            <param name="TIME" type="float"/>
          </accessor>
        </technique_common>
      </source>
      <source id="node-Bip01_matrix-output">
        <float_array id="node-Bip01_matrix-output-array" count="336">0.7792375 -0.6267175 0.003750205 -8.88042e-4 0.626718 0.7792453 0.00118339 0.01066374 -0.003663957 0.001428186 0.9999923 0.8582736 0 0 0 1 0.7792375 -0.6267175 0.003750205 -7.73072e-4 0.626718 0.7792453 0.001183331 0.01049584 -0.003663957 0.001428186 0.9999923 0.8651465 0 0 0 1 0.7792375 -0.6267175 0.003750205 -5.07453e-4 0.626718 0.7792453 0.001183331 0.01010781 -0.003663957 0.001428186 0.9999923 0.8702703 0 0 0 1 0.7792375 -0.6267175 0.003750205 -2.10117e-4 0.626718 0.7792453 0.00118339 0.009673535 -0.003663957 0.001428186 0.9999923 0.8722413 0 0 0 1 0.7792375 -0.6267175 0.003750205 0 0.626718 0.7792453 0.00118339 0.009366631 -0.003663957 0.001428186 0.9999923 0.8696557 0 0 0 1 0.7792375 -0.6267175 0.003750205 5.63836e-5 0.626718 0.7792453 0.00118339 0.009284257 -0.003663957 0.001428186 0.9999923 0.8557246 0 0 0 1 0.7792375 -0.6267175 0.003750205 2.81918e-5 0.626718 0.7792453 0.00118339 0.009325444 -0.003663957 0.001428186 0.9999923 0.8345247 0 0 0 1 0.7792375 -0.6267175 0.003750205 0 0.626718 0.7792453 0.00118339 0.009366631 -0.003663957 0.001428186 0.9999923 0.8209517 0 0 0 1 0.7792375 -0.6267175 0.003750205 0 0.626718 0.7792453 0.00118339 0.009366631 -0.003663957 0.001428186 0.9999923 0.8221702 0 0 0 1 0.7792375 -0.6267175 0.003750205 0 0.626718 0.7792453 0.00118339 0.009366631 -0.003663957 0.001428186 0.9999923 0.8310154 0 0 0 1 0.7792375 -0.6267175 0.003750205 0 0.626718 0.7792453 0.00118339 0.009366631 -0.003663957 0.001428186 0.9999923 0.840888 0 0 0 1 0.7792375 -0.6267175 0.003750205 0 0.626718 0.7792453 0.00118339 0.009366631 -0.003663957 0.001428186 0.9999923 0.8528183 0 0 0 1 0.7792375 -0.6267175 0.003750205 0 0.626718 0.7792453 0.00118339 0.009366631 -0.003663957 0.001428186 0.9999923 0.8657761 0 0 0 1 0.7792375 -0.6267175 0.003750205 0 0.626718 0.7792453 0.00118339 0.009366631 -0.003663957 0.001428186 0.9999923 0.8700709 0 0 0 1 0.7792375 -0.6267175 0.003750205 2.5734e-6 0.626718 0.7792453 0.00118339 0.009366631 -0.003663957 0.001428186 0.9999923 0.8563147 0 0 0 1 0.7792375 -0.6267175 0.003750205 5.14681e-6 0.626718 0.7792453 0.00118339 0.009366631 -0.003663957 0.001428186 0.9999923 0.8338956 0 0 0 1 0.7792375 -0.6267175 0.003750205 0 0.626718 0.7792453 0.00118339 0.009366631 -0.003663957 0.001428186 0.9999923 0.8212879 0 0 0 1 0.7792375 -0.6267175 0.003750205 -1.91799e-5 0.626718 0.7792453 0.00118339 0.009366631 -0.003663957 0.001428186 0.9999923 0.825562 0 0 0 1 0.7792375 -0.6267175 0.003750205 -4.63213e-5 0.626718 0.7792453 0.00118339 0.009366631 -0.003663957 0.001428186 0.9999923 0.8373942 0 0 0 1 0.7792375 -0.6267175 0.003750205 -7.05676e-5 0.626718 0.7792453 0.00118339 0.009366631 -0.003663957 0.001428186 0.9999923 0.850667 0 0 0 1 0.7792375 -0.6267175 0.003750205 -8.10623e-5 0.626718 0.7792453 0.00118339 0.009366631 -0.003663957 0.001428186 0.9999923 0.8592638 0 0 0 1</float_array>
        <technique_common>
          <accessor source="#node-Bip01_matrix-output-array" count="21" stride="16">
            <param name="TRANSFORM" type="float4x4"/>
          </accessor>
        </technique_common>
      </source>
      <source id="node-Bip01_matrix-interpolation">
        <Name_array id="node-Bip01_matrix-interpolation-array" count="21">LINEAR LINEAR LINEAR LINEAR LINEAR LINEAR LINEAR LINEAR LINEAR LINEAR LINEAR LINEAR LINEAR LINEAR LINEAR LINEAR LINEAR LINEAR LINEAR LINEAR LINEAR</Name_array>
        <technique_common>
          <accessor source="#node-Bip01_matrix-interpolation-array" count="21" stride="1">
            <param name="INTERPOLATION" type="name"/>
          </accessor>
        </technique_common>
      </source>
      <source id="node-Bip01_Pelvis_matrix-input">
        <float_array id="node-Bip01_Pelvis_matrix-input-array" count="21">4.666667 4.7 4.733333 4.766667 4.8 4.833333 4.866667 4.9 4.933333 4.966667 5 5.033333 5.066667 5.1 5.133333 5.166667 5.2 5.233333 5.266667 5.3 5.333333</float_array>
        <technique_common>
          <accessor source="#node-Bip01_Pelvis_matrix-input-array" count="21" stride="1">
            <param name="TIME" type="float"/>
          </accessor>
        </technique_common>
      </source>
      <source id="node-Bip01_Pelvis_matrix-output">
        <float_array id="node-Bip01_Pelvis_matrix-output-array" count="336">0.05275595 0.7394607 -0.6711295 0 -0.108236 0.6723403 0.7322865 0 0.9927244 0.03400784 0.1155062 0 0 0 0 1 0.03621995 0.6826162 -0.7298789 0 -0.08873015 0.7296702 0.6780179 0 0.995397 0.04020446 0.08699727 0 0 0 0 1 0.006009936 0.6513985 -0.7587121 0 -0.06488066 0.7573812 0.6497418 0 0.9978749 0.04532074 0.04681497 0 0 0 0 1 -0.02865421 0.6353093 -0.7717262 0 -0.03970098 0.7707107 0.6359475 0 0.9988006 0.04886084 0.003138244 0 0 0 0 1 -0.05906873 0.621237 -0.7813934 0 -0.01648026 0.7820466 0.6230021 0 0.9981178 0.04967749 -0.03595632 0 0 0 0 1 -0.07727462 0.5950593 -0.7999582 0 7.10914e-4 0.80239 0.5967997 0 0.9970095 0.04554873 -0.0624274 0 0 0 0 1 -0.07863473 0.5429107 -0.8361009 0 0.01253557 0.8391701 0.5437247 0 0.9968246 0.0322746 -0.0727936 0 0 0 0 1 -0.06730455 0.4756286 -0.8770676 0 0.02185899 0.8795528 0.4752988 0 0.997493 0.01281797 -0.06959462 0 0 0 0 1 -0.04824751 0.4186189 -0.9068795 0 0.02720326 0.9081507 0.4177584 0 0.9984648 -0.004514217 -0.05520385 0 0 0 0 1 -0.02602773 0.4008319 -0.9157819 0 0.02528917 0.9160631 0.4002363 0 0.9993413 -0.01274216 -0.03397977 0 0 0 0 1 0.004438161 0.4473141 -0.8943659 0 0.008756339 0.8943231 0.4473362 0 0.9999518 -0.009816706 5.23482e-5 0 0 0 0 1 0.04138219 0.5348132 -0.8439564 0 -0.02204895 0.844963 0.53437 0 0.9989 -0.003504991 0.04675847 0 0 0 0 1 0.07141894 0.6220905 -0.7796812 0 -0.05706238 0.7829453 0.619468 0 0.9958129 2.48734e-4 0.0914151 0 0 0 0 1 0.0861783 0.6758956 -0.7319417 0 -0.08158844 0.7369951 0.6709557 0 0.9929333 0.001896083 0.1186583 0 0 0 0 1 0.08905237 0.6929121 -0.7155016 0 -0.09246927 0.7210047 0.6867327 0 0.9917253 0.00500667 0.1282803 0 0 0 0 1 0.08765554 0.6936448 -0.714964 0 -0.0984044 0.7202456 0.6867045 0 0.9912785 0.01016211 0.1313912 0 0 0 0 1 0.08315467 0.6863809 -0.7224726 0 -0.1009934 0.7270553 0.6791107 0 0.9914059 0.01649367 0.129778 0 0 0 0 1 0.07649999 0.6792241 -0.7299332 0 -0.1018715 0.733572 0.6719334 0 0.9918517 0.02295649 0.1253118 0 0 0 0 1 0.06862097 0.6805275 -0.7295024 0 -0.1025365 0.7321645 0.6733658 0 0.9923595 0.02859359 0.1200208 0 0 0 0 1 0.0604431 0.6984328 -0.7131187 0 -0.1042832 0.7149338 0.6913716 0 0.9927092 0.03257763 0.1160476 0 0 0 0 1 0.05275595 0.7394607 -0.6711296 0 -0.108236 0.6723403 0.7322865 0 0.9927244 0.03400784 0.1155061 0 0 0 0 1</float_array>
        <technique_common>
          <accessor source="#node-Bip01_Pelvis_matrix-output-array" count="21" stride="16">
            <param name="TRANSFORM" type="float4x4"/>
          </accessor>
        </technique_common>
      </source>
      <source id="node-Bip01_Pelvis_matrix-interpolation">
        <Name_array id="node-Bip01_Pelvis_matrix-interpolation-array" count="21">LINEAR LINEAR LINEAR LINEAR LINEAR LINEAR LINEAR LINEAR LINEAR LINEAR LINEAR LINEAR LINEAR LINEAR LINEAR LINEAR LINEAR LINEAR LINEAR LINEAR LINEAR</Name_array>
        <technique_common>
          <accessor source="#node-Bip01_Pelvis_matrix-interpolation-array" count="21" stride="1">
            <param name="INTERPOLATION" type="name"/>
          </accessor>
        </technique_common>
      </source>
      <source id="node-Bip01_Spine_matrix-input">
        <float_array id="node-Bip01_Spine_matrix-input-array" count="21">4.666667 4.7 4.733333 4.766667 4.8 4.833333 4.866667 4.9 4.933333 4.966667 5 5.033333 5.066667 5.1 5.133333 5.166667 5.2 5.233333 5.266667 5.3 5.333333</float_array>
        <technique_common>
          <accessor source="#node-Bip01_Spine_matrix-input-array" count="21" stride="1">
            <param name="TIME" type="float"/>
          </accessor>
        </technique_common>
      </source>
      <source id="node-Bip01_Spine_matrix-output">
        <float_array id="node-Bip01_Spine_matrix-output-array" count="336">0.9805899 -0.1095437 -0.1626138 0.1992103 0.1536226 0.9446021 0.2900467 0.0263803 0.1218326 -0.309398 0.9430957 0.005176723 0 0 0 1 0.983438 -0.116492 -0.1388505 0.199303 0.1599195 0.9182496 0.362276 0.02610415 0.0852971 -0.3784809 0.9216706 -0.002061545 0 0 0 1 0.9853348 -0.1333888 -0.1064092 0.1989943 0.1648181 0.9054267 0.3912004 0.02629375 0.044164 -0.4030014 0.9141331 -0.01083314 0 0 0 1 0.9857366 -0.1525233 -0.07113295 0.1982575 0.168256 0.9022666 0.3969945 0.02657109 0.003629982 -0.4033007 0.9150603 -0.01988196 0 0 0 1 0.9851058 -0.1673992 -0.03929746 0.1973133 0.1690822 0.9014741 0.3984416 0.02635931 -0.03127318 -0.3991515 0.9163515 -0.02792906 0 0 0 1 0.9846921 -0.1733614 -0.0180974 0.1966082 0.1652087 0.895169 0.4139791 0.02484047 -0.05556774 -0.4106318 0.9101065 -0.03369653 0 0 0 1 0.9859119 -0.1670024 -0.00938183 0.1965349 0.1525953 0.8750533 0.4593432 0.02080929 -0.06850177 -0.4543036 0.8882093 -0.03672039 0 0 0 1 0.9884439 -0.1513372 -0.008694589 0.1969682 0.1337287 0.8435533 0.520129 0.0151444 -0.07138049 -0.515281 0.8540435 -0.03716838 0 0 0 1 0.9911648 -0.1318466 -0.01444494 0.1976675 0.1163969 0.8124266 0.5713272 0.01017618 -0.06359201 -0.5679607 0.8205952 -0.03509026 0 0 0 1 0.9931097 -0.1141084 -0.02669626 0.1984322 0.1077959 0.8001191 0.5900758 0.008064389 -0.04597234 -0.5888877 0.8069064 -0.03109669 0 0 0 1 0.9938166 -0.09680473 -0.05438327 0.1993634 0.1106825 0.8247256 0.5545966 0.00988245 -0.008836209 -0.5571864 0.8303404 -0.02374845 0 0 0 1 0.9921018 -0.08028864 -0.09637445 0.2001357 0.1169112 0.8702719 0.4784964 0.01346516 0.04545414 -0.4859843 0.8727849 -0.01310652 0 0 0 1 0.9879485 -0.07062053 -0.1377329 0.2003193 0.1201405 0.9109228 0.3946974 0.01653277 0.09759026 -0.4064881 0.9084293 -0.002504527 0 0 0 1 0.9843496 -0.06855195 -0.1623463 0.2001382 0.1213795 0.9316166 0.3425746 0.01829135 0.1277603 -0.3569187 0.9253574 0.004190087 0 0 0 1 0.9829716 -0.07050544 -0.169694 0.1999741 0.1246144 0.9344441 0.3335943 0.01936382 0.1350493 -0.34906 0.927318 0.006544172 0 0 0 1 0.9824169 -0.0740478 -0.1713877 0.1998482 0.1300199 0.9301358 0.3434271 0.02041089 0.1339838 -0.3596724 0.9234088 0.0071792 0 0 0 1 0.982313 -0.07903957 -0.1697465 0.1997539 0.1364759 0.9228982 0.3600459 0.02147972 0.1282008 -0.3768441 0.9173619 0.006659328 0 0 0 1 0.9822576 -0.08539187 -0.1669678 0.1996663 0.1429061 0.9173498 0.3715474 0.02257734 0.1214407 -0.3888159 0.9132767 0.005571842 0 0 0 1 0.9820457 -0.09282243 -0.1642254 0.1995585 0.1484897 0.9172982 0.3694792 0.02373522 0.1163477 -0.3872312 0.9146119 0.004528939 0 0 0 1 0.9815587 -0.100959 -0.1623257 0.1994111 0.152453 0.9257284 0.3460997 0.02500492 0.1153275 -0.3644644 0.9240483 0.00417155 0 0 0 1 0.98059 -0.1095437 -0.1626138 0.1992102 0.1536226 0.9446021 0.2900468 0.0263803 0.1218326 -0.3093981 0.9430957 0.005176723 0 0 0 1</float_array>
        <technique_common>
          <accessor source="#node-Bip01_Spine_matrix-output-array" count="21" stride="16">
            <param name="TRANSFORM" type="float4x4"/>
          </accessor>
        </technique_common>
      </source>
      <source id="node-Bip01_Spine_matrix-interpolation">
        <Name_array id="node-Bip01_Spine_matrix-interpolation-array" count="21">LINEAR LINEAR LINEAR LINEAR LINEAR LINEAR LINEAR LINEAR LINEAR LINEAR LINEAR LINEAR LINEAR LINEAR LINEAR LINEAR LINEAR LINEAR LINEAR LINEAR LINEAR</Name_array>
        <technique_common>
          <accessor source="#node-Bip01_Spine_matrix-interpolation-array" count="21" stride="1">
            <param name="INTERPOLATION" type="name"/>
          </accessor>
        </technique_common>
      </source>
      <source id="node-Bip01_Spine1_matrix-input">
        <float_array id="node-Bip01_Spine1_matrix-input-array" count="21">4.666667 4.7 4.733333 4.766667 4.8 4.833333 4.866667 4.9 4.933333 4.966667 5 5.033333 5.066667 5.1 5.133333 5.166667 5.2 5.233333 5.266667 5.3 5.333333</float_array>
        <technique_common>
          <accessor source="#node-Bip01_Spine1_matrix-input-array" count="21" stride="1">
            <param name="TIME" type="float"/>
          </accessor>
        </technique_common>
      </source>
      <source id="node-Bip01_Spine1_matrix-output">
        <float_array id="node-Bip01_Spine1_matrix-output-array" count="336">0.9940996 -0.1082491 -0.006932079 0.1022409 0.1067967 0.9879402 -0.1121099 -9.98154e-5 0.01898425 0.1107081 0.9936718 -1.11908e-5 0 0 0 1 0.9941143 -0.1080517 -0.007829964 0.1022408 0.1063504 0.9871216 -0.1195003 -9.97186e-5 0.02064132 0.1179643 0.9928032 -1.19209e-5 0 0 0 1 0.9941459 -0.1075627 -0.01020389 0.1022405 0.105115 0.9847047 -0.1389496 -9.94727e-5 0.02499359 0.1370636 0.9902469 -1.38432e-5 0 0 0 1 0.9941717 -0.1069494 -0.01357543 0.1022405 0.1032231 0.9806489 -0.16635 -9.90778e-5 0.03110373 0.1639792 0.9859732 -1.65738e-5 0 0 0 1 0.9941744 -0.1063594 -0.01745927 0.1022405 0.1008468 0.9750827 -0.1975951 -9.8519e-5 0.03804033 0.1946832 0.9801283 -1.96733e-5 0 0 0 1 0.9941483 -0.105891 -0.02135956 0.1022404 0.09825128 0.9685419 -0.2286334 -9.78559e-5 0.04489785 0.2251969 0.9732781 -2.27541e-5 0 0 0 1 0.9941019 -0.1055819 -0.02477222 0.1022404 0.09580999 0.9620458 -0.2555155 -9.71854e-5 0.05080986 0.2516351 0.9664874 -2.54139e-5 0 0 0 1 0.994056 -0.1054193 -0.02719032 0.1022404 0.09398472 0.9570094 -0.2744085 -9.66787e-5 0.0549494 0.270222 0.9612287 -2.73064e-5 0 0 0 1 0.9940357 -0.1053699 -0.02810823 0.1022403 0.09327113 0.9550037 -0.2815467 -9.6485e-5 0.05651003 0.2772459 0.9591357 -2.80142e-5 0 0 0 1 0.9940521 -0.1054089 -0.02737563 0.1022402 0.09384155 0.9566086 -0.275851 -9.6634e-5 0.05526489 0.2716412 0.9608104 -2.74479e-5 0 0 0 1 0.9940907 -0.1055343 -0.02541339 0.1022404 0.09533369 0.9607452 -0.2605375 -9.70587e-5 0.05191141 0.2565751 0.9651291 -2.59206e-5 0 0 0 1 0.9941344 -0.1057701 -0.02257633 0.1022404 0.09739905 0.9663083 -0.2382474 -9.76324e-5 0.04701513 0.234651 0.9709422 -2.37152e-5 0 0 0 1 0.9941661 -0.1061326 -0.01922053 0.1022404 0.09970062 0.9722463 -0.211653 -9.8221e-5 0.04115045 0.208502 0.9771558 -2.10702e-5 0 0 0 1 0.9941769 -0.1066111 -0.01570135 0.1022405 0.1019483 0.9777197 -0.1834951 -9.87798e-5 0.03491419 0.1808258 0.9828954 -1.82725e-5 0 0 0 1 0.9941648 -0.1071577 -0.01237046 0.1022405 0.1039176 0.9821819 -0.1565871 -9.92268e-5 0.02892953 0.1543879 0.9875865 -1.55978e-5 0 0 0 1 0.9941387 -0.107688 -0.009573221 0.1022408 0.1054511 0.9853825 -0.1337954 -9.95398e-5 0.02384144 0.1320018 0.9909629 -1.33328e-5 0 0 0 1 0.9941116 -0.1080911 -0.007648527 0.1022406 0.1064416 0.9872913 -0.1180088 -9.97484e-5 0.02030706 0.1164998 0.9929831 -1.17719e-5 0 0 0 1 0.9940996 -0.1082491 -0.006932079 0.1022408 0.1067967 0.9879402 -0.1121099 -9.98154e-5 0.01898425 0.1107081 0.9936718 -1.1187e-5 0 0 0 1 0.9940996 -0.1082491 -0.006932079 0.1022409 0.1067966 0.9879401 -0.1121098 -9.98229e-5 0.01898425 0.110708 0.9936717 -1.11833e-5 0 0 0 1 0.9940996 -0.1082491 -0.006932079 0.1022408 0.1067967 0.9879402 -0.1121099 -9.98229e-5 0.01898425 0.1107081 0.9936718 -1.11833e-5 0 0 0 1 0.9940996 -0.1082491 -0.006932079 0.1022409 0.1067967 0.9879402 -0.1121099 -9.98154e-5 0.01898425 0.1107081 0.9936718 -1.1187e-5 0 0 0 1</float_array>
        <technique_common>
          <accessor source="#node-Bip01_Spine1_matrix-output-array" count="21" stride="16">
            <param name="TRANSFORM" type="float4x4"/>
          </accessor>
        </technique_common>
      </source>
      <source id="node-Bip01_Spine1_matrix-interpolation">
        <Name_array id="node-Bip01_Spine1_matrix-interpolation-array" count="21">LINEAR LINEAR LINEAR LINEAR LINEAR LINEAR LINEAR LINEAR LINEAR LINEAR LINEAR LINEAR LINEAR LINEAR LINEAR LINEAR LINEAR LINEAR LINEAR LINEAR LINEAR</Name_array>
        <technique_common>
          <accessor source="#node-Bip01_Spine1_matrix-interpolation-array" count="21" stride="1">
            <param name="INTERPOLATION" type="name"/>
          </accessor>
        </technique_common>
