<?xml version="1.0" encoding="utf-8"?>
<COLLADA xmlns="http://www.collada.org/2005/11/COLLADASchema" version="1.4.1">
  <asset>
    <contributor>
      <author>MattO</author>
      <authoring_tool>OpenCOLLADA for 3ds Max;  Version: 1.3.0;  Revision: 839M;  Platform: x64;  Configuration: Release_Max2012</authoring_tool>
      <source_data>file:///C:/Dropbox/Prj/GGStout/Turret/TP_Soldier_Turret_Animation_Master.max</source_data>
    </contributor>
    <created>2011-09-30T18:22:25</created>
    <modified>2011-09-30T18:22:25</modified>
    <unit name="meter" meter="1"/>
    <up_axis>Z_UP</up_axis>
  </asset>
  <library_effects>
    <effect id="ShapeBounds">
      <profile_COMMON>
        <technique sid="common">
          <blinn>
            <emission>
              <color>0 0 0 1</color>
            </emission>
            <ambient>
              <color>0.1647059 1 0 1</color>
            </ambient>
            <diffuse>
              <color>0.1647059 1 0 1</color>
            </diffuse>
            <specular>
              <color>0.9 0.9 0.9 1</color>
            </specular>
            <shininess>
              <float>10</float>
            </shininess>
            <reflective>
              <color>0 0 0 1</color>
            </reflective>
            <transparent opaque="A_ONE">
              <color>1 1 1 1</color>
            </transparent>
            <transparency>
              <float>1</float>
            </transparency>
          </blinn>
        </technique>
      </profile_COMMON>
      <extra>
        <technique profile="OpenCOLLADA3dsMax">
          <extended_shader>
            <apply_reflection_dimming>0</apply_reflection_dimming>
            <dim_level>0</dim_level>
            <falloff_type>0</falloff_type>
            <index_of_refraction>1.5</index_of_refraction>
            <opacity_type>0</opacity_type>
            <reflection_level>3</reflection_level>
            <wire_size>1</wire_size>
            <wire_units>0</wire_units>
          </extended_shader>
          <shader>
            <ambient_diffuse_lock>1</ambient_diffuse_lock>
            <ambient_diffuse_texture_lock>1</ambient_diffuse_texture_lock>
            <diffuse_specular_lock>0</diffuse_specular_lock>
            <soften>0.1</soften>
            <use_self_illum_color>0</use_self_illum_color>
          </shader>
        </technique>
      </extra>
    </effect>
  </library_effects>
  <library_materials>
    <material id="ShapeBounds-material" name="ShapeBounds">
      <instance_effect url="#ShapeBounds"/>
    </material>
  </library_materials>
  <library_geometries>
    <geometry id="geom-BOUNDS" name="BOUNDS">
      <mesh>
        <source id="geom-BOUNDS-positions">
          <float_array id="geom-BOUNDS-positions-array" count="24">-0.425 -0.425 0 0.425 -0.425 0 -0.425 0.425 0 0.425 0.425 0 -0.425 -0.425 1.84 0.425 -0.425 1.84 -0.425 0.425 1.84 0.425 0.425 1.84</float_array>
          <technique_common>
            <accessor source="#geom-BOUNDS-positions-array" count="8" stride="3">
              <param name="X" type="float"/>
              <param name="Y" type="float"/>
              <param name="Z" type="float"/>
            </accessor>
          </technique_common>
        </source>
        <source id="geom-BOUNDS-normals">
          <float_array id="geom-BOUNDS-normals-array" count="72">0 0 -1 0 0 -1 0 0 -1 0 0 -1 0 0 1 0 0 1 0 0 1 0 0 1 0 -1 0 0 -1 0 0 -1 0 0 -1 0 1 0 0 1 0 0 1 0 0 1 0 0 0 1 0 0 1 0 0 1 0 0 1 0 -1 0 0 -1 0 0 -1 0 0 -1 0 0</float_array>
          <technique_common>
            <accessor source="#geom-BOUNDS-normals-array" count="24" stride="3">
              <param name="X" type="float"/>
              <param name="Y" type="float"/>
              <param name="Z" type="float"/>
            </accessor>
          </technique_common>
        </source>
        <source id="geom-BOUNDS-map1">
          <float_array id="geom-BOUNDS-map1-array" count="36">0 0 0 1 0 0 0 1 0 1 1 0 0 0 0 1 0 0 0 1 0 1 1 0 0 0 0 1 0 0 0 1 0 1 1 0</float_array>
          <technique_common>
            <accessor source="#geom-BOUNDS-map1-array" count="12" stride="3">
              <param name="S" type="float"/>
              <param name="T" type="float"/>
              <param name="P" type="float"/>
            </accessor>
          </technique_common>
        </source>
        <vertices id="geom-BOUNDS-vertices">
          <input semantic="POSITION" source="#geom-BOUNDS-positions"/>
        </vertices>
        <triangles material="ShapeBounds" count="12">
          <input semantic="VERTEX" source="#geom-BOUNDS-vertices" offset="0"/>
          <input semantic="NORMAL" source="#geom-BOUNDS-normals" offset="1"/>
          <input semantic="TEXCOORD" source="#geom-BOUNDS-map1" offset="2" set="0"/>
          <p>0 0 9 2 1 11 3 2 10 3 2 10 1 3 8 0 0 9 4 4 8 5 5 9 7 6 11 7 6 11 6 7 10 4 4 8 0 8 4 1 9 5 5 10 7 5 10 7 4 11 6 0 8 4 1 12 0 3 13 1 7 14 3 7 14 3 5 15 2 1 12 0 3 16 4 2 17 5 6 18 7 6 18 7 7 19 6 3 16 4 2 20 0 0 21 1 4 22 3 4 22 3 6 23 2 2 20 0</p>
        </triangles>
      </mesh>
      <extra>
        <technique profile="OpenCOLLADA3dsMax">
          <max_box>
            <generateuvs>1</generateuvs>
            <height>1.84</height>
            <heightsegments>1</heightsegments>
            <length>0.85</length>
            <lengthsegments>1</lengthsegments>
            <width>0.85</width>
            <widthsegments>1</widthsegments>
          </max_box>
        </technique>
      </extra>
    </geometry>
  </library_geometries>
  <library_lights>
    <light id="EnvironmentAmbientLight" name="EnvironmentAmbientLight">
      <technique_common>
        <ambient>
          <color>0 0 0</color>
        </ambient>
      </technique_common>
    </light>
  </library_lights>
  <library_visual_scenes>
    <visual_scene id="MaxScene">
      <node name="EnvironmentAmbientLight">
        <instance_light url="#EnvironmentAmbientLight"/>
      </node>
      <node id="node-Bip01" name="Bip01">
        <matrix sid="matrix">0.4236141 -0.9058327 -0.004269939 -8.10623e-5 0.8993581 0.4200139 0.121422 0.009376879 -0.1081946 -0.05527629 0.9925918 0.5656687 0 0 0 1</matrix>
        <node id="node-Bip01_Pelvis" name="Bip01_Pelvis">
          <matrix sid="matrix">0.0730247 0.9929026 0.09387077 0 0.04459646 -0.09727877 0.9942576 0 0.9963326 -0.06841906 -0.0513837 0 0 0 0 1</matrix>
          <node id="node-Bip01_Spine" name="Bip01_Spine">
            <matrix sid="matrix">0.9832352 0.1712159 0.06271923 0.2004459 -0.1607832 0.9763264 -0.1446913 0.01271512 -0.08600786 0.1321813 0.9874872 -0.007750388 0 0 0 1</matrix>
            <node id="node-Bip01_Spine1" name="Bip01_Spine1">
              <matrix>0.9768804 -0.1934979 -0.09090087 0.1022493 0.1920003 0.9810756 -0.02502522 -9.91113e-5 0.09402294 0.006993677 0.9955453 -7.05943e-7 0 0 0 1</matrix>
              <node id="node-Bip01_Spine2" name="Bip01_Spine2">
                <matrix>0.9832346 -0.1803838 0.02667584 0.1268969 0.1810793 0.9831127 -0.02645709 -1.68376e-4 -0.02145293 0.03084394 0.999294 -5.28246e-6 0 0 0 1</matrix>
                <node id="node-Bip01_Neck" name="Bip01_Neck">
                  <matrix>0.9021776 -0.4308736 0.020585 0.2151071 0.4312887 0.9018877 -0.02426413 -4.96805e-5 -0.008110598 0.03076866 0.9994937 -1.69128e-6 0 0 0 1</matrix>
                  <node id="node-Bip01_Head" name="Bip01_Head">
                    <matrix>0.8249742 0.5162327 -0.230046 0.07051826 -0.5614573 0.7951709 -0.2290605 -0.01395923 0.06467739 0.31813 0.9458385 -1.11759e-8 0 0 0 1</matrix>
                    <node id="node-ALTEYE" name="ALTEYE">
                      <matrix>0.4506335 0.3792478 0.8081463 0.06454694 0.04412808 0.8947043 -0.4444741 0.2214611 -0.8916175 0.2359567 0.3864483 0.04716264 0 0 0 1</matrix>
                    </node>
                  </node>
                  <node id="node-Bip01_L_Clavicle" name="Bip01_L_Clavicle">
                    <matrix>-0.5353792 -0.4308232 0.7264712 -0.02496195 0.2256717 -0.9018201 -0.3685006 -0.01206511 0.8139051 -0.03334366 0.5800403 0.06855243 0 0 0 1</matrix>
                    <node id="node-Bip01_L_UpperArm" name="Bip01_L_UpperArm">
                      <matrix sid="matrix">-0.3416623 0.8333479 0.4345087 0.1824006 -0.9203691 -0.3902641 0.02478726 0 0.1902295 -0.3914396 0.9003266 5.96046e-8 0 0 0 1</matrix>
                      <node id="node-Bip01_L_Forearm" name="Bip01_L_Forearm">
                        <matrix sid="matrix">0.8094534 0.587184 -1.39698e-8 0.2843689 -0.5871838 0.8094533 2.98023e-8 0 1.49012e-8 2.98023e-8 0.9999999 0 0 0 0 1</matrix>
                        <node id="node-Bip01_L_Hand" name="Bip01_L_Hand">
                          <matrix sid="matrix">0.8173285 -0.02647978 0.5755634 0.281068 -0.5028646 0.454836 0.735018 5.96046e-8 -0.2812501 -0.8901816 0.3584348 -5.96046e-8 0 0 0 1</matrix>
                          <node id="node-Bip01_L_Finger0" name="Bip01_L_Finger0">
                            <matrix>0.5215105 0.269013 0.8097275 0.02119666 0.7250717 0.3605266 -0.5867639 -0.004734218 -0.4497753 0.8931141 -0.007035494 -0.02572194 0 0 0 1</matrix>
                            <node id="node-Bip01_L_Finger01" name="Bip01_L_Finger01">
                              <matrix>0.6423535 -0.7636236 -0.06527571 0.04982856 0.7605614 0.6456373 -0.06854746 -2.98023e-8 0.09448883 -0.005614486 0.9955101 -1.19209e-7 0 0 0 1</matrix>
                              <node id="node-Bip01_L_Finger02" name="Bip01_L_Finger02">
                                <matrix>0.9505158 -0.3106765 -7.45058e-9 0.0520224 0.3106765 0.9505159 3.72529e-9 2.98023e-8 -2.23517e-8 -1.11759e-8 1 -1.19209e-7 0 0 0 1</matrix>
                              </node>
                            </node>
                          </node>
                          <node id="node-Bip01_L_Finger1" name="Bip01_L_Finger1">
                            <matrix>0.6408504 -0.7640202 0.07472671 0.1199945 0.7674397 0.6352569 -0.08651491 -0.008367598 0.01862846 0.1127913 0.9934441 -0.04101381 0 0 0 1</matrix>
                            <node id="node-Bip01_L_Finger11" name="Bip01_L_Finger11">
                              <matrix>0.8240547 -0.5665102 -4.36557e-9 0.03644171 0.5665103 0.8240548 -7.45058e-9 -1.19209e-7 7.45058e-9 -4.65661e-10 1 -1.19209e-7 0 0 0 1</matrix>
                              <node id="node-Bip01_L_Finger12" name="Bip01_L_Finger12">
                                <matrix>0.8146398 -0.5796778 -0.01831834 0.03117555 0.5799671 0.8142334 0.02573049 1.19209e-7 4.65661e-9 -0.03158513 0.9995012 0 0 0 0 1</matrix>
                              </node>
                            </node>
                          </node>
                          <node id="node-Bip01_L_Finger2" name="Bip01_L_Finger2">
                            <matrix>0.6754014 -0.7374503 1.52126e-4 0.1229538 0.7368313 0.6748429 0.04082685 -0.008802056 -0.03021043 -0.02746244 0.9991663 -0.01328239 0 0 0 1</matrix>
                            <node id="node-Bip01_L_Finger21" name="Bip01_L_Finger21">
                              <matrix>0.5508357 -0.8338858 0.0348487 0.03895518 0.832222 0.551937 0.0526506 -1.19209e-7 -0.06313888 1.49012e-8 0.9980046 -2.98023e-8 0 0 0 1</matrix>
                              <node id="node-Bip01_L_Finger22" name="Bip01_L_Finger22">
                                <matrix>0.1984737 -0.9799247 -0.01886613 0.03800547 0.975527 0.1993683 -0.09272985 0 0.09462956 0 0.9955126 0 0 0 0 1</matrix>
                              </node>
                            </node>
                          </node>
                          <node id="node-Bip01_L_Finger3" name="Bip01_L_Finger3">
                            <matrix>0.7159051 -0.6949216 -0.06755455 0.121188 0.6883786 0.6863562 0.234627 -0.001191258 -0.1166809 -0.2144738 0.9697352 0.0119687 0 0 0 1</matrix>
                            <node id="node-Bip01_L_Finger31" name="Bip01_L_Finger31">
                              <matrix>0.4441952 -0.8949345 -0.0422235 0.03155847 0.8909186 0.4461976 -0.08468726 1.19209e-7 0.09462962 0 0.9955126 5.96046e-8 0 0 0 1</matrix>
                              <node id="node-Bip01_L_Finger32" name="Bip01_L_Finger32">
                                <matrix>0.1993681 -0.9794359 0.03095104 0.03366578 0.9799248 0.1992687 -0.006297089 -5.96046e-8 0 0.0315851 0.9995011 -2.98023e-8 0 0 0 1</matrix>
                              </node>
                            </node>
                          </node>
                          <node id="node-Bip01_L_Finger4" name="Bip01_L_Finger4">
                            <matrix>0.592579 -0.7897951 0.1583476 0.1136795 0.7783523 0.6120424 0.1399001 0.005147457 -0.2074079 0.0403483 0.9774221 0.03886572 0 0 0 1</matrix>
                            <node id="node-Bip01_L_Finger41" name="Bip01_L_Finger41">
                              <matrix>0.4202555 -0.9064697 -0.04120625 0.03661619 0.906853 0.421151 -0.01578782 -1.19209e-7 0.03166521 -0.03073304 0.9990259 1.19209e-7 0 0 0 1</matrix>
                              <node id="node-Bip01_L_Finger42" name="Bip01_L_Finger42">
                                <matrix>0.4024472 -0.9138247 0.05441486 0.01772642 0.9154232 0.4021218 -0.01728317 5.96046e-8 -0.006087609 0.05676817 0.9983689 -5.96046e-8 0 0 0 1</matrix>
                              </node>
                            </node>
                          </node>
                        </node>
                      </node>
                    </node>
                  </node>
                  <node id="node-Bip01_R_Clavicle" name="Bip01_R_Clavicle">
                    <matrix>-0.07751407 -0.3624381 -0.9287788 -0.02385312 0.5681534 -0.7815726 0.2575766 -0.0162707 -0.8192639 -0.5077232 0.2665033 -0.06807299 0 0 0 1</matrix>
                    <node id="node-Bip01_R_UpperArm" name="Bip01_R_UpperArm">
                      <matrix>0.7005729 -0.04837942 -0.7119393 0.1824006 -0.646073 0.3805889 -0.6616209 2.98023e-8 0.302965 0.9234781 0.2353735 -1.19209e-7 0 0 0 1</matrix>
                      <node id="node-Bip01_R_Forearm" name="Bip01_R_Forearm">
                        <matrix>-0.1981755 0.9801664 0 0.2843689 -0.9801666 -0.1981755 2.23517e-8 0 -4.47035e-8 4.47035e-8 0.9999999 0 0 0 0 1</matrix>
                        <node id="node-Bip01_R_Hand" name="Bip01_R_Hand">
                          <matrix>0.8251113 -0.2495067 -0.5068904 0.281068 -0.5635476 -0.299842 -0.7697461 2.98023e-8 0.04006979 0.920783 -0.3880118 2.98023e-8 0 0 0 1</matrix>
                          <node id="node-Bip01_R_Finger0" name="Bip01_R_Finger0">
                            <matrix>0.5215105 0.269013 -0.8097275 0.02119684 0.7250715 0.3605264 0.5867638 -0.004734278 0.4497753 -0.893114 -0.007035524 0.02572191 0 0 0 1</matrix>
                            <node id="node-Bip01_R_Finger01" name="Bip01_R_Finger01">
                              <matrix>0.6423535 -0.7636238 0.06527573 0.04982853 0.7605616 0.6456372 0.06854743 2.98023e-8 -0.09448886 0.005614549 0.9955102 0 0 0 0 1</matrix>
                              <node id="node-Bip01_R_Finger02" name="Bip01_R_Finger02">
                                <matrix>0.9505157 -0.3106765 -2.98023e-8 0.05202246 0.3106766 0.9505157 2.98023e-8 2.98023e-8 0 -2.98023e-8 1 -1.19209e-7 0 0 0 1</matrix>
                              </node>
                            </node>
                          </node>
                          <node id="node-Bip01_R_Finger1" name="Bip01_R_Finger1">
                            <matrix>0.9820225 -0.1733428 -0.0747267 0.1199946 0.1795577 0.9799357 0.08651491 -0.008367598 0.05823067 -0.09837735 0.9934441 0.04101388 0 0 0 1</matrix>
                            <node id="node-Bip01_R_Finger11" name="Bip01_R_Finger11">
                              <matrix>0.8240547 -0.5665102 -1.49012e-8 0.0364418 0.5665102 0.8240547 -1.86265e-8 -5.96046e-8 -2.6077e-8 7.45058e-9 1 -2.98023e-8 0 0 0 1</matrix>
                              <node id="node-Bip01_R_Finger12" name="Bip01_R_Finger12">
                                <matrix>0.8146396 -0.5796778 0.01831834 0.03117549 0.5799671 0.8142333 -0.02573048 0 9.31323e-10 0.0315851 0.9995009 -2.98023e-8 0 0 0 1</matrix>
                              </node>
                            </node>
                          </node>
                          <node id="node-Bip01_R_Finger2" name="Bip01_R_Finger2">
                            <matrix>0.6754013 -0.7374504 -1.52111e-4 0.1229538 0.7368312 0.6748428 -0.04082684 -0.008802056 0.03021044 0.02746242 0.9991662 0.01328245 0 0 0 1</matrix>
                            <node id="node-Bip01_R_Finger21" name="Bip01_R_Finger21">
                              <matrix>0.5508358 -0.8338858 -0.0348487 0.03895512 0.832222 0.551937 -0.05265062 1.19209e-7 0.0631389 -1.49012e-8 0.9980048 0 0 0 0 1</matrix>
                              <node id="node-Bip01_R_Finger22" name="Bip01_R_Finger22">
                                <matrix>0.1984736 -0.9799247 0.01886614 0.03800541 0.9755272 0.1993682 0.09272987 0 -0.09462959 -3.72529e-9 0.9955127 -2.98023e-8 0 0 0 1</matrix>
                              </node>
                            </node>
                          </node>
                          <node id="node-Bip01_R_Finger3" name="Bip01_R_Finger3">
                            <matrix>0.7159052 -0.6949216 0.06755456 0.121188 0.6883786 0.6863561 -0.234627 -0.001191258 0.1166809 0.2144738 0.9697353 -0.01196867 0 0 0 1</matrix>
                            <node id="node-Bip01_R_Finger31" name="Bip01_R_Finger31">
                              <matrix>0.4441953 -0.8949345 0.04222352 0.03155839 0.8909184 0.4461976 0.08468726 0 -0.09462959 1.49012e-8 0.9955125 -2.98023e-8 0 0 0 1</matrix>
                              <node id="node-Bip01_R_Finger32" name="Bip01_R_Finger32">
                                <matrix>0.1993681 -0.9794359 -0.03095103 0.03366601 0.9799248 0.1992686 0.006297067 0 -2.98023e-8 -0.03158509 0.9995012 0 0 0 0 1</matrix>
                              </node>
                            </node>
                          </node>
                          <node id="node-Bip01_R_Finger4" name="Bip01_R_Finger4">
                            <matrix>0.5925791 -0.7897949 -0.1583476 0.1136795 0.7783521 0.6120423 -0.1399001 0.005147368 0.2074078 -0.04034828 0.9774221 -0.03886575 0 0 0 1</matrix>
                            <node id="node-Bip01_R_Finger41" name="Bip01_R_Finger41">
                              <matrix>0.4202556 -0.9064697 0.04120622 0.03661624 0.9068531 0.421151 0.01578784 0 -0.03166524 0.03073303 0.999026 0 0 0 0 1</matrix>
                              <node id="node-Bip01_R_Finger42" name="Bip01_R_Finger42">
                                <matrix>0.402447 -0.9138247 -0.05441486 0.0177263 0.9154231 0.4021218 0.01728317 -5.96046e-8 0.006087605 -0.05676819 0.9983689 -8.9407e-8 0 0 0 1</matrix>
                              </node>
                            </node>
                          </node>
                          <node id="node-MOUNT0" name="MOUNT0">
                            <matrix>-6.25849e-7 1 -1.49012e-7 0.1095392 -0.9999997 -6.48201e-7 4.74975e-7 0.0251826 4.82425e-7 1.49012e-7 0.9999998 0.01321673 0 0 0 1</matrix>
                          </node>
                        </node>
                      </node>
                    </node>
                  </node>
                </node>
                <node id="node-Bip01_L_Pauldron_Upper" name="Bip01_L_Pauldron_Upper">
                  <matrix>0.7291958 -0.2773248 0.625592 0.176903 -0.5504239 -0.7808731 0.2954177 -0.03908372 0.4065811 -0.5597583 -0.7220552 0.2290198 0 0 0 1</matrix>
                </node>
                <node id="node-Bip01_R_Pauldron_Lower" name="Bip01_R_Pauldron_Lower">
                  <matrix>-0.1156735 -0.940376 -0.3198659 0.1729062 0.9097751 -0.2295509 0.3458563 -0.1133294 -0.3986602 -0.2509994 0.8820829 -0.2351095 0 0 0 1</matrix>
                </node>
                <node id="node-Bip01_L_Pauldron_Lower" name="Bip01_L_Pauldron_Lower">
                  <matrix>-0.2099972 -0.76872 0.6041287 0.1529204 0.4002343 -0.6313511 -0.6642357 -0.1054225 0.8920279 0.1023054 0.4402497 0.2344799 0 0 0 1</matrix>
                </node>
              </node>
            </node>
            <node id="node-Bip01_L_Thigh" name="Bip01_L_Thigh">
              <matrix sid="matrix">-0.3709439 0.9243503 -0.08931347 -0.2066727 0.6868316 0.3378081 0.6435432 -0.02885771 0.6250302 0.1773751 -0.760181 0.1228125 0 0 0 1</matrix>
              <node id="node-Bip01_L_Calf" name="Bip01_L_Calf">
                <matrix sid="matrix">-0.4243453 0.9055005 0 0.4629988 -0.9055004 -0.4243453 7.45058e-9 5.96046e-8 7.07805e-8 -1.15484e-7 1 -2.98023e-8 0 0 0 1</matrix>
                <node id="node-Bip01_L_Foot" name="Bip01_L_Foot">
                  <matrix sid="matrix">0.7406538 -0.6601663 -0.1249489 0.3610501 0.6708347 0.736997 0.082559 -3.72529e-8 0.03758438 -0.1449676 0.9887223 1.49012e-8 0 0 0 1</matrix>
                  <node id="node-Bip01_L_Toe0" name="Bip01_L_Toe0">
                    <matrix sid="matrix">6.03497e-7 -1 6.81728e-7 0.1486306 0.9999999 5.96046e-7 -5.97443e-7 0.1543275 5.90459e-7 6.78003e-7 0.9999999 -2.98023e-8 0 0 0 1</matrix>
                  </node>
                </node>
              </node>
            </node>
            <node id="node-Bip01_R_Thigh" name="Bip01_R_Thigh">
              <matrix sid="matrix">-0.7883592 0.372748 0.489437 -0.1847426 0.5624939 0.7589415 0.328037 -0.06256065 -0.2491788 0.5339164 -0.8079872 -0.1289698 0 0 0 1</matrix>
              <node id="node-Bip01_R_Calf" name="Bip01_R_Calf">
                <matrix sid="matrix">-0.6261814 0.7796775 -5.96046e-8 0.4629988 -0.7796774 -0.6261814 0 0 5.96046e-8 1.19209e-7 1 0 0 0 0 1</matrix>
                <node id="node-Bip01_R_Foot" name="Bip01_R_Foot">
                  <matrix sid="matrix">0.7699506 -0.6362297 0.04886622 0.3610501 0.6001047 0.7480062 0.2834806 -2.98023e-8 -0.216911 -0.1889412 0.9577321 0 0 0 0 1</matrix>
                  <node id="node-Bip01_R_Toe0" name="Bip01_R_Toe0">
                    <matrix sid="matrix">-0.4769143 -0.8369299 0.2685164 0.1486306 0.8723611 -0.4880461 0.02823377 0.1543275 0.1074187 0.2477083 0.9628613 -2.98023e-8 0 0 0 1</matrix>
                  </node>
                </node>
              </node>
            </node>
          </node>
          <node id="node-Bip01_FannyPack" name="Bip01_FannyPack">
            <matrix sid="matrix">-0.8322089 -0.4771122 0.2824754 0.2028494 -0.4932148 0.8697605 0.01598521 -0.1504242 -0.2533127 -0.1260175 -0.9591413 -0.008565184 0 0 0 1</matrix>
          </node>
        </node>
        <node id="node-EYE" name="EYE">
          <matrix sid="matrix">0.4236142 0.8993576 -0.1081947 -0.02207595 -0.9058326 0.4200138 -0.05527613 -0.01930884 -0.004269985 0.1214217 0.9925911 1.008622 0 0 0 1</matrix>
          <node id="node-CAM" name="CAM">
            <matrix>1 -6.03104e-8 0 4.86616e-8 6.03104e-8 1 -2.32831e-9 -0.104 0 2.32828e-9 1 0.3005599 0 0 0 1</matrix>
          </node>
        </node>
      </node>
      <node id="node-BOUNDS" name="BOUNDS">
        <matrix>0.9999915 0.001706907 0.003750479 0 -0.001711356 0.9999978 0.001183292 0.1035326 -0.003748451 -0.0011897 0.9999923 -8.93474e-5 0 0 0 1</matrix>
        <instance_geometry url="#geom-BOUNDS">
          <bind_material>
            <technique_common>
              <instance_material symbol="ShapeBounds" target="#ShapeBounds-material"/>
            </technique_common>
          </bind_material>
        </instance_geometry>
      </node>
    </visual_scene>
  </library_visual_scenes>
  <library_animations>
    <animation>
      <source id="node-Bip01_matrix-input">
        <float_array id="node-Bip01_matrix-input-array" count="6">25.66667 25.7 25.73333 25.76667 25.8 25.83333</float_array>
        <technique_common>
          <accessor source="#node-Bip01_matrix-input-array" count="6" stride="1">
            <param name="TIME" type="float"/>
          </accessor>
        </technique_common>
      </source>
      <source id="node-Bip01_matrix-output">
        <float_array id="node-Bip01_matrix-output-array" count="96">0.4236141 -0.9058327 -0.004269897 -8.10623e-5 0.8993581 0.4200139 0.121422 0.009376823 -0.1081946 -0.05527627 0.9925918 0.5656687 0 0 0 1 0.423614 -0.9058327 -0.004269897 -8.10623e-5 0.8993581 0.4200139 0.121422 0.009375751 -0.1081946 -0.05527627 0.9925918 0.5824802 0 0 0 1 0.4236141 -0.9058327 -0.004269897 -8.10623e-5 0.8993581 0.4200139 0.121422 0.009373247 -0.1081946 -0.05527627 0.9925918 0.6390702 0 0 0 1 0.4236141 -0.9058327 -0.004269897 -8.10623e-5 0.8993581 0.4200139 0.121422 0.009370207 -0.1081946 -0.05527627 0.9925918 0.7110988 0 0 0 1 0.423614 -0.9058327 -0.004269897 -8.10623e-5 0.8993581 0.4200139 0.121422 0.009367644 -0.1081946 -0.05527627 0.9925918 0.7742351 0 0 0 1 0.4236141 -0.9058327 -0.004269897 -8.10623e-5 0.8993581 0.4200139 0.121422 0.009366631 -0.1081946 -0.05527627 0.9925918 0.8041388 0 0 0 1</float_array>
        <technique_common>
          <accessor source="#node-Bip01_matrix-output-array" count="6" stride="16">
            <param name="TRANSFORM" type="float4x4"/>
          </accessor>
        </technique_common>
      </source>
      <source id="node-Bip01_matrix-interpolation">
        <Name_array id="node-Bip01_matrix-interpolation-array" count="6">LINEAR LINEAR LINEAR LINEAR LINEAR LINEAR</Name_array>
        <technique_common>
          <accessor source="#node-Bip01_matrix-interpolation-array" count="6" stride="1">
            <param name="INTERPOLATION" type="name"/>
          </accessor>
        </technique_common>
      </source>
      <source id="node-Bip01_Pelvis_matrix-input">
        <float_array id="node-Bip01_Pelvis_matrix-input-array" count="6">25.66667 25.7 25.73333 25.76667 25.8 25.83333</float_array>
        <technique_common>
          <accessor source="#node-Bip01_Pelvis_matrix-input-array" count="6" stride="1">
            <param name="TIME" type="float"/>
          </accessor>
        </technique_common>
      </source>
      <source id="node-Bip01_Pelvis_matrix-output">
        <float_array id="node-Bip01_Pelvis_matrix-output-array" count="96">0.07302469 0.9929026 0.09387075 0 0.04459643 -0.09727877 0.9942576 0 0.9963327 -0.06841903 -0.05138367 0 0 0 0 1 0.04821908 0.9930772 0.1071097 0 -0.007157623 -0.1068881 0.9942453 0 0.9988112 -0.04870826 0.001954019 0 0 0 0 1 0.02567321 0.9927168 0.1177042 0 -0.05278742 -0.1162325 0.9918183 0 0.9982757 -0.03167647 0.04941886 0 0 0 0 1 0.007266223 0.9920793 0.1254029 0 -0.08910882 -0.1242649 0.9882398 0 0.9959955 -0.0183553 0.08750003 0 0 0 0 1 -0.005110681 0.9914851 0.1301206 0 -0.1130819 -0.1298606 0.9850629 0 0.9935725 -0.009679913 0.1127827 0 0 0 0 1 -0.009626746 0.9912359 0.1317526 0 -0.1217414 -0.1319404 0.9837535 0 0.9925152 -0.006569385 0.1219446 0 0 0 0 1</float_array>
        <technique_common>
          <accessor source="#node-Bip01_Pelvis_matrix-output-array" count="6" stride="16">
            <param name="TRANSFORM" type="float4x4"/>
          </accessor>
        </technique_common>
      </source>
      <source id="node-Bip01_Pelvis_matrix-interpolation">
        <Name_array id="node-Bip01_Pelvis_matrix-interpolation-array" count="6">LINEAR LINEAR LINEAR LINEAR LINEAR LINEAR</Name_array>
        <technique_common>
          <accessor source="#node-Bip01_Pelvis_matrix-interpolation-array" count="6" stride="1">
            <param name="INTERPOLATION" type="name"/>
          </accessor>
        </technique_common>
      </source>
      <source id="node-Bip01_Spine_matrix-input">
        <float_array id="node-Bip01_Spine_matrix-input-array" count="6">25.66667 25.7 25.73333 25.76667 25.8 25.83333</float_array>
        <technique_common>
          <accessor source="#node-Bip01_Spine_matrix-input-array" count="6" stride="1">
            <param name="TIME" type="float"/>
          </accessor>
        </technique_common>
      </source>
      <source id="node-Bip01_Spine_matrix-output">
        <float_array id="node-Bip01_Spine_matrix-output-array" count="96">0.9832352 0.1712158 0.06271922 0.2004458 -0.1607831 0.9763264 -0.1446912 0.0127151 -0.08600783 0.1321812 0.9874872 -0.007750332 0 0 0 1 0.9894277 0.1445105 0.01223725 0.2002816 -0.1409366 0.9779884 -0.1538695 0.01664692 -0.03420364 0.1505178 0.9880155 0.003227829 0 0 0 1 0.9922448 0.1200295 -0.03229832 0.1995769 -0.1237114 0.9788701 -0.162816 0.02003079 0.01207315 0.165549 0.9861277 0.01296579 0 0 0 1 0.9926866 0.09990507 -0.06776762 0.1986342 -0.110186 0.9791742 -0.17052 0.022668 0.04932051 0.1767399 0.9830212 0.02075737 0 0 0 1 0.9920867 0.08630669 -0.09118759 0.1978231 -0.1013509 0.9791781 -0.1758931 0.02438074 0.07410812 0.1837431 0.9801767 0.02591985 0 0 0 1 0.9916931 0.08133208 -0.09964913 0.1974926 -0.09817779 0.9791404 -0.1778911 0.02499383 0.08310222 0.1861967 0.9789918 0.02778857 0 0 0 1</float_array>
        <technique_common>
          <accessor source="#node-Bip01_Spine_matrix-output-array" count="6" stride="16">
            <param name="TRANSFORM" type="float4x4"/>
          </accessor>
        </technique_common>
      </source>
      <source id="node-Bip01_Spine_matrix-interpolation">
        <Name_array id="node-Bip01_Spine_matrix-interpolation-array" count="6">LINEAR LINEAR LINEAR LINEAR LINEAR LINEAR</Name_array>
        <technique_common>
          <accessor source="#node-Bip01_Spine_matrix-interpolation-array" count="6" stride="1">
            <param name="INTERPOLATION" type="name"/>
          </accessor>
        </technique_common>
      </source>
      <source id="node-Bip01_L_UpperArm_matrix-input">
        <float_array id="node-Bip01_L_UpperArm_matrix-input-array" count="6">25.66667 25.7 25.73333 25.76667 25.8 25.83333</float_array>
        <technique_common>
          <accessor source="#node-Bip01_L_UpperArm_matrix-input-array" count="6" stride="1">
            <param name="TIME" type="float"/>
          </accessor>
        </technique_common>
      </source>
      <source id="node-Bip01_L_UpperArm_matrix-output">
        <float_array id="node-Bip01_L_UpperArm_matrix-output-array" count="96">-0.3416624 0.8333479 0.4345088 0.1824005 -0.9203692 -0.3902641 0.02478724 0 0.1902294 -0.3914396 0.9003266 0 0 0 0 1 -0.3416107 0.8335453 0.4341711 0.1824005 -0.9203588 -0.3902682 0.02510899 0 0.1903725 -0.3910155 0.9004806 1.78814e-7 0 0 0 1 -0.3415687 0.8337329 0.433844 0.1824005 -0.9203457 -0.3902791 0.0254172 0 0.1905114 -0.3906048 0.9006295 1.19209e-7 0 0 0 1 -0.3415318 0.8339121 0.4335283 0.1824005 -0.9203321 -0.390292 0.02571111 0 0.1906433 -0.3902087 0.9007732 1.19209e-7 0 0 0 1 -0.3415045 0.8340815 0.4332239 0.1824006 -0.9203158 -0.390312 0.0259912 0 0.1907711 -0.3898264 0.9009117 1.19209e-7 0 0 0 1 -0.3414842 0.834242 0.4329305 0.1824006 -0.9202979 -0.3903362 0.02625721 0 0.1908933 -0.3894586 0.9010449 1.19209e-7 0 0 0 1</float_array>
        <technique_common>
          <accessor source="#node-Bip01_L_UpperArm_matrix-output-array" count="6" stride="16">
            <param name="TRANSFORM" type="float4x4"/>
          </accessor>
        </technique_common>
      </source>
      <source id="node-Bip01_L_UpperArm_matrix-interpolation">
        <Name_array id="node-Bip01_L_UpperArm_matrix-interpolation-array" count="6">LINEAR LINEAR LINEAR LINEAR LINEAR LINEAR</Name_array>
        <technique_common>
          <accessor source="#node-Bip01_L_UpperArm_matrix-interpolation-array" count="6" stride="1">
            <param name="INTERPOLATION" type="name"/>
          </accessor>
        </technique_common>
      </source>
      <source id="node-Bip01_L_Forearm_matrix-input">
        <float_array id="node-Bip01_L_Forearm_matrix-input-array" count="6">25.66667 25.7 25.73333 25.76667 25.8 25.83333</float_array>
        <technique_common>
          <accessor source="#node-Bip01_L_Forearm_matrix-input-array" count="6" stride="1">
            <param name="TIME" type="float"/>
          </accessor>
        </technique_common>
      </source>
      <source id="node-Bip01_L_Forearm_matrix-output">
        <float_array id="node-Bip01_L_Forearm_matrix-output-array" count="96">0.8094534 0.587184 0 0.2843689 -0.5871838 0.8094533 0 0 0 0 1 0 0 0 0 1 0.8094987 0.5871221 0 0.284369 -0.5871219 0.8094986 0 0 0 0 1 0 0 0 0 1 0.8095542 0.5870451 0 0.2843689 -0.587045 0.8095542 0 0 0 0 1 0 0 0 0 1 0.8096165 0.5869594 0 0.2843689 -0.5869593 0.8096165 0 0 0 0 1 0 0 0 0 1 0.8096903 0.5868576 0 0.2843689 -0.5868576 0.8096903 0 1.19209e-7 0 0 1 0 0 0 0 1 0.8097721 0.5867446 0 0.2843689 -0.5867445 0.809772 0 1.19209e-7 0 0 1 0 0 0 0 1</float_array>
        <technique_common>
          <accessor source="#node-Bip01_L_Forearm_matrix-output-array" count="6" stride="16">
            <param name="TRANSFORM" type="float4x4"/>
          </accessor>
        </technique_common>
      </source>
      <source id="node-Bip01_L_Forearm_matrix-interpolation">
        <Name_array id="node-Bip01_L_Forearm_matrix-interpolation-array" count="6">LINEAR LINEAR LINEAR LINEAR LINEAR LINEAR</Name_array>
        <technique_common>
          <accessor source="#node-Bip01_L_Forearm_matrix-interpolation-array" count="6" stride="1">
            <param name="INTERPOLATION" type="name"/>
          </accessor>
        </technique_common>
      </source>
      <source id="node-Bip01_L_Hand_matrix-input">
        <float_array id="node-Bip01_L_Hand_matrix-input-array" count="6">25.66667 25.7 25.73333 25.76667 25.8 25.83333</float_array>
        <technique_common>
          <accessor source="#node-Bip01_L_Hand_matrix-input-array" count="6" stride="1">
            <param name="TIME" type="float"/>
          </accessor>
        </technique_common>
      </source>
      <source id="node-Bip01_L_Hand_matrix-output">
        <float_array id="node-Bip01_L_Hand_matrix-output-array" count="96">0.8173285 -0.02647978 0.5755634 0.281068 -0.5028646 0.454836 0.735018 0 -0.2812501 -0.8901816 0.3584348 0 0 0 0 1 0.8173119 -0.02630889 0.5755947 0.2810681 -0.5031194 0.4543139 0.7351664 0 -0.2808421 -0.890453 0.3580797 0 0 0 0 1 0.8172774 -0.02611356 0.5756524 0.2810681 -0.503397 0.4538214 0.7352803 0 -0.2804444 -0.8907098 0.3577525 0 0 0 0 1 0.8172261 -0.02589488 0.5757353 0.2810681 -0.5036959 0.45336 0.7353606 0 -0.2800574 -0.8909513 0.3574544 0 0 0 0 1 0.8171557 -0.02565163 0.575846 0.281068 -0.5040187 0.4529288 0.7354051 0 -0.2796817 -0.8911777 0.3571844 0 0 0 0 1 0.8170678 -0.02538454 0.5759825 0.281068 -0.5043635 0.4525284 0.7354153 1.19209e-7 -0.2793167 -0.8913887 0.3569434 -1.19209e-7 0 0 0 1</float_array>
        <technique_common>
          <accessor source="#node-Bip01_L_Hand_matrix-output-array" count="6" stride="16">
            <param name="TRANSFORM" type="float4x4"/>
          </accessor>
        </technique_common>
      </source>
      <source id="node-Bip01_L_Hand_matrix-interpolation">
        <Name_array id="node-Bip01_L_Hand_matrix-interpolation-array" count="6">LINEAR LINEAR LINEAR LINEAR LINEAR LINEAR</Name_array>
        <technique_common>
          <accessor source="#node-Bip01_L_Hand_matrix-interpolation-array" count="6" stride="1">
            <param name="INTERPOLATION" type="name"/>
          </accessor>
        </technique_common>
      </source>
      <source id="node-Bip01_L_Thigh_matrix-input">
        <float_array id="node-Bip01_L_Thigh_matrix-input-array" count="6">25.66667 25.7 25.73333 25.76667 25.8 25.83333</float_array>
        <technique_common>
          <accessor source="#node-Bip01_L_Thigh_matrix-input-array" count="6" stride="1">
            <param name="TIME" type="float"/>
          </accessor>
        </technique_common>
      </source>
      <source id="node-Bip01_L_Thigh_matrix-output">
        <float_array id="node-Bip01_L_Thigh_matrix-output-array" count="96">-0.3709439 0.9243503 -0.08931344 -0.2066727 0.6868316 0.3378081 0.6435433 -0.0288577 0.6250302 0.1773751 -0.760181 0.1228125 0 0 0 1 -0.4122256 0.9066166 -0.09008961 -0.2000682 0.6707811 0.3689272 0.6433856 -0.02652001 0.6165407 0.2047896 -0.7602227 0.1228799 0 0 0 1 -0.5103729 0.855512 -0.08728384 -0.1941685 0.627759 0.4400138 0.6421109 -0.02460372 0.5877397 0.2729228 -0.7616266 0.1226392 0 0 0 1 -0.6397418 0.7643195 -0.08090567 -0.1894201 0.5541144 0.5316067 0.6405867 -0.02317702 0.532623 0.3649792 -0.7636117 0.1222432 0 0 0 1 -0.7389134 0.6693596 -0.07722991 -0.1862599 0.4780774 0.6015911 0.6399453 -0.02228426 0.4748145 0.4359423 -0.7645295 0.1218805 0 0 0 1 -0.7615922 0.6432213 -0.07901632 -0.1851133 0.4559018 0.6184305 0.6400759 -0.02197146 0.4605766 0.4514532 -0.7642377 0.1217295 0 0 0 1</float_array>
        <technique_common>
          <accessor source="#node-Bip01_L_Thigh_matrix-output-array" count="6" stride="16">
            <param name="TRANSFORM" type="float4x4"/>
          </accessor>
        </technique_common>
      </source>
      <source id="node-Bip01_L_Thigh_matrix-interpolation">
        <Name_array id="node-Bip01_L_Thigh_matrix-interpolation-array" count="6">LINEAR LINEAR LINEAR LINEAR LINEAR LINEAR</Name_array>
        <technique_common>
          <accessor source="#node-Bip01_L_Thigh_matrix-interpolation-array" count="6" stride="1">
            <param name="INTERPOLATION" type="name"/>
          </accessor>
        </technique_common>
      </source>
      <source id="node-Bip01_L_Calf_matrix-input">
        <float_array id="node-Bip01_L_Calf_matrix-input-array" count="6">25.66667 25.7 25.73333 25.76667 25.8 25.83333</float_array>
        <technique_common>
          <accessor source="#node-Bip01_L_Calf_matrix-input-array" count="6" stride="1">
            <param name="TIME" type="float"/>
          </accessor>
        </technique_common>
      </source>
      <source id="node-Bip01_L_Calf_matrix-output">
        <float_array id="node-Bip01_L_Calf_matrix-output-array" count="96">-0.4243453 0.9055005 0 0.4629988 -0.9055004 -0.4243453 0 0 0 0 1 0 0 0 0 1 -0.3681226 0.9297775 0 0.4629988 -0.9297773 -0.3681225 0 0 0 0 1 0 0 0 0 1 -0.1977854 0.9802456 0 0.4629988 -0.9802455 -0.1977856 0 0 0 0 1 0 0 0 0 1 0.0616306 0.9980993 0 0.4629988 -0.998099 0.06163042 0 0 0 0 1 0 0 0 0 1 0.3120187 0.9500759 0 0.4629987 -0.9500758 0.3120188 0 0 0 0 1 0 0 0 0 1 0.403409 0.9150196 0 0.4629986 -0.9150197 0.4034091 0 0 0 0 1 0 0 0 0 1</float_array>
        <technique_common>
          <accessor source="#node-Bip01_L_Calf_matrix-output-array" count="6" stride="16">
            <param name="TRANSFORM" type="float4x4"/>
          </accessor>
        </technique_common>
      </source>
      <source id="node-Bip01_L_Calf_matrix-interpolation">
        <Name_array id="node-Bip01_L_Calf_matrix-interpolation-array" count="6">LINEAR LINEAR LINEAR LINEAR LINEAR LINEAR</Name_array>
        <technique_common>
          <accessor source="#node-Bip01_L_Calf_matrix-interpolation-array" count="6" stride="1">
            <param name="INTERPOLATION" type="name"/>
          </accessor>
        </technique_common>
      </source>
      <source id="node-Bip01_L_Foot_matrix-input">
        <float_array id="node-Bip01_L_Foot_matrix-input-array" count="6">25.66667 25.7 25.73333 25.76667 25.8 25.83333</float_array>
        <technique_common>
          <accessor source="#node-Bip01_L_Foot_matrix-input-array" count="6" stride="1">
            <param name="TIME" type="float"/>
          </accessor>
        </technique_common>
      </source>
      <source id="node-Bip01_L_Foot_matrix-output">
