<?xml version="1.0" encoding="utf-8"?>
<COLLADA xmlns="http://www.collada.org/2005/11/COLLADASchema" version="1.4.1">
  <asset>
    <contributor>
      <author>MattO</author>
      <authoring_tool>OpenCOLLADA for 3ds Max;  Version: 1.3.0;  Revision: 839M;  Platform: x64;  Configuration: Release_Max2012</authoring_tool>
      <source_data>file:///C:/Dropbox/Prj/GGStout/Turret/TP_Soldier_Turret_Animation_Master.max</source_data>
    </contributor>
    <created>2011-09-30T18:22:31</created>
    <modified>2011-09-30T18:22:31</modified>
    <unit name="meter" meter="1"/>
    <up_axis>Z_UP</up_axis>
  </asset>
  <library_effects>
    <effect id="ShapeBounds">
      <profile_COMMON>
        <technique sid="common">
          <blinn>
            <emission>
              <color>0 0 0 1</color>
            </emission>
            <ambient>
              <color>0.1647059 1 0 1</color>
            </ambient>
            <diffuse>
              <color>0.1647059 1 0 1</color>
            </diffuse>
            <specular>
              <color>0.9 0.9 0.9 1</color>
            </specular>
            <shininess>
              <float>10</float>
            </shininess>
            <reflective>
              <color>0 0 0 1</color>
            </reflective>
            <transparent opaque="A_ONE">
              <color>1 1 1 1</color>
            </transparent>
            <transparency>
              <float>1</float>
            </transparency>
          </blinn>
        </technique>
      </profile_COMMON>
      <extra>
        <technique profile="OpenCOLLADA3dsMax">
          <extended_shader>
            <apply_reflection_dimming>0</apply_reflection_dimming>
            <dim_level>0</dim_level>
            <falloff_type>0</falloff_type>
            <index_of_refraction>1.5</index_of_refraction>
            <opacity_type>0</opacity_type>
            <reflection_level>3</reflection_level>
            <wire_size>1</wire_size>
            <wire_units>0</wire_units>
          </extended_shader>
          <shader>
            <ambient_diffuse_lock>1</ambient_diffuse_lock>
            <ambient_diffuse_texture_lock>1</ambient_diffuse_texture_lock>
            <diffuse_specular_lock>0</diffuse_specular_lock>
            <soften>0.1</soften>
            <use_self_illum_color>0</use_self_illum_color>
          </shader>
        </technique>
      </extra>
    </effect>
  </library_effects>
  <library_materials>
    <material id="ShapeBounds-material" name="ShapeBounds">
      <instance_effect url="#ShapeBounds"/>
    </material>
  </library_materials>
  <library_geometries>
    <geometry id="geom-BOUNDS" name="BOUNDS">
      <mesh>
        <source id="geom-BOUNDS-positions">
          <float_array id="geom-BOUNDS-positions-array" count="24">-0.425 -0.425 0 0.425 -0.425 0 -0.425 0.425 0 0.425 0.425 0 -0.425 -0.425 1.84 0.425 -0.425 1.84 -0.425 0.425 1.84 0.425 0.425 1.84</float_array>
          <technique_common>
            <accessor source="#geom-BOUNDS-positions-array" count="8" stride="3">
              <param name="X" type="float"/>
              <param name="Y" type="float"/>
              <param name="Z" type="float"/>
            </accessor>
          </technique_common>
        </source>
        <source id="geom-BOUNDS-normals">
          <float_array id="geom-BOUNDS-normals-array" count="72">0 0 -1 0 0 -1 0 0 -1 0 0 -1 0 0 1 0 0 1 0 0 1 0 0 1 0 -1 0 0 -1 0 0 -1 0 0 -1 0 1 0 0 1 0 0 1 0 0 1 0 0 0 1 0 0 1 0 0 1 0 0 1 0 -1 0 0 -1 0 0 -1 0 0 -1 0 0</float_array>
          <technique_common>
            <accessor source="#geom-BOUNDS-normals-array" count="24" stride="3">
              <param name="X" type="float"/>
              <param name="Y" type="float"/>
              <param name="Z" type="float"/>
            </accessor>
          </technique_common>
        </source>
        <source id="geom-BOUNDS-map1">
          <float_array id="geom-BOUNDS-map1-array" count="36">0 0 0 1 0 0 0 1 0 1 1 0 0 0 0 1 0 0 0 1 0 1 1 0 0 0 0 1 0 0 0 1 0 1 1 0</float_array>
          <technique_common>
            <accessor source="#geom-BOUNDS-map1-array" count="12" stride="3">
              <param name="S" type="float"/>
              <param name="T" type="float"/>
              <param name="P" type="float"/>
            </accessor>
          </technique_common>
        </source>
        <vertices id="geom-BOUNDS-vertices">
          <input semantic="POSITION" source="#geom-BOUNDS-positions"/>
        </vertices>
        <triangles material="ShapeBounds" count="12">
          <input semantic="VERTEX" source="#geom-BOUNDS-vertices" offset="0"/>
          <input semantic="NORMAL" source="#geom-BOUNDS-normals" offset="1"/>
          <input semantic="TEXCOORD" source="#geom-BOUNDS-map1" offset="2" set="0"/>
          <p>0 0 9 2 1 11 3 2 10 3 2 10 1 3 8 0 0 9 4 4 8 5 5 9 7 6 11 7 6 11 6 7 10 4 4 8 0 8 4 1 9 5 5 10 7 5 10 7 4 11 6 0 8 4 1 12 0 3 13 1 7 14 3 7 14 3 5 15 2 1 12 0 3 16 4 2 17 5 6 18 7 6 18 7 7 19 6 3 16 4 2 20 0 0 21 1 4 22 3 4 22 3 6 23 2 2 20 0</p>
        </triangles>
      </mesh>
      <extra>
        <technique profile="OpenCOLLADA3dsMax">
          <max_box>
            <generateuvs>1</generateuvs>
            <height>1.84</height>
            <heightsegments>1</heightsegments>
            <length>0.85</length>
            <lengthsegments>1</lengthsegments>
            <width>0.85</width>
            <widthsegments>1</widthsegments>
          </max_box>
        </technique>
      </extra>
    </geometry>
  </library_geometries>
  <library_lights>
    <light id="EnvironmentAmbientLight" name="EnvironmentAmbientLight">
      <technique_common>
        <ambient>
          <color>0 0 0</color>
        </ambient>
      </technique_common>
    </light>
  </library_lights>
  <library_visual_scenes>
    <visual_scene id="MaxScene">
      <node name="EnvironmentAmbientLight">
        <instance_light url="#EnvironmentAmbientLight"/>
      </node>
      <node id="node-Bip01" name="Bip01">
        <matrix>0.4275097 -0.9029896 -0.04295846 -8.10623e-5 0.8993581 0.4200139 0.1214221 0.009366653 -0.09159968 -0.09054413 0.991671 0.8041388 0 0 0 1</matrix>
        <node id="node-Bip01_Pelvis" name="Bip01_Pelvis">
          <matrix sid="matrix">-0.009626739 0.991236 0.1317526 0 -0.1217413 -0.1319404 0.9837534 0 0.9925153 -0.006569393 0.1219445 0 0 0 0 1</matrix>
          <node id="node-Bip01_Spine" name="Bip01_Spine">
            <matrix sid="matrix">0.9916929 0.08133212 -0.09964906 0.1974927 -0.09817779 0.9791403 -0.177891 0.02499387 0.08310217 0.1861967 0.9789916 0.02778858 0 0 0 1</matrix>
            <node id="node-Bip01_Spine1" name="Bip01_Spine1">
              <matrix sid="matrix">0.9768806 -0.1934979 -0.09090086 0.1022495 0.1920003 0.9810759 -0.02502523 -9.91151e-5 0.09402297 0.0069937 0.9955455 -7.18981e-7 0 0 0 1</matrix>
              <node id="node-Bip01_Spine2" name="Bip01_Spine2">
                <matrix sid="matrix">0.9832345 -0.1803838 0.02667582 0.1268967 0.1810793 0.9831127 -0.02645703 -1.68353e-4 -0.02145292 0.030844 0.9992939 -5.26011e-6 0 0 0 1</matrix>
                <node id="node-Bip01_Neck" name="Bip01_Neck">
                  <matrix>0.9021776 -0.4308736 0.02058499 0.2151072 0.4312888 0.9018877 -0.02426415 -4.97103e-5 -0.008110598 0.03076864 0.9994937 -1.69873e-6 0 0 0 1</matrix>
                  <node id="node-Bip01_Head" name="Bip01_Head">
                    <matrix sid="matrix">0.8249742 0.5162328 -0.230046 0.07051814 -0.5614573 0.7951709 -0.2290605 -0.01395923 0.0646774 0.3181301 0.9458385 -7.45058e-9 0 0 0 1</matrix>
                    <node id="node-ALTEYE" name="ALTEYE">
                      <matrix>0.4506335 0.3792479 0.8081465 0.06454694 0.04412811 0.8947044 -0.4444741 0.2214611 -0.8916176 0.2359568 0.3864483 0.04716265 0 0 0 1</matrix>
                    </node>
                  </node>
                  <node id="node-Bip01_L_Clavicle" name="Bip01_L_Clavicle">
                    <matrix sid="matrix">-0.5354222 -0.4308191 0.726442 -0.02496195 0.2255766 -0.9018174 -0.3685655 -0.01206523 0.8139031 -0.03346981 0.5800358 0.06855243 0 0 0 1</matrix>
                    <node id="node-Bip01_L_UpperArm" name="Bip01_L_UpperArm">
                      <matrix sid="matrix">-0.3564863 0.7596024 0.543987 0.1824006 -0.9236798 -0.3740761 -0.08296172 0 0.1404746 -0.5320446 0.8349823 0 0 0 0 1</matrix>
                      <node id="node-Bip01_L_Forearm" name="Bip01_L_Forearm">
                        <matrix sid="matrix">0.776237 0.6304413 -4.65661e-9 0.2843689 -0.6304412 0.7762371 0 0 0 4.47035e-8 1 0 0 0 0 1</matrix>
                        <node id="node-Bip01_L_Hand" name="Bip01_L_Hand">
                          <matrix sid="matrix">0.843953 -0.1420997 0.5172536 0.281068 -0.3432474 0.5979553 0.7243139 0 -0.4122193 -0.7888327 0.4558708 0 0 0 0 1</matrix>
                          <node id="node-Bip01_L_Finger0" name="Bip01_L_Finger0">
                            <matrix>0.5215105 0.269013 0.8097275 0.02119672 0.7250716 0.3605264 -0.5867638 -0.004734039 -0.4497752 0.893114 -0.007035524 -0.02572185 0 0 0 1</matrix>
                            <node id="node-Bip01_L_Finger01" name="Bip01_L_Finger01">
                              <matrix>0.6423536 -0.7636237 -0.06527571 0.04982859 0.7605616 0.6456374 -0.06854744 -5.96046e-8 0.09448886 -0.005614527 0.9955103 2.38419e-7 0 0 0 1</matrix>
                              <node id="node-Bip01_L_Finger02" name="Bip01_L_Finger02">
                                <matrix>0.9505157 -0.3106765 0 0.05202241 0.3106764 0.9505158 -7.45058e-9 1.19209e-7 0 -1.39698e-8 0.9999999 0 0 0 0 1</matrix>
                              </node>
                            </node>
                          </node>
                          <node id="node-Bip01_L_Finger1" name="Bip01_L_Finger1">
                            <matrix>0.6408501 -0.7640201 0.0747267 0.1199946 0.7674397 0.6352569 -0.08651488 -0.008367419 0.01862848 0.1127913 0.993444 -0.04101384 0 0 0 1</matrix>
                            <node id="node-Bip01_L_Finger11" name="Bip01_L_Finger11">
                              <matrix>0.8240547 -0.5665103 -8.84756e-9 0.03644174 0.5665101 0.8240547 -7.45058e-9 0 -7.45058e-9 -1.86265e-9 1 0 0 0 0 1</matrix>
                              <node id="node-Bip01_L_Finger12" name="Bip01_L_Finger12">
                                <matrix>0.8146398 -0.5796779 -0.01831833 0.03117549 0.5799672 0.8142334 0.02573049 0 7.45058e-9 -0.03158513 0.9995011 5.96046e-8 0 0 0 1</matrix>
                              </node>
                            </node>
                          </node>
                          <node id="node-Bip01_L_Finger2" name="Bip01_L_Finger2">
                            <matrix>0.6754012 -0.7374503 1.52133e-4 0.1229538 0.7368312 0.6748427 0.04082683 -0.008802056 -0.03021043 -0.02746239 0.9991661 -0.01328248 0 0 0 1</matrix>
                            <node id="node-Bip01_L_Finger21" name="Bip01_L_Finger21">
                              <matrix>0.5508358 -0.8338858 0.0348487 0.03895519 0.8322219 0.551937 0.05265062 -1.19209e-7 -0.0631389 7.45058e-9 0.9980048 -8.9407e-8 0 0 0 1</matrix>
                              <node id="node-Bip01_L_Finger22" name="Bip01_L_Finger22">
                                <matrix>0.1984735 -0.9799246 -0.01886611 0.03800535 0.9755274 0.199368 -0.09272985 -1.19209e-7 0.09462958 1.49012e-8 0.9955126 5.96046e-8 0 0 0 1</matrix>
                              </node>
                            </node>
                          </node>
                          <node id="node-Bip01_L_Finger3" name="Bip01_L_Finger3">
                            <matrix>0.7159051 -0.6949215 -0.06755452 0.1211882 0.6883786 0.6863561 0.234627 -0.001191258 -0.1166809 -0.2144738 0.9697352 0.01196867 0 0 0 1</matrix>
                            <node id="node-Bip01_L_Finger31" name="Bip01_L_Finger31">
                              <matrix>0.4441952 -0.8949345 -0.04222352 0.03155847 0.8909186 0.4461977 -0.08468723 0 0.09462959 -2.98023e-8 0.9955126 5.96046e-8 0 0 0 1</matrix>
                              <node id="node-Bip01_L_Finger32" name="Bip01_L_Finger32">
                                <matrix>0.1993681 -0.9794359 0.03095105 0.03366601 0.9799247 0.1992686 -0.006297097 -5.96046e-8 1.49012e-8 0.03158514 0.9995012 2.98023e-8 0 0 0 1</matrix>
                              </node>
                            </node>
                          </node>
                          <node id="node-Bip01_L_Finger4" name="Bip01_L_Finger4">
                            <matrix>0.5925789 -0.7897948 0.1583476 0.1136796 0.7783521 0.6120422 0.1399001 0.005147576 -0.2074078 0.04034831 0.9774221 0.03886577 0 0 0 1</matrix>
                            <node id="node-Bip01_L_Finger41" name="Bip01_L_Finger41">
                              <matrix>0.4202557 -0.9064698 -0.0412062 0.03661622 0.9068531 0.4211511 -0.01578781 -1.19209e-7 0.03166524 -0.03073306 0.9990259 -2.98023e-8 0 0 0 1</matrix>
                              <node id="node-Bip01_L_Finger42" name="Bip01_L_Finger42">
                                <matrix>0.402447 -0.9138246 0.05441482 0.01772618 0.9154233 0.4021218 -0.01728315 0 -0.006087624 0.05676819 0.9983689 2.98023e-8 0 0 0 1</matrix>
                              </node>
                            </node>
                          </node>
                        </node>
                      </node>
                    </node>
                  </node>
                  <node id="node-Bip01_R_Clavicle" name="Bip01_R_Clavicle">
                    <matrix sid="matrix">-0.07751408 -0.3624381 -0.9287789 -0.02385306 0.5681535 -0.7815726 0.2575767 -0.01627076 -0.8192638 -0.5077232 0.2665033 -0.06807297 0 0 0 1</matrix>
                    <node id="node-Bip01_R_UpperArm" name="Bip01_R_UpperArm">
                      <matrix sid="matrix">0.7005728 -0.04837947 -0.7119393 0.1824006 -0.6460729 0.3805888 -0.6616209 -5.96046e-8 0.302965 0.9234781 0.2353736 0 0 0 0 1</matrix>
                      <node id="node-Bip01_R_Forearm" name="Bip01_R_Forearm">
                        <matrix sid="matrix">-0.1981755 0.9801666 1.49012e-8 0.2843688 -0.9801667 -0.1981755 1.49012e-8 0 1.49012e-8 2.98023e-8 1 2.98023e-8 0 0 0 1</matrix>
                        <node id="node-Bip01_R_Hand" name="Bip01_R_Hand">
                          <matrix sid="matrix">0.8251114 -0.2495066 -0.5068903 0.2810681 -0.5635475 -0.299842 -0.7697462 2.98023e-8 0.0400698 0.920783 -0.3880119 0 0 0 0 1</matrix>
                          <node id="node-Bip01_R_Finger0" name="Bip01_R_Finger0">
                            <matrix>0.5215106 0.269013 -0.8097275 0.02119672 0.7250716 0.3605264 0.5867639 -0.004734159 0.4497754 -0.8931141 -0.007035479 0.02572186 0 0 0 1</matrix>
                            <node id="node-Bip01_R_Finger01" name="Bip01_R_Finger01">
                              <matrix>0.6423535 -0.7636237 0.06527561 0.04982853 0.7605616 0.6456372 0.06854742 5.96046e-8 -0.09448877 0.005614489 0.99551 1.19209e-7 0 0 0 1</matrix>
                              <node id="node-Bip01_R_Finger02" name="Bip01_R_Finger02">
                                <matrix>0.9505157 -0.3106764 0 0.05202234 0.3106765 0.9505159 0 0 -5.96046e-8 -2.98023e-8 1 0 0 0 0 1</matrix>
                              </node>
                            </node>
                          </node>
                          <node id="node-Bip01_R_Finger1" name="Bip01_R_Finger1">
                            <matrix>0.9820225 -0.1733428 -0.07472672 0.1199948 0.1795577 0.9799359 0.08651493 -0.008367598 0.05823064 -0.09837735 0.9934441 0.0410139 0 0 0 1</matrix>
                            <node id="node-Bip01_R_Finger11" name="Bip01_R_Finger11">
                              <matrix>0.8240547 -0.5665103 -2.23517e-8 0.03644156 0.5665102 0.8240547 -1.86265e-9 0 -1.49012e-8 7.45058e-9 1 -2.98023e-8 0 0 0 1</matrix>
                              <node id="node-Bip01_R_Finger12" name="Bip01_R_Finger12">
                                <matrix>0.8146398 -0.5796779 0.01831833 0.03117549 0.5799671 0.8142334 -0.0257305 0 5.8877e-8 0.03158513 0.999501 -5.96046e-8 0 0 0 1</matrix>
                              </node>
                            </node>
                          </node>
                          <node id="node-Bip01_R_Finger2" name="Bip01_R_Finger2">
                            <matrix>0.6754013 -0.7374504 -1.52126e-4 0.1229539 0.7368313 0.6748428 -0.04082686 -0.008802116 0.03021042 0.02746242 0.9991663 0.01328245 0 0 0 1</matrix>
                            <node id="node-Bip01_R_Finger21" name="Bip01_R_Finger21">
                              <matrix>0.5508358 -0.8338858 -0.03484869 0.03895503 0.8322219 0.551937 -0.05265062 2.38419e-7 0.06313888 -2.98023e-8 0.9980046 -5.96046e-8 0 0 0 1</matrix>
                              <node id="node-Bip01_R_Finger22" name="Bip01_R_Finger22">
                                <matrix>0.1984735 -0.9799247 0.01886613 0.03800535 0.9755273 0.1993681 0.09272987 0 -0.09462956 -7.45058e-9 0.9955127 0 0 0 0 1</matrix>
                              </node>
                            </node>
                          </node>
                          <node id="node-Bip01_R_Finger3" name="Bip01_R_Finger3">
                            <matrix>0.7159052 -0.6949216 0.06755459 0.1211882 0.6883785 0.6863562 -0.234627 -0.001191258 0.1166809 0.2144738 0.9697353 -0.01196867 0 0 0 1</matrix>
                            <node id="node-Bip01_R_Finger31" name="Bip01_R_Finger31">
                              <matrix>0.4441952 -0.8949345 0.04222349 0.03155845 0.8909186 0.4461976 0.08468729 0 -0.09462958 0 0.9955126 -5.96046e-8 0 0 0 1</matrix>
                              <node id="node-Bip01_R_Finger32" name="Bip01_R_Finger32">
                                <matrix>0.1993681 -0.9794358 -0.03095102 0.03366596 0.9799248 0.1992685 0.006297082 -1.19209e-7 0 -0.03158511 0.9995011 0 0 0 0 1</matrix>
                              </node>
                            </node>
                          </node>
                          <node id="node-Bip01_R_Finger4" name="Bip01_R_Finger4">
                            <matrix>0.5925791 -0.789795 -0.1583476 0.1136795 0.7783522 0.6120424 -0.1399001 0.005147398 0.2074078 -0.0403483 0.9774221 -0.0388658 0 0 0 1</matrix>
                            <node id="node-Bip01_R_Finger41" name="Bip01_R_Finger41">
                              <matrix>0.4202556 -0.9064697 0.04120623 0.0366163 0.9068531 0.421151 0.01578782 -1.19209e-7 -0.03166523 0.03073302 0.9990259 -2.98023e-8 0 0 0 1</matrix>
                              <node id="node-Bip01_R_Finger42" name="Bip01_R_Finger42">
                                <matrix>0.4024471 -0.9138246 -0.05441485 0.01772642 0.9154232 0.4021218 0.01728316 -1.19209e-7 0.006087631 -0.05676818 0.9983689 -2.98023e-8 0 0 0 1</matrix>
                              </node>
                            </node>
                          </node>
                          <node id="node-MOUNT0" name="MOUNT0">
                            <matrix>-7.30157e-7 1 -1.19209e-7 0.1095392 -0.9999999 -7.89762e-7 4.60073e-7 0.0251826 4.82425e-7 1.49012e-7 0.9999999 0.01321673 0 0 0 1</matrix>
                          </node>
                        </node>
                      </node>
                    </node>
                  </node>
                </node>
                <node id="node-Bip01_L_Pauldron_Upper" name="Bip01_L_Pauldron_Upper">
                  <matrix sid="matrix">0.729197 -0.2773261 0.6255901 0.2167909 -0.5504751 -0.7808026 0.2955092 -0.05140215 0.4065098 -0.5598562 -0.7220195 0.2310461 0 0 0 1</matrix>
                </node>
                <node id="node-Bip01_R_Pauldron_Lower" name="Bip01_R_Pauldron_Lower">
                  <matrix sid="matrix">-0.2772104 -0.9060032 -0.319866 0.1729062 0.8560929 -0.3840443 0.345856 -0.1133294 -0.4361892 -0.17796 0.8820831 -0.2351095 0 0 0 1</matrix>
                </node>
                <node id="node-Bip01_L_Pauldron_Lower" name="Bip01_L_Pauldron_Lower">
                  <matrix sid="matrix">-0.3015729 -0.9289848 0.2145742 0.1529204 0.6634325 -0.3660942 -0.6525588 -0.1054225 0.6847711 -0.05443853 0.726722 0.2344799 0 0 0 1</matrix>
                </node>
              </node>
            </node>
            <node id="node-Bip01_L_Thigh" name="Bip01_L_Thigh">
              <matrix sid="matrix">-0.6483015 0.7584795 -0.06643833 -0.1851133 0.6778259 0.6146961 0.4033618 -0.02197147 0.346781 0.2164665 -0.9126256 0.1217295 0 0 0 1</matrix>
              <node id="node-Bip01_L_Calf" name="Bip01_L_Calf">
                <matrix sid="matrix">0.4231255 0.9060712 -3.25963e-9 0.4629988 -0.9060711 0.4231256 4.65661e-10 -5.96046e-8 -3.25963e-9 -5.12227e-9 1 0 0 0 0 1</matrix>
                <node id="node-Bip01_L_Foot" name="Bip01_L_Foot">
                  <matrix sid="matrix">0.961379 -0.2752251 -0.001316667 0.3610501 0.2752278 0.9613587 0.00623447 -2.98023e-8 -4.50091e-4 -0.006356037 0.9999797 -7.45058e-9 0 0 0 1</matrix>
                  <node id="node-Bip01_L_Toe0" name="Bip01_L_Toe0">
                    <matrix>3.44589e-7 -0.9999999 1.08918e-6 0.1486306 0.9999999 3.44589e-7 -5.28831e-7 0.1543274 5.27005e-7 1.08872e-6 0.9999999 0 0 0 0 1</matrix>
                  </node>
                </node>
              </node>
            </node>
            <node id="node-Bip01_R_Thigh" name="Bip01_R_Thigh">
              <matrix sid="matrix">-0.9799 -0.08857328 0.1787481 -0.2063017 -0.06145138 0.9864774 0.1519419 -0.06944689 -0.1897889 0.1379035 -0.9720922 -0.1278868 0 0 0 1</matrix>
              <node id="node-Bip01_R_Calf" name="Bip01_R_Calf">
                <matrix>0.5395209 0.8419723 -1.49012e-8 0.4629988 -0.8419723 0.5395209 -1.67638e-8 0 1.49012e-8 1.49012e-8 0.9999999 0 0 0 0 1</matrix>
                <node id="node-Bip01_R_Foot" name="Bip01_R_Foot">
                  <matrix sid="matrix">0.6743538 -0.7378123 0.02965892 0.3610501 0.7340378 0.6741852 0.08162618 0 -0.08022045 -0.03327426 0.9962215 -5.96046e-8 0 0 0 1</matrix>
                  <node id="node-Bip01_R_Toe0" name="Bip01_R_Toe0">
                    <matrix sid="matrix">-0.1805796 -0.9786917 0.09774293 0.1486307 0.9833319 -0.1817864 -0.003511531 0.1543275 0.02120501 0.09547963 0.9952056 -2.98023e-8 0 0 0 1</matrix>
                  </node>
                </node>
              </node>
            </node>
          </node>
          <node id="node-Bip01_FannyPack" name="Bip01_FannyPack">
            <matrix>-0.9629914 -0.2062315 0.1735378 0.2299506 -0.2083319 0.9780381 0.00622665 -0.1378937 -0.1710107 -0.03015668 -0.9848072 0.01013958 0 0 0 1</matrix>
          </node>
        </node>
        <node id="node-EYE" name="EYE">
          <matrix>0.4275096 0.8993576 -0.0915997 0.01646328 -0.9029894 0.4200138 -0.09054399 -0.03313186 -0.0429584 0.1214218 0.9916705 0.7710662 0 0 0 1</matrix>
          <node id="node-CAM" name="CAM">
            <matrix>1 -6.03104e-8 -1.42109e-14 4.84288e-8 6.03104e-8 1 -2.32831e-9 -0.104 0 2.32832e-9 1 0.30056 0 0 0 1</matrix>
          </node>
        </node>
      </node>
      <node id="node-BOUNDS" name="BOUNDS">
        <matrix>0.9999915 0.001706907 0.00375048 0 -0.001711356 0.9999978 0.001183292 0.1035326 -0.003748452 -0.0011897 0.9999923 -8.93474e-5 0 0 0 1</matrix>
        <instance_geometry url="#geom-BOUNDS">
          <bind_material>
            <technique_common>
              <instance_material symbol="ShapeBounds" target="#ShapeBounds-material"/>
            </technique_common>
          </bind_material>
        </instance_geometry>
      </node>
    </visual_scene>
  </library_visual_scenes>
  <library_animations>
    <animation>
      <source id="node-Bip01_Pelvis_matrix-input">
        <float_array id="node-Bip01_Pelvis_matrix-input-array" count="17">43.76667 43.8 43.83333 43.86666 43.9 43.93333 43.96667 44 44.03333 44.06667 44.1 44.13334 44.16667 44.2 44.23333 44.26667 44.3</float_array>
        <technique_common>
          <accessor source="#node-Bip01_Pelvis_matrix-input-array" count="17" stride="1">
            <param name="TIME" type="float"/>
          </accessor>
        </technique_common>
      </source>
      <source id="node-Bip01_Pelvis_matrix-output">
        <float_array id="node-Bip01_Pelvis_matrix-output-array" count="272">-0.009626686 0.991236 0.1317526 0 -0.1217413 -0.1319404 0.9837535 0 0.9925153 -0.006569385 0.1219445 0 0 0 0 1 -0.009626746 0.9910464 0.1331701 0 -0.1217413 -0.1333473 0.9835636 0 0.9925152 -0.006743788 0.121935 0 0 0 0 1 -0.009626686 0.9909722 0.1337214 0 -0.1217413 -0.1338943 0.9834893 0 0.9925152 -0.006811618 0.1219312 0 0 0 0 1 -0.009626686 0.9909829 0.1336426 0 -0.1217413 -0.1338161 0.9835 0 0.9925152 -0.006801903 0.1219317 0 0 0 0 1 -0.009626686 0.9910464 0.1331702 0 -0.1217413 -0.1333473 0.9835637 0 0.9925152 -0.006743788 0.121935 0 0 0 0 1 -0.009626686 0.9911308 0.1325401 0 -0.1217413 -0.1327221 0.9836483 0 0.9925152 -0.006666302 0.1219393 0 0 0 0 1 -0.009626746 0.9912045 0.1319888 0 -0.1217413 -0.1321749 0.983722 0 0.9925152 -0.006598472 0.1219429 0 0 0 0 1 -0.009626686 0.991236 0.1317526 0 -0.1217413 -0.1319404 0.9837535 0 0.9925153 -0.006569385 0.1219445 0 0 0 0 1 -0.009626746 0.9912359 0.1317526 0 -0.1217413 -0.1319404 0.9837534 0 0.9925152 -0.006569385 0.1219445 0 0 0 0 1 -0.009626746 0.9912359 0.1317526 0 -0.1217413 -0.1319404 0.9837534 0 0.9925152 -0.006569385 0.1219445 0 0 0 0 1 -0.009626686 0.991236 0.1317526 0 -0.1217413 -0.1319404 0.9837535 0 0.9925153 -0.006569385 0.1219445 0 0 0 0 1 -0.009626686 0.9912359 0.1317526 0 -0.1217413 -0.1319404 0.9837534 0 0.9925152 -0.006569385 0.1219445 0 0 0 0 1 -0.009626746 0.9912359 0.1317526 0 -0.1217413 -0.1319404 0.9837534 0 0.9925152 -0.006569385 0.1219445 0 0 0 0 1 -0.009626686 0.9912359 0.1317525 0 -0.1217413 -0.1319404 0.9837535 0 0.9925152 -0.006569385 0.1219445 0 0 0 0 1 -0.009626686 0.9912359 0.1317525 0 -0.1217413 -0.1319404 0.9837535 0 0.9925152 -0.006569385 0.1219445 0 0 0 0 1 -0.009626686 0.9912359 0.1317526 0 -0.1217413 -0.1319404 0.9837535 0 0.9925152 -0.006569385 0.1219445 0 0 0 0 1 -0.009626686 0.9912359 0.1317525 0 -0.1217413 -0.1319404 0.9837534 0 0.9925152 -0.006569385 0.1219445 0 0 0 0 1</float_array>
        <technique_common>
          <accessor source="#node-Bip01_Pelvis_matrix-output-array" count="17" stride="16">
            <param name="TRANSFORM" type="float4x4"/>
          </accessor>
        </technique_common>
      </source>
      <source id="node-Bip01_Pelvis_matrix-interpolation">
        <Name_array id="node-Bip01_Pelvis_matrix-interpolation-array" count="17">LINEAR LINEAR LINEAR LINEAR LINEAR LINEAR LINEAR LINEAR LINEAR LINEAR LINEAR LINEAR LINEAR LINEAR LINEAR LINEAR LINEAR</Name_array>
        <technique_common>
          <accessor source="#node-Bip01_Pelvis_matrix-interpolation-array" count="17" stride="1">
            <param name="INTERPOLATION" type="name"/>
          </accessor>
        </technique_common>
      </source>
      <source id="node-Bip01_Spine_matrix-input">
        <float_array id="node-Bip01_Spine_matrix-input-array" count="17">43.76667 43.8 43.83333 43.86666 43.9 43.93333 43.96667 44 44.03333 44.06667 44.1 44.13334 44.16667 44.2 44.23333 44.26667 44.3</float_array>
        <technique_common>
          <accessor source="#node-Bip01_Spine_matrix-input-array" count="17" stride="1">
            <param name="TIME" type="float"/>
          </accessor>
        </technique_common>
      </source>
      <source id="node-Bip01_Spine_matrix-output">
        <float_array id="node-Bip01_Spine_matrix-output-array" count="272">0.9916929 0.08133208 -0.09964901 0.1974926 -0.09817779 0.9791404 -0.177891 0.02499383 0.08310216 0.1861966 0.9789916 0.02778857 0 0 0 1 0.991693 0.08133208 -0.09964907 0.1974926 -0.09829652 0.978873 -0.1792911 0.02495408 0.08296161 0.187597 0.9787363 0.02782428 0 0 0 1 0.991693 0.08133214 -0.09964907 0.1974925 -0.09834265 0.9787684 -0.1798355 0.02493858 0.08290696 0.1881414 0.9786365 0.02783817 0 0 0 1 0.991693 0.08133208 -0.09964901 0.1974925 -0.0983361 0.9787834 -0.1797577 0.02494078 0.08291476 0.1880636 0.9786506 0.02783614 0 0 0 1 0.9916931 0.08133208 -0.09964907 0.1974927 -0.09829658 0.9788731 -0.1792911 0.02495408 0.08296161 0.187597 0.9787363 0.02782428 0 0 0 1 0.991693 0.08133208 -0.09964907 0.1974925 -0.09824377 0.978992 -0.1786689 0.02497178 0.08302408 0.1869747 0.97885 0.02780842 0 0 0 1 0.991693 0.08133208 -0.09964907 0.1974925 -0.09819757 0.9790958 -0.1781243 0.02498722 0.08307874 0.1864301 0.9789492 0.02779448 0 0 0 1 0.9916929 0.08133208 -0.09964907 0.1974926 -0.09817773 0.9791404 -0.177891 0.02499383 0.08310216 0.1861966 0.9789916 0.02778857 0 0 0 1 0.991693 0.08133208 -0.09964907 0.1974926 -0.09817779 0.9791404 -0.177891 0.02499383 0.08310216 0.1861967 0.9789918 0.02778857 0 0 0 1 0.991693 0.08133208 -0.09964907 0.1974926 -0.09817779 0.9791404 -0.177891 0.02499383 0.08310216 0.1861967 0.9789918 0.02778857 0 0 0 1 0.9916929 0.08133208 -0.09964907 0.1974926 -0.09817779 0.9791404 -0.177891 0.02499383 0.08310216 0.1861966 0.9789916 0.02778857 0 0 0 1 0.991693 0.08133208 -0.09964907 0.1974926 -0.09817773 0.9791404 -0.177891 0.02499383 0.08310216 0.1861967 0.9789918 0.02778857 0 0 0 1 0.991693 0.08133208 -0.09964901 0.1974926 -0.09817779 0.9791404 -0.177891 0.02499383 0.08310216 0.1861967 0.9789916 0.02778851 0 0 0 1 0.991693 0.08133208 -0.09964901 0.1974926 -0.09817779 0.9791404 -0.177891 0.02499383 0.08310216 0.1861967 0.9789916 0.02778857 0 0 0 1 0.991693 0.08133208 -0.09964907 0.1974926 -0.09817779 0.9791404 -0.177891 0.02499383 0.08310216 0.1861967 0.9789916 0.02778857 0 0 0 1 0.991693 0.08133208 -0.09964907 0.1974926 -0.09817779 0.9791404 -0.1778911 0.02499383 0.08310216 0.1861968 0.9789917 0.02778857 0 0 0 1 0.9916931 0.08133208 -0.09964901 0.1974926 -0.09817779 0.9791404 -0.177891 0.02499383 0.08310216 0.1861967 0.9789918 0.02778857 0 0 0 1</float_array>
        <technique_common>
          <accessor source="#node-Bip01_Spine_matrix-output-array" count="17" stride="16">
            <param name="TRANSFORM" type="float4x4"/>
          </accessor>
        </technique_common>
      </source>
      <source id="node-Bip01_Spine_matrix-interpolation">
        <Name_array id="node-Bip01_Spine_matrix-interpolation-array" count="17">LINEAR LINEAR LINEAR LINEAR LINEAR LINEAR LINEAR LINEAR LINEAR LINEAR LINEAR LINEAR LINEAR LINEAR LINEAR LINEAR LINEAR</Name_array>
        <technique_common>
          <accessor source="#node-Bip01_Spine_matrix-interpolation-array" count="17" stride="1">
            <param name="INTERPOLATION" type="name"/>
          </accessor>
        </technique_common>
      </source>
      <source id="node-Bip01_Spine1_matrix-input">
        <float_array id="node-Bip01_Spine1_matrix-input-array" count="17">43.76667 43.8 43.83333 43.86666 43.9 43.93333 43.96667 44 44.03333 44.06667 44.1 44.13334 44.16667 44.2 44.23333 44.26667 44.3</float_array>
        <technique_common>
          <accessor source="#node-Bip01_Spine1_matrix-input-array" count="17" stride="1">
            <param name="TIME" type="float"/>
          </accessor>
        </technique_common>
      </source>
      <source id="node-Bip01_Spine1_matrix-output">
        <float_array id="node-Bip01_Spine1_matrix-output-array" count="272">0.9768806 -0.1934979 -0.09090083 0.1022495 0.1920003 0.9810759 -0.02502518 -9.91151e-5 0.09402292 0.006993651 0.9955455 -7.18981e-7 0 0 0 1 0.9793461 -0.1826834 -0.08664906 0.1022483 0.1813271 0.9831458 -0.02334004 -9.93237e-5 0.0894525 0.007146179 0.9959654 -7.18981e-7 0 0 0 1 0.985274 -0.1535814 -0.07515227 0.1022454 0.1525701 0.9881091 -0.01905208 -9.98192e-5 0.07718467 0.007305562 0.99699 -7.52509e-7 0 0 0 1 0.9920889 -0.1111966 -0.05826586 0.1022411 0.1105961 0.9937745 -0.01344221 -1.00393e-4 0.05939781 0.006891846 0.9982104 -7.00355e-7 0 0 0 1 0.9974374 -0.06067013 -0.03791868 0.102236 0.06041944 0.9981433 -0.007723987 -1.00836e-4 0.0383169 0.005413174 0.999251 -5.58794e-7 0 0 0 1 0.9998422 -0.007327616 -0.01618403 0.1022305 0.007282853 0.9999695 -0.00281924 -1.01011e-4 0.01620423 0.002700924 0.9998649 -2.75671e-7 0 0 0 1 0.9990459 0.04341393 0.004731893 0.1022253 -0.0434181 0.9990568 7.69394e-4 -1.00926e-4 -0.004694044 -9.74141e-4 0.9999884 0 0 0 0 1 0.9960228 0.08619886 0.02255213 0.1022212 -0.08628726 0.996266 0.002973914 -1.00642e-4 -0.02221155 -0.004908084 0.9997413 4.84288e-7 0 0 0 1 0.9926517 0.1158363 0.03499627 0.1022182 -0.1160474 0.9932354 0.004055142 -1.0033e-4 -0.03428983 -0.008086502 0.9993791 8.12113e-7 0 0 0 1 0.9910685 0.1272699 0.03981935 0.102217 -0.1275426 0.9918234 0.00437355 -1.00184e-4 -0.03893715 -0.009413242 0.9991974 9.49949e-7 0 0 0 1 0.9930546 0.1127288 0.03368872 0.1022185 -0.1129246 0.9935957 0.003959238 -1.00367e-4 -0.03302663 -0.007736086 0.9994246 7.78586e-7 0 0 0 1 0.9971446 0.07352042 0.01725614 0.1022226 -0.07357245 0.9972869 0.002399981 -1.00743e-4 -0.01703286 -0.003662824 0.9998482 3.57628e-7 0 0 0 1 0.9998171 0.01826757 -0.005659341 0.1022281 -0.01827281 0.9998327 -8.76663e-4 -1.01e-4 0.005642354 9.79893e-4 0.9999836 0 0 0 0 1 0.9985398 -0.04410696 -0.03119289 0.1022343 0.04393815 0.9990158 -0.006075501 -1.00922e-4 0.03143018 0.00469613 0.9994949 -4.84288e-7 0 0 0 1 0.9929769 -0.1044522 -0.0555576 0.1022403 0.1039073 0.994507 -0.01261645 -1.00471e-4 0.05657029 0.006754934 0.9983758 -6.85453e-7 0 0 0 1 0.9852502 -0.1537121 -0.07519763 0.1022453 0.1526995 0.9880887 -0.01906836 -9.98266e-5 0.07723301 0.007304489 0.9969863 -7.52509e-7 0 0 0 1 0.9792402 -0.1831634 -0.08683145 0.1022484 0.1818013 0.9830567 -0.02341151 -9.93125e-5 0.08964836 0.007139325 0.9959478 -7.45058e-7 0 0 0 1</float_array>
        <technique_common>
          <accessor source="#node-Bip01_Spine1_matrix-output-array" count="17" stride="16">
            <param name="TRANSFORM" type="float4x4"/>
          </accessor>
        </technique_common>
      </source>
      <source id="node-Bip01_Spine1_matrix-interpolation">
        <Name_array id="node-Bip01_Spine1_matrix-interpolation-array" count="17">LINEAR LINEAR LINEAR LINEAR LINEAR LINEAR LINEAR LINEAR LINEAR LINEAR LINEAR LINEAR LINEAR LINEAR LINEAR LINEAR LINEAR</Name_array>
        <technique_common>
          <accessor source="#node-Bip01_Spine1_matrix-interpolation-array" count="17" stride="1">
            <param name="INTERPOLATION" type="name"/>
          </accessor>
        </technique_common>
      </source>
      <source id="node-Bip01_Spine2_matrix-input">
        <float_array id="node-Bip01_Spine2_matrix-input-array" count="17">43.76667 43.8 43.83333 43.86666 43.9 43.93333 43.96667 44 44.03333 44.06667 44.1 44.13334 44.16667 44.2 44.23333 44.26667 44.3</float_array>
        <technique_common>
          <accessor source="#node-Bip01_Spine2_matrix-input-array" count="17" stride="1">
            <param name="TIME" type="float"/>
          </accessor>
        </technique_common>
      </source>
      <source id="node-Bip01_Spine2_matrix-output">
        <float_array id="node-Bip01_Spine2_matrix-output-array" count="272">0.9832345 -0.1803838 0.02667582 0.1268967 0.1810793 0.9831127 -0.02645701 -1.68353e-4 -0.0214529 0.03084397 0.9992939 -5.26011e-6 0 0 0 1 0.9850561 -0.1694406 0.03089606 0.126895 0.1702541 0.9850596 -0.02591538 -1.68726e-4 -0.02604335 0.03078836 0.9991866 -5.26011e-6 0 0 0 1 0.9892497 -0.1400049 0.04223459 0.1268899 0.1411207 0.9896845 -0.02469277 -1.69501e-4 -0.03834182 0.03038746 0.9988025 -5.1856e-6 0 0 0 1 0.9935355 -0.09716689 0.05870163 0.1268826 0.09868401 0.9948409 -0.02351635 -1.70372e-4 -0.05611377 0.02915728 0.9979987 -4.98444e-6 0 0 0 1 0.9958642 -0.0461499 0.07826054 0.1268738 0.04808598 0.9985775 -0.0230363 -1.71024e-4 -0.07708609 0.02670431 0.9966667 -4.55976e-6 0 0 0 1 0.9950752 0.007652223 0.09882634 0.1268647 -0.005343317 0.999707 -0.02360653 -1.71203e-4 -0.0989781 0.02296221 0.9948247 -3.91901e-6 0 0 0 1 0.9912356 0.05877554 0.1183103 0.1268562 -0.05617815 0.9981033 -0.02517378 -1.70916e-4 -0.1195654 0.01830667 0.9926575 -3.13297e-6 0 0 0 1 0.9856421 0.1018402 0.1346785 0.1268485 -0.09904992 0.9947085 -0.02727663 -1.7035e-4 -0.1367437 0.01354515 0.9905138 -2.31154e-6 0 0 0 1 0.9804882 0.1316486 0.1459841 0.1268435 -0.128752 0.9912481 -0.02915763 -1.69739e-4 -0.148545 0.009793043 0.9888573 -1.67079e-6 0 0 0 1 0.9782171 0.1431431 0.1503382 0.1268416 -0.1402117 0.9896679 -0.02997744 -1.69456e-4 -0.1530759 0.008245289 0.9881802 -1.39885e-6 0 0 0 1 0.9810784 0.1285247 0.1447995 0.126844 -0.1256381 0.9916539 -0.02894443 -1.69843e-4 -0.1473111 0.01020443 0.9890375 -1.73226e-6 0 0 0 1 0.9875257 0.08908438 0.129833 0.1268506 -0.08634626 0.9959105 -0.02657943 -1.70559e-4 -0.1316699 0.01503729 0.9911795 -2.563e-6 0 0 0 1 0.9935157 0.03344899 0.1086629 0.1268603 -0.03098636 0.9992249 -0.02427357 -1.71125e-4 -0.1093906 0.02074915 0.9937822 -3.54648e-6 0 0 0 1 0.9959757 -0.02943462 0.08465379 0.1268711 0.0314942 0.9992372 -0.02309739 -1.71136e-4 -0.08390933 0.02567058 0.9961428 -4.38839e-6 0 0 0 1 0.9940209 -0.09035038 0.06131488 0.1268817 0.09192723 0.9954909 -0.02339726 -1.70484e-4 -0.05892443 0.02889388 0.9978442 -4.95464e-6 0 0 0 1 0.9892339 -0.1401332 0.04218161 0.12689 0.1412478 0.9896662 -0.02470052 -1.69486e-4 -0.03828436 0.03039264 0.9988047 -5.20051e-6 0 0 0 1 0.9849789 -0.1699224 0.03070664 0.1268949 0.1707307 0.9849763 -0.02594149 -1.68681e-4 -0.02583724 0.03079444 0.9991918 -5.26011e-6 0 0 0 1</float_array>
        <technique_common>
          <accessor source="#node-Bip01_Spine2_matrix-output-array" count="17" stride="16">
            <param name="TRANSFORM" type="float4x4"/>
          </accessor>
        </technique_common>
      </source>
      <source id="node-Bip01_Spine2_matrix-interpolation">
        <Name_array id="node-Bip01_Spine2_matrix-interpolation-array" count="17">LINEAR LINEAR LINEAR LINEAR LINEAR LINEAR LINEAR LINEAR LINEAR LINEAR LINEAR LINEAR LINEAR LINEAR LINEAR LINEAR LINEAR</Name_array>
        <technique_common>
          <accessor source="#node-Bip01_Spine2_matrix-interpolation-array" count="17" stride="1">
            <param name="INTERPOLATION" type="name"/>
          </accessor>
        </technique_common>
      </source>
      <source id="node-Bip01_Head_matrix-input">
        <float_array id="node-Bip01_Head_matrix-input-array" count="17">43.76667 43.8 43.83333 43.86666 43.9 43.93333 43.96667 44 44.03333 44.06667 44.1 44.13334 44.16667 44.2 44.23333 44.26667 44.3</float_array>
        <technique_common>
          <accessor source="#node-Bip01_Head_matrix-input-array" count="17" stride="1">
            <param name="TIME" type="float"/>
          </accessor>
        </technique_common>
      </source>
      <source id="node-Bip01_Head_matrix-output">
