<?xml version="1.0" encoding="utf-8"?>
<COLLADA xmlns="http://www.collada.org/2005/11/COLLADASchema" version="1.4.1">
  <asset>
    <contributor>
      <author>MattO</author>
      <authoring_tool>OpenCOLLADA for 3ds Max;  Version: 1.3.0;  Revision: 839M;  Platform: x64;  Configuration: Release_Max2012</authoring_tool>
      <source_data>file:///C:/Dropbox/Prj/GGStout/Turret/TP_Soldier_Turret_Animation_Master.max</source_data>
    </contributor>
    <created>2011-09-30T18:22:20</created>
    <modified>2011-09-30T18:22:20</modified>
    <unit name="meter" meter="1"/>
    <up_axis>Z_UP</up_axis>
  </asset>
  <library_effects>
    <effect id="ShapeBounds">
      <profile_COMMON>
        <technique sid="common">
          <blinn>
            <emission>
              <color>0 0 0 1</color>
            </emission>
            <ambient>
              <color>0.1647059 1 0 1</color>
            </ambient>
            <diffuse>
              <color>0.1647059 1 0 1</color>
            </diffuse>
            <specular>
              <color>0.9 0.9 0.9 1</color>
            </specular>
            <shininess>
              <float>10</float>
            </shininess>
            <reflective>
              <color>0 0 0 1</color>
            </reflective>
            <transparent opaque="A_ONE">
              <color>1 1 1 1</color>
            </transparent>
            <transparency>
              <float>1</float>
            </transparency>
          </blinn>
        </technique>
      </profile_COMMON>
      <extra>
        <technique profile="OpenCOLLADA3dsMax">
          <extended_shader>
            <apply_reflection_dimming>0</apply_reflection_dimming>
            <dim_level>0</dim_level>
            <falloff_type>0</falloff_type>
            <index_of_refraction>1.5</index_of_refraction>
            <opacity_type>0</opacity_type>
            <reflection_level>3</reflection_level>
            <wire_size>1</wire_size>
            <wire_units>0</wire_units>
          </extended_shader>
          <shader>
            <ambient_diffuse_lock>1</ambient_diffuse_lock>
            <ambient_diffuse_texture_lock>1</ambient_diffuse_texture_lock>
            <diffuse_specular_lock>0</diffuse_specular_lock>
            <soften>0.1</soften>
            <use_self_illum_color>0</use_self_illum_color>
          </shader>
        </technique>
      </extra>
    </effect>
  </library_effects>
  <library_materials>
    <material id="ShapeBounds-material" name="ShapeBounds">
      <instance_effect url="#ShapeBounds"/>
    </material>
  </library_materials>
  <library_geometries>
    <geometry id="geom-BOUNDS" name="BOUNDS">
      <mesh>
        <source id="geom-BOUNDS-positions">
          <float_array id="geom-BOUNDS-positions-array" count="24">-0.425 -0.425 0 0.425 -0.425 0 -0.425 0.425 0 0.425 0.425 0 -0.425 -0.425 1.84 0.425 -0.425 1.84 -0.425 0.425 1.84 0.425 0.425 1.84</float_array>
          <technique_common>
            <accessor source="#geom-BOUNDS-positions-array" count="8" stride="3">
              <param name="X" type="float"/>
              <param name="Y" type="float"/>
              <param name="Z" type="float"/>
            </accessor>
          </technique_common>
        </source>
        <source id="geom-BOUNDS-normals">
          <float_array id="geom-BOUNDS-normals-array" count="72">0 0 -1 0 0 -1 0 0 -1 0 0 -1 0 0 1 0 0 1 0 0 1 0 0 1 0 -1 0 0 -1 0 0 -1 0 0 -1 0 1 0 0 1 0 0 1 0 0 1 0 0 0 1 0 0 1 0 0 1 0 0 1 0 -1 0 0 -1 0 0 -1 0 0 -1 0 0</float_array>
          <technique_common>
            <accessor source="#geom-BOUNDS-normals-array" count="24" stride="3">
              <param name="X" type="float"/>
              <param name="Y" type="float"/>
              <param name="Z" type="float"/>
            </accessor>
          </technique_common>
        </source>
        <source id="geom-BOUNDS-map1">
          <float_array id="geom-BOUNDS-map1-array" count="36">0 0 0 1 0 0 0 1 0 1 1 0 0 0 0 1 0 0 0 1 0 1 1 0 0 0 0 1 0 0 0 1 0 1 1 0</float_array>
          <technique_common>
            <accessor source="#geom-BOUNDS-map1-array" count="12" stride="3">
              <param name="S" type="float"/>
              <param name="T" type="float"/>
              <param name="P" type="float"/>
            </accessor>
          </technique_common>
        </source>
        <vertices id="geom-BOUNDS-vertices">
          <input semantic="POSITION" source="#geom-BOUNDS-positions"/>
        </vertices>
        <triangles material="ShapeBounds" count="12">
          <input semantic="VERTEX" source="#geom-BOUNDS-vertices" offset="0"/>
          <input semantic="NORMAL" source="#geom-BOUNDS-normals" offset="1"/>
          <input semantic="TEXCOORD" source="#geom-BOUNDS-map1" offset="2" set="0"/>
          <p>0 0 9 2 1 11 3 2 10 3 2 10 1 3 8 0 0 9 4 4 8 5 5 9 7 6 11 7 6 11 6 7 10 4 4 8 0 8 4 1 9 5 5 10 7 5 10 7 4 11 6 0 8 4 1 12 0 3 13 1 7 14 3 7 14 3 5 15 2 1 12 0 3 16 4 2 17 5 6 18 7 6 18 7 7 19 6 3 16 4 2 20 0 0 21 1 4 22 3 4 22 3 6 23 2 2 20 0</p>
        </triangles>
      </mesh>
      <extra>
        <technique profile="OpenCOLLADA3dsMax">
          <max_box>
            <generateuvs>1</generateuvs>
            <height>1.84</height>
            <heightsegments>1</heightsegments>
            <length>0.85</length>
            <lengthsegments>1</lengthsegments>
            <width>0.85</width>
            <widthsegments>1</widthsegments>
          </max_box>
        </technique>
      </extra>
    </geometry>
  </library_geometries>
  <library_lights>
    <light id="EnvironmentAmbientLight" name="EnvironmentAmbientLight">
      <technique_common>
        <ambient>
          <color>0 0 0</color>
        </ambient>
      </technique_common>
    </light>
  </library_lights>
  <library_visual_scenes>
    <visual_scene id="MaxScene">
      <node name="EnvironmentAmbientLight">
        <instance_light url="#EnvironmentAmbientLight"/>
      </node>
      <node id="node-Bip01" name="Bip01">
        <matrix sid="matrix">0.4275097 -0.9029896 -0.04295846 -8.10623e-5 0.8993581 0.4200139 0.1214221 0.009366653 -0.09159968 -0.09054413 0.991671 0.8041388 0 0 0 1</matrix>
        <node id="node-Bip01_Pelvis" name="Bip01_Pelvis">
          <matrix sid="matrix">-0.009626754 0.991236 0.1317526 0 -0.1217414 -0.1319404 0.9837534 0 0.9925153 -0.006569393 0.1219446 0 0 0 0 1</matrix>
          <node id="node-Bip01_Spine" name="Bip01_Spine">
            <matrix sid="matrix">0.9916929 0.0813321 -0.09964915 0.1974927 -0.09817779 0.9791403 -0.177891 0.02499387 0.08310226 0.1861967 0.9789916 0.02778859 0 0 0 1</matrix>
            <node id="node-Bip01_Spine1" name="Bip01_Spine1">
              <matrix sid="matrix">0.9768806 -0.1934979 -0.09090089 0.1022495 0.1920003 0.9810759 -0.02502523 -9.91151e-5 0.09402299 0.0069937 0.9955455 -7.18981e-7 0 0 0 1</matrix>
              <node id="node-Bip01_Spine2" name="Bip01_Spine2">
                <matrix sid="matrix">0.9832345 -0.1803838 0.02667584 0.1268967 0.1810793 0.9831127 -0.02645702 -1.68338e-4 -0.02145293 0.030844 0.9992939 -5.26011e-6 0 0 0 1</matrix>
                <node id="node-Bip01_Neck" name="Bip01_Neck">
                  <matrix sid="matrix">0.9021776 -0.4308736 0.02058497 0.2151072 0.4312888 0.9018878 -0.02426414 -4.97401e-5 -0.008110598 0.03076861 0.9994937 -1.70618e-6 0 0 0 1</matrix>
                  <node id="node-Bip01_Head" name="Bip01_Head">
                    <matrix sid="matrix">0.8249743 0.5162328 -0.230046 0.07051826 -0.5614573 0.7951709 -0.2290605 -0.01395923 0.06467737 0.3181301 0.9458385 7.45058e-9 0 0 0 1</matrix>
                    <node id="node-ALTEYE" name="ALTEYE">
                      <matrix>0.4506334 0.3792479 0.8081464 0.06454694 0.04412803 0.8947043 -0.4444741 0.2214611 -0.8916177 0.2359568 0.3864483 0.04716266 0 0 0 1</matrix>
                    </node>
                  </node>
                  <node id="node-Bip01_L_Clavicle" name="Bip01_L_Clavicle">
                    <matrix sid="matrix">-0.5354222 -0.430819 0.726442 -0.02496183 0.2255766 -0.9018174 -0.3685654 -0.01206523 0.8139032 -0.03346989 0.5800359 0.06855243 0 0 0 1</matrix>
                    <node id="node-Bip01_L_UpperArm" name="Bip01_L_UpperArm">
                      <matrix sid="matrix">-0.3564829 0.7596029 0.5439885 0.1824006 -0.9236809 -0.3740745 -0.08295847 2.98023e-8 0.1404767 -0.532045 0.8349817 1.19209e-7 0 0 0 1</matrix>
                      <node id="node-Bip01_L_Forearm" name="Bip01_L_Forearm">
                        <matrix sid="matrix">0.7762362 0.6304421 5.12227e-9 0.2843689 -0.630442 0.7762362 0 1.19209e-7 0 -2.98023e-8 0.9999999 0 0 0 0 1</matrix>
                        <node id="node-Bip01_L_Hand" name="Bip01_L_Hand">
                          <matrix sid="matrix">0.8439519 -0.1421023 0.5172541 0.2810681 -0.3432476 0.5979533 0.7243153 -5.96046e-8 -0.4122207 -0.7888337 0.4558676 0 0 0 0 1</matrix>
                          <node id="node-Bip01_L_Finger0" name="Bip01_L_Finger0">
                            <matrix>0.5215105 0.269013 0.8097275 0.02119684 0.7250715 0.3605265 -0.5867639 -0.004734278 -0.4497752 0.893114 -0.007035479 -0.02572191 0 0 0 1</matrix>
                            <node id="node-Bip01_L_Finger01" name="Bip01_L_Finger01">
                              <matrix>0.6423535 -0.7636237 -0.06527568 0.04982853 0.7605616 0.6456373 -0.06854743 -8.9407e-8 0.09448883 -0.005614527 0.9955101 0 0 0 0 1</matrix>
                              <node id="node-Bip01_L_Finger02" name="Bip01_L_Finger02">
                                <matrix>0.9505156 -0.3106765 1.49012e-8 0.0520224 0.3106764 0.9505158 0 0 1.49012e-8 -1.30385e-8 1 -1.19209e-7 0 0 0 1</matrix>
                              </node>
                            </node>
                          </node>
                          <node id="node-Bip01_L_Finger1" name="Bip01_L_Finger1">
                            <matrix>0.6408503 -0.7640202 0.07472671 0.1199945 0.7674398 0.6352569 -0.0865149 -0.008367538 0.01862848 0.1127913 0.9934441 -0.04101384 0 0 0 1</matrix>
                            <node id="node-Bip01_L_Finger11" name="Bip01_L_Finger11">
                              <matrix>0.8240547 -0.5665103 -8.84756e-9 0.03644173 0.5665103 0.8240547 -1.49012e-8 0 -5.58794e-9 -9.31323e-9 1 5.96046e-8 0 0 0 1</matrix>
                              <node id="node-Bip01_L_Finger12" name="Bip01_L_Finger12">
                                <matrix>0.8146399 -0.5796779 -0.01831832 0.03117543 0.5799673 0.8142333 0.0257305 -1.19209e-7 0 -0.03158513 0.9995011 5.96046e-8 0 0 0 1</matrix>
                              </node>
                            </node>
                          </node>
                          <node id="node-Bip01_L_Finger2" name="Bip01_L_Finger2">
                            <matrix>0.6754013 -0.7374504 1.52133e-4 0.1229538 0.7368313 0.6748427 0.04082683 -0.008802056 -0.03021043 -0.02746242 0.9991662 -0.01328248 0 0 0 1</matrix>
                            <node id="node-Bip01_L_Finger21" name="Bip01_L_Finger21">
                              <matrix>0.5508359 -0.8338858 0.03484871 0.03895518 0.832222 0.5519371 0.05265062 0 -0.06313893 1.49012e-8 0.9980049 -2.98023e-8 0 0 0 1</matrix>
                              <node id="node-Bip01_L_Finger22" name="Bip01_L_Finger22">
                                <matrix>0.1984735 -0.9799247 -0.01886614 0.03800547 0.9755274 0.1993681 -0.09272983 0 0.09462959 1.49012e-8 0.9955125 -8.9407e-8 0 0 0 1</matrix>
                              </node>
                            </node>
                          </node>
                          <node id="node-Bip01_L_Finger3" name="Bip01_L_Finger3">
                            <matrix>0.7159052 -0.6949216 -0.06755455 0.121188 0.6883786 0.6863562 0.234627 -0.001191139 -0.1166809 -0.2144738 0.9697353 0.0119687 0 0 0 1</matrix>
                            <node id="node-Bip01_L_Finger31" name="Bip01_L_Finger31">
                              <matrix>0.4441952 -0.8949345 -0.04222352 0.03155846 0.8909185 0.4461976 -0.08468726 0 0.09462957 -1.49012e-8 0.9955127 -1.19209e-7 0 0 0 1</matrix>
                              <node id="node-Bip01_L_Finger32" name="Bip01_L_Finger32">
                                <matrix>0.1993681 -0.9794358 0.0309511 0.03366601 0.9799246 0.1992686 -0.006297082 1.19209e-7 -1.49012e-8 0.03158514 0.999501 2.98023e-8 0 0 0 1</matrix>
                              </node>
                            </node>
                          </node>
                          <node id="node-Bip01_L_Finger4" name="Bip01_L_Finger4">
                            <matrix>0.592579 -0.7897949 0.1583476 0.1136796 0.7783521 0.6120424 0.1399001 0.005147457 -0.2074078 0.0403483 0.9774221 0.0388658 0 0 0 1</matrix>
                            <node id="node-Bip01_L_Finger41" name="Bip01_L_Finger41">
                              <matrix>0.4202556 -0.9064697 -0.04120623 0.03661619 0.9068531 0.4211511 -0.01578781 0 0.03166526 -0.03073308 0.9990259 0 0 0 0 1</matrix>
                              <node id="node-Bip01_L_Finger42" name="Bip01_L_Finger42">
                                <matrix>0.4024471 -0.9138246 0.05441486 0.0177263 0.9154231 0.4021219 -0.01728318 0 -0.006087586 0.05676821 0.9983687 -1.19209e-7 0 0 0 1</matrix>
                              </node>
                            </node>
                          </node>
                        </node>
                      </node>
                    </node>
                  </node>
                  <node id="node-Bip01_R_Clavicle" name="Bip01_R_Clavicle">
                    <matrix sid="matrix">-0.0775141 -0.3624381 -0.9287789 -0.02385306 0.5681535 -0.7815726 0.2575767 -0.01627076 -0.8192638 -0.5077232 0.2665033 -0.06807297 0 0 0 1</matrix>
                    <node id="node-Bip01_R_UpperArm" name="Bip01_R_UpperArm">
                      <matrix sid="matrix">0.7005728 -0.04837954 -0.7119393 0.1824006 -0.6460727 0.3805889 -0.6616209 -2.98023e-8 0.3029651 0.9234781 0.2353735 1.19209e-7 0 0 0 1</matrix>
                      <node id="node-Bip01_R_Forearm" name="Bip01_R_Forearm">
                        <matrix sid="matrix">-0.1981755 0.9801667 -2.98023e-8 0.2843689 -0.9801666 -0.1981754 1.49012e-8 -1.19209e-7 4.47035e-8 3.72529e-8 0.9999999 2.98023e-8 0 0 0 1</matrix>
                        <node id="node-Bip01_R_Hand" name="Bip01_R_Hand">
                          <matrix sid="matrix">0.8251113 -0.2495066 -0.5068902 0.281068 -0.5635473 -0.2998419 -0.7697461 2.98023e-8 0.04006977 0.9207829 -0.3880118 0 0 0 0 1</matrix>
                          <node id="node-Bip01_R_Finger0" name="Bip01_R_Finger0">
                            <matrix sid="matrix">0.5215105 0.269013 -0.8097274 0.02119684 0.7250715 0.3605264 0.5867638 -0.004734218 0.4497753 -0.893114 -0.007035524 0.02572192 0 0 0 1</matrix>
                            <node id="node-Bip01_R_Finger01" name="Bip01_R_Finger01">
                              <matrix sid="matrix">0.6423535 -0.7636236 0.06527567 0.04982844 0.7605616 0.6456374 0.0685474 2.98023e-8 -0.09448883 0.005614489 0.99551 0 0 0 0 1</matrix>
                              <node id="node-Bip01_R_Finger02" name="Bip01_R_Finger02">
                                <matrix sid="matrix">0.9505157 -0.3106765 2.98023e-8 0.05202234 0.3106765 0.9505157 0 0 -5.96046e-8 2.98023e-8 1 1.19209e-7 0 0 0 1</matrix>
                              </node>
                            </node>
                          </node>
                          <node id="node-Bip01_R_Finger1" name="Bip01_R_Finger1">
                            <matrix sid="matrix">0.9820223 -0.1733427 -0.07472673 0.1199949 0.1795577 0.9799358 0.08651492 -0.008367598 0.05823064 -0.09837732 0.993444 0.04101388 0 0 0 1</matrix>
                            <node id="node-Bip01_R_Finger11" name="Bip01_R_Finger11">
                              <matrix sid="matrix">0.8240547 -0.5665102 0 0.03644156 0.5665101 0.8240547 -5.58794e-9 0 -2.98023e-8 -7.45058e-9 1 0 0 0 0 1</matrix>
                              <node id="node-Bip01_R_Finger12" name="Bip01_R_Finger12">
                                <matrix sid="matrix">0.8146397 -0.579678 0.01831836 0.03117549 0.5799672 0.8142334 -0.02573048 -1.19209e-7 4.94765e-9 0.03158509 0.999501 -2.98023e-8 0 0 0 1</matrix>
                              </node>
                            </node>
                          </node>
                          <node id="node-Bip01_R_Finger2" name="Bip01_R_Finger2">
                            <matrix sid="matrix">0.6754012 -0.7374502 -1.52141e-4 0.122954 0.7368314 0.6748427 -0.04082684 -0.008802116 0.03021044 0.02746241 0.9991662 0.01328243 0 0 0 1</matrix>
                            <node id="node-Bip01_R_Finger21" name="Bip01_R_Finger21">
                              <matrix sid="matrix">0.5508357 -0.8338857 -0.03484868 0.03895503 0.8322218 0.5519372 -0.0526506 1.19209e-7 0.06313889 -1.49012e-8 0.9980047 2.98023e-8 0 0 0 1</matrix>
                              <node id="node-Bip01_R_Finger22" name="Bip01_R_Finger22">
                                <matrix sid="matrix">0.1984733 -0.9799248 0.01886613 0.03800541 0.9755272 0.1993679 0.09272987 0 -0.09462955 7.45058e-9 0.9955126 2.98023e-8 0 0 0 1</matrix>
                              </node>
                            </node>
                          </node>
                          <node id="node-Bip01_R_Finger3" name="Bip01_R_Finger3">
                            <matrix sid="matrix">0.7159052 -0.6949214 0.0675545 0.1211882 0.6883785 0.6863562 -0.234627 -0.001191258 0.1166809 0.2144738 0.9697352 -0.01196866 0 0 0 1</matrix>
                            <node id="node-Bip01_R_Finger31" name="Bip01_R_Finger31">
                              <matrix sid="matrix">0.4441954 -0.8949343 0.0422235 0.03155845 0.8909184 0.4461976 0.08468725 1.19209e-7 -0.09462958 2.98023e-8 0.9955124 2.98023e-8 0 0 0 1</matrix>
                              <node id="node-Bip01_R_Finger32" name="Bip01_R_Finger32">
                                <matrix sid="matrix">0.1993681 -0.9794359 -0.03095102 0.03366601 0.9799248 0.1992685 0.006297097 0 -1.49012e-8 -0.03158512 0.9995012 0 0 0 0 1</matrix>
                              </node>
                            </node>
                          </node>
                          <node id="node-Bip01_R_Finger4" name="Bip01_R_Finger4">
                            <matrix sid="matrix">0.5925789 -0.789795 -0.1583476 0.1136795 0.7783522 0.6120424 -0.1399001 0.005147398 0.2074078 -0.04034829 0.9774221 -0.03886576 0 0 0 1</matrix>
                            <node id="node-Bip01_R_Finger41" name="Bip01_R_Finger41">
                              <matrix sid="matrix">0.4202556 -0.9064696 0.04120622 0.03661624 0.9068529 0.4211511 0.01578781 -1.19209e-7 -0.03166521 0.03073303 0.9990259 -2.98023e-8 0 0 0 1</matrix>
                              <node id="node-Bip01_R_Finger42" name="Bip01_R_Finger42">
                                <matrix sid="matrix">0.4024469 -0.9138247 -0.05441488 0.01772642 0.9154232 0.4021217 0.0172831 1.19209e-7 0.006087627 -0.05676819 0.998369 -2.98023e-8 0 0 0 1</matrix>
                              </node>
                            </node>
                          </node>
                          <node id="node-MOUNT0" name="MOUNT0">
                            <matrix>-6.25849e-7 1 -1.49012e-7 0.1095392 -0.9999998 -6.4075e-7 4.67524e-7 0.0251826 4.787e-7 1.63913e-7 0.9999998 0.01321675 0 0 0 1</matrix>
                          </node>
                        </node>
                      </node>
                    </node>
                  </node>
                </node>
                <node id="node-Bip01_L_Pauldron_Upper" name="Bip01_L_Pauldron_Upper">
                  <matrix sid="matrix">0.729197 -0.277326 0.6255901 0.176903 -0.550475 -0.7808025 0.2955091 -0.03908369 0.4065099 -0.5598561 -0.7220195 0.2290198 0 0 0 1</matrix>
                </node>
                <node id="node-Bip01_R_Pauldron_Lower" name="Bip01_R_Pauldron_Lower">
                  <matrix sid="matrix">-0.2772101 -0.9060032 -0.319866 0.1729062 0.8560929 -0.3840439 0.3458561 -0.1133294 -0.4361891 -0.1779601 0.8820831 -0.2351095 0 0 0 1</matrix>
                </node>
                <node id="node-Bip01_L_Pauldron_Lower" name="Bip01_L_Pauldron_Lower">
                  <matrix sid="matrix">-0.3015729 -0.9289848 0.2145742 0.1529204 0.6634325 -0.3660942 -0.6525588 -0.1054225 0.6847711 -0.05443853 0.7267221 0.2344799 0 0 0 1</matrix>
                </node>
              </node>
            </node>
            <node id="node-Bip01_L_Thigh" name="Bip01_L_Thigh">
              <matrix sid="matrix">-0.6483008 0.7584802 -0.06643807 -0.1851133 0.6778266 0.6146952 0.4033619 -0.02197148 0.3467812 0.2164664 -0.9126255 0.1217295 0 0 0 1</matrix>
              <node id="node-Bip01_L_Calf" name="Bip01_L_Calf">
                <matrix sid="matrix">0.4231253 0.9060712 4.65661e-10 0.4629988 -0.9060712 0.4231253 4.65661e-10 5.96046e-8 1.02445e-8 9.77889e-9 1 0 0 0 0 1</matrix>
                <node id="node-Bip01_L_Foot" name="Bip01_L_Foot">
                  <matrix sid="matrix">0.9613792 -0.2752242 -0.00131597 0.3610502 0.275227 0.961359 0.006234441 2.98023e-8 -4.50796e-4 -0.006355823 0.9999799 0 0 0 0 1</matrix>
                  <node id="node-Bip01_L_Toe0" name="Bip01_L_Toe0">
                    <matrix sid="matrix">3.46452e-7 -0.9999999 1.08872e-6 0.1486307 0.9999999 3.46452e-7 -5.287e-7 0.1543274 5.27289e-7 1.08872e-6 1 0 0 0 0 1</matrix>
                  </node>
                </node>
              </node>
            </node>
            <node id="node-Bip01_R_Thigh" name="Bip01_R_Thigh">
              <matrix sid="matrix">-0.9798996 -0.08857667 0.1787487 -0.2063017 -0.0614548 0.9864773 0.1519414 -0.06944689 -0.1897899 0.1379023 -0.9720921 -0.1278868 0 0 0 1</matrix>
              <node id="node-Bip01_R_Calf" name="Bip01_R_Calf">
                <matrix sid="matrix">0.5395205 0.8419726 0 0.4629987 -0.8419724 0.5395205 -5.58794e-9 -1.49012e-8 -7.45058e-9 -1.49012e-8 1 0 0 0 0 1</matrix>
                <node id="node-Bip01_R_Foot" name="Bip01_R_Foot">
                  <matrix sid="matrix">0.6743518 -0.7378145 0.02965625 0.3610501 0.7340398 0.6741827 0.0816271 5.96046e-8 -0.0802194 -0.03327651 0.9962215 -2.98023e-8 0 0 0 1</matrix>
                  <node id="node-Bip01_R_Toe0" name="Bip01_R_Toe0">
                    <matrix sid="matrix">-0.1805804 -0.9786913 0.09774433 0.1486307 0.9833316 -0.1817875 -0.003512923 0.1543275 0.02120671 0.09548073 0.9952053 0 0 0 0 1</matrix>
                  </node>
                </node>
              </node>
            </node>
          </node>
          <node id="node-Bip01_FannyPack" name="Bip01_FannyPack">
            <matrix>-0.9629915 -0.2062315 0.1735378 0.2299506 -0.2083319 0.9780381 0.006226628 -0.1378937 -0.1710107 -0.0301567 -0.9848072 0.01013958 0 0 0 1</matrix>
          </node>
        </node>
        <node id="node-EYE" name="EYE">
          <matrix sid="matrix">0.4275097 0.8993577 -0.0915998 0.01646331 -0.9029897 0.4200138 -0.09054398 -0.03313187 -0.04295852 0.1214217 0.9916705 0.7710661 0 0 0 1</matrix>
          <node id="node-CAM" name="CAM">
            <matrix>1 -6.03104e-8 0 4.84288e-8 6.03104e-8 1 -2.32831e-9 -0.104 0 2.32831e-9 1 0.30056 0 0 0 1</matrix>
          </node>
        </node>
      </node>
      <node id="node-BOUNDS" name="BOUNDS">
        <matrix>0.9999914 0.001706906 0.003750478 0 -0.001711355 0.9999977 0.001183292 0.1035326 -0.003748451 -0.0011897 0.9999921 -8.93473e-5 0 0 0 1</matrix>
        <instance_geometry url="#geom-BOUNDS">
          <bind_material>
            <technique_common>
              <instance_material symbol="ShapeBounds" target="#ShapeBounds-material"/>
            </technique_common>
          </bind_material>
        </instance_geometry>
      </node>
    </visual_scene>
  </library_visual_scenes>
  <library_animations>
    <animation>
      <source id="node-Bip01_matrix-input">
        <float_array id="node-Bip01_matrix-input-array" count="41">8.666667 8.7 8.733334 8.766666 8.8 8.833333 8.866667 8.9 8.933333 8.966666 9 9.033334 9.066667 9.1 9.133333 9.166667 9.2 9.233334 9.266666 9.3 9.333333 9.366667 9.4 9.433333 9.466666 9.5 9.533334 9.566667 9.6 9.633333 9.666667 9.7 9.733334 9.766666 9.8 9.833333 9.866667 9.9 9.933333 9.966666 10</float_array>
        <technique_common>
          <accessor source="#node-Bip01_matrix-input-array" count="41" stride="1">
            <param name="TIME" type="float"/>
          </accessor>
        </technique_common>
      </source>
      <source id="node-Bip01_matrix-output">
        <float_array id="node-Bip01_matrix-output-array" count="656">0.4275097 -0.9029896 -0.04295843 -8.10623e-5 0.8993581 0.4200139 0.121422 0.009366631 -0.09159964 -0.0905441 0.991671 0.8041388 0 0 0 1 0.4400382 -0.8974028 -0.0321663 -8.10623e-5 0.8933162 0.4338266 0.1173917 0.004473388 -0.09139299 -0.08039152 0.9925646 0.832392 0 0 0 1 0.4559493 -0.8898422 -0.01706665 -8.10623e-5 0.8865751 0.4524261 0.0964117 -0.004561543 -0.07806974 -0.05908972 0.9951952 0.872403 0 0 0 1 0.4530298 -0.89141 -0.01234036 -8.10623e-5 0.8914813 0.453057 6.46016e-4 -0.02045482 0.005015015 -0.01129382 0.9999237 0.8887967 0 0 0 1 0.409756 -0.9121316 -0.010773 -8.10623e-5 0.8894924 0.4021485 -0.2169786 -0.0472632 0.2022454 0.07932573 0.9761169 0.8608982 0 0 0 1 0.3461726 -0.9381702 0.001131355 -8.10623e-5 0.817819 0.3011732 -0.4903741 -0.08092957 0.4597136 0.1706793 0.8715113 0.8093824 0 0 0 1 0.2972794 -0.9547898 0.001206517 -8.10623e-5 0.6700121 0.2077115 -0.7126989 -0.1119998 0.6802271 0.212679 0.7014691 0.760896 0 0 0 1 0.2620145 -0.9647923 -0.02289605 -8.10623e-5 0.4752757 0.1496491 -0.8670168 -0.1384111 0.8399175 0.2162889 0.4977526 0.7234193 0 0 0 1 0.2207506 -0.9740158 -0.05062019 -8.10623e-5 0.2330968 0.1030833 -0.9669744 -0.164312 0.9470666 0.2016608 0.2497957 0.6869795 0 0 0 1 0.1728237 -0.9821144 -0.07472133 -8.10623e-5 -0.02712231 0.07108885 -0.9971011 -0.1895637 0.9845793 0.1743493 -0.01435136 0.6512977 0 0 0 1 0.1214807 -0.9885755 -0.08922386 -8.10623e-5 -0.2718877 0.05331081 -0.9608512 -0.2140277 0.9546306 0.1409838 -0.2623053 0.6160932 0 0 0 1 0.07277172 -0.9931893 -0.09099042 -8.10623e-5 -0.4740973 0.04581707 -0.8792796 -0.2375659 0.87746 0.1071251 -0.4675343 0.5810857 0 0 0 1 0.03359377 -0.9962247 -0.08005028 -8.10623e-5 -0.6194751 0.0420987 -0.7838868 -0.2600392 0.7842974 0.07592296 -0.6157222 0.5459958 0 0 0 1 0.01027333 -0.9978592 -0.06458818 -8.10623e-5 -0.6974603 0.0391348 -0.7155541 -0.2809565 0.7165499 0.05239886 -0.6955652 0.5113561 0 0 0 1 -4.3869e-4 -0.9985888 -0.0531069 -8.10623e-5 -0.718481 0.03725302 -0.6945483 -0.2998326 0.6955465 0.03785163 -0.7174834 0.4774025 0 0 0 1 -0.005569338 -0.9989672 -0.04509693 -8.10623e-5 -0.7007383 0.03607165 -0.712506 -0.3165394 0.7133968 0.02763301 -0.7002153 0.4434087 0 0 0 1 -0.01122474 -0.9991914 -0.03860634 -8.10623e-5 -0.6558485 0.03650081 -0.7540096 -0.3309487 0.754809 0.01685637 -0.6557279 0.4086488 0 0 0 1 -0.01740276 -0.9992056 -0.03585433 -8.10623e-5 -0.5277035 0.03963744 -0.8485034 -0.3410445 0.8492504 0.004154145 -0.5279741 0.3697851 0 0 0 1 -0.02057731 -0.9990726 -0.03782111 -8.10623e-5 -0.3157941 0.04238748 -0.9478804 -0.3471316 0.9486045 -0.007561147 -0.3163735 0.3299898 0 0 0 1 -0.02232897 -0.9989595 -0.03976738 -8.10623e-5 -0.1580063 0.04280358 -0.98651 -0.352563 0.9871857 -0.01574426 -0.1587977 0.2983 0 0 0 1 -0.0243951 -0.9988996 -0.04005825 -8.10623e-5 -0.09557986 0.04221713 -0.9945262 -0.3590773 0.9951229 -0.02043265 -0.09650468 0.2740616 0 0 0 1 -0.02626931 -0.9988481 -0.04015707 -8.10623e-5 -0.05749708 0.04161405 -0.9974781 -0.3658781 0.9980002 -0.02389401 -0.05852413 0.2510963 0 0 0 1 -0.0279318 -0.9988055 -0.04009234 -8.10623e-5 -0.03731822 0.04112195 -0.998457 -0.3725147 0.9989131 -0.02639251 -0.03842222 0.2301576 0 0 0 1 -0.02935016 -0.9987716 -0.03992587 -8.10623e-5 -0.02836227 0.04075914 -0.9987664 -0.3785372 0.9991667 -0.02818149 -0.02952384 0.2119985 0 0 0 1 -0.03048634 -0.9987446 -0.03974795 -8.10623e-5 -0.02389103 0.04048311 -0.9988946 -0.3834954 0.9992497 -0.02950292 -0.02509522 0.1973715 0 0 0 1 -0.03130245 -0.9987225 -0.03966826 -8.10623e-5 -0.01715487 0.04021871 -0.9990437 -0.3869389 0.9993627 -0.03059202 -0.01839196 0.18703 0 0 0 1 -0.03179645 -0.9987069 -0.03966635 -8.10623e-5 -0.00940144 0.03998357 -0.9991561 -0.3889211 0.9994501 -0.0313968 -0.01066052 0.1809449 0 0 0 1 -0.03203153 -0.9987004 -0.03964173 -8.10623e-5 -0.005749821 0.03984558 -0.9991893 -0.3899407 0.9994702 -0.03177767 -0.007018566 0.1780886 0 0 0 1 -0.03206741 -0.998701 -0.03959697 -8.10623e-5 -0.005253672 0.03978526 -0.9991944 -0.3902159 0.9994719 -0.03183358 -0.006522655 0.1777161 0 0 0 1 -0.03196382 -0.9987068 -0.03953742 -8.10623e-5 -0.006965756 0.03977918 -0.9991843 -0.3899653 0.9994649 -0.03166228 -0.008228302 0.1790821 0 0 0 1 -0.03178024 -0.9987153 -0.03946894 -8.10623e-5 -0.00993967 0.03980273 -0.9991582 -0.3894071 0.9994454 -0.03136122 -0.01119184 0.1814417 0 0 0 1 -0.03157699 -0.9987246 -0.03939735 -8.10623e-5 -0.01322799 0.03983116 -0.9991189 -0.3887596 0.9994139 -0.03102797 -0.0144689 0.1840496 0 0 0 1 -0.03141355 -0.9987325 -0.0393278 -8.10623e-5 -0.0158841 0.03984117 -0.9990798 -0.3882411 0.9993802 -0.03075987 -0.01711559 0.1861607 0 0 0 1 -0.03135013 -0.9987369 -0.03926491 -8.10623e-5 -0.01696133 0.03981024 -0.9990633 -0.3880701 0.9993645 -0.0306549 -0.01818788 0.18703 0 0 0 1 -0.03135728 -0.998739 -0.03920572 -8.10623e-5 -0.01693296 0.03975021 -0.9990661 -0.3881255 0.9993648 -0.03066402 -0.01815807 0.18703 0 0 0 1 -0.03136456 -0.9987412 -0.03914415 -8.10623e-5 -0.01690346 0.03968787 -0.9990692 -0.388147 0.9993651 -0.03067362 -0.01812696 0.18703 0 0 0 1 -0.03137207 -0.9987434 -0.03908026 -8.10623e-5 -0.0168727 0.03962314 -0.9990722 -0.3881439 0.9993653 -0.03068351 -0.01809465 0.18703 0 0 0 1 -0.03138005 -0.9987459 -0.03901362 -8.10623e-5 -0.01684081 0.03955554 -0.9990755 -0.3881254 0.9993657 -0.03069388 -0.01806104 0.18703 0 0 0 1 -0.03138804 -0.9987483 -0.0389443 -8.10623e-5 -0.01680749 0.03948545 -0.9990788 -0.3881008 0.9993659 -0.03070461 -0.01802587 0.18703 0 0 0 1 -0.03139674 -0.9987508 -0.03887212 -8.10623e-5 -0.01677304 0.03941231 -0.9990822 -0.3880793 0.9993663 -0.03071588 -0.01798951 0.18703 0 0 0 1 -0.03140568 -0.9987536 -0.03879684 -8.10623e-5 -0.01673686 0.03933602 -0.9990859 -0.3880701 0.9993666 -0.03072762 -0.01795148 0.18703 0 0 0 1</float_array>
        <technique_common>
          <accessor source="#node-Bip01_matrix-output-array" count="41" stride="16">
            <param name="TRANSFORM" type="float4x4"/>
          </accessor>
        </technique_common>
      </source>
      <source id="node-Bip01_matrix-interpolation">
        <Name_array id="node-Bip01_matrix-interpolation-array" count="41">LINEAR LINEAR LINEAR LINEAR LINEAR LINEAR LINEAR LINEAR LINEAR LINEAR LINEAR LINEAR LINEAR LINEAR LINEAR LINEAR LINEAR LINEAR LINEAR LINEAR LINEAR LINEAR LINEAR LINEAR LINEAR LINEAR LINEAR LINEAR LINEAR LINEAR LINEAR LINEAR LINEAR LINEAR LINEAR LINEAR LINEAR LINEAR LINEAR LINEAR LINEAR</Name_array>
        <technique_common>
          <accessor source="#node-Bip01_matrix-interpolation-array" count="41" stride="1">
            <param name="INTERPOLATION" type="name"/>
          </accessor>
        </technique_common>
      </source>
      <source id="node-Bip01_Pelvis_matrix-input">
        <float_array id="node-Bip01_Pelvis_matrix-input-array" count="41">8.666667 8.7 8.733334 8.766666 8.8 8.833333 8.866667 8.9 8.933333 8.966666 9 9.033334 9.066667 9.1 9.133333 9.166667 9.2 9.233334 9.266666 9.3 9.333333 9.366667 9.4 9.433333 9.466666 9.5 9.533334 9.566667 9.6 9.633333 9.666667 9.7 9.733334 9.766666 9.8 9.833333 9.866667 9.9 9.933333 9.966666 10</float_array>
        <technique_common>
          <accessor source="#node-Bip01_Pelvis_matrix-input-array" count="41" stride="1">
            <param name="TIME" type="float"/>
          </accessor>
        </technique_common>
      </source>
      <source id="node-Bip01_Pelvis_matrix-output">
        <float_array id="node-Bip01_Pelvis_matrix-output-array" count="656">-0.009626746 0.991236 0.1317526 0 -0.1217414 -0.1319404 0.9837534 0 0.9925153 -0.006569385 0.1219446 0 0 0 0 1 -0.009626686 0.991804 0.1274057 0 -0.1217414 -0.1276263 0.9843223 0 0.9925152 -0.006034731 0.1219722 0 0 0 0 1 -0.009626686 0.9924448 0.1223143 0 -0.1217414 -0.1225733 0.9849644 0 0.9925151 -0.005408763 0.1220016 0 0 0 0 1 -0.009626626 0.9931314 0.1166074 0 -0.1217414 -0.1169093 0.9856528 0 0.9925152 -0.004707336 0.1220307 0 0 0 0 1 -0.009626626 0.9938392 0.1104132 0 -0.1217414 -0.1107618 0.9863626 0 0.9925151 -0.003946483 0.1220576 0 0 0 0 1 -0.009626626 0.9945451 0.1038618 0 -0.1217414 -0.1042596 0.9870709 0 0.9925152 -0.003142118 0.122081 0 0 0 0 1 -0.009626507 0.9952298 0.09708219 0 -0.1217414 -0.0975309 0.9877585 0 0.9925152 -0.002310216 0.1220996 0 0 0 0 1 -0.009626567 0.9958768 0.09020501 0 -0.1217414 -0.09070539 0.9884087 0 0.9925153 -0.001466751 0.1221126 0 0 0 0 1 -0.009626507 0.9964729 0.08336037 0 -0.1217414 -0.08391201 0.9890085 0 0.9925152 -6.27711e-4 0.1221198 0 0 0 0 1 -0.009626448 0.9970093 0.0766794 0 -0.1217414 -0.07728105 0.9895488 0 0.9925152 1.90798e-4 0.1221213 0 0 0 0 1 -0.009626448 0.9974799 0.07029277 0 -0.1217414 -0.07094222 0.9900233 0 0.9925151 9.72882e-4 0.1221175 0 0 0 0 1 -0.009626448 0.9978821 0.06433212 0 -0.1217414 -0.0650261 0.9904296 0 0.9925152 0.001702427 0.1221095 0 0 0 0 1 -0.009626388 0.9982158 0.05892831 0 -0.1217414 -0.05966264 0.9907671 0 0.9925152 0.002363502 0.1220986 0 0 0 0 1 -0.009626328 0.998483 0.05421298 0 -0.1217414 -0.05498248 0.9910379 0 0.9925151 0.002940118 0.122086 0 0 0 0 1 -0.009626328 0.9986869 0.05031716 0 -0.1217414 -0.05111569 0.9912447 0 0.9925152 0.003416359 0.1220737 0 0 0 0 1 -0.009626328 0.998831 0.04737234 0 -0.1217414 -0.04819279 0.9913913 0 0.9925152 0.003776192 0.1220631 0 0 0 0 1 -0.009626269 0.9989175 0.04550933 0 -0.1217414 -0.04634368 0.9914795 0 0.9925152 0.004003942 0.1220558 0 0 0 0 1 -0.009626209 0.9989468 0.04485934 0 -0.1217414 -0.04569846 0.9915092 0 0.9925151 0.004083335 0.1220531 0 0 0 0 1 -0.009626328 0.9989435 0.04493772 0 -0.1217414 -0.0457763 0.9915058 0 0.9925153 0.004073739 0.1220535 0 0 0 0 1 -0.009626269 0.998933 0.04516941 0 -0.1217414 -0.04600626 0.9914951 0 0.9925153 0.004045426 0.1220544 0 0 0 0 1 -0.009626269 0.9989157 0.04554921 0 -0.1217414 -0.0463832 0.9914775 0 0.9925151 0.003999054 0.1220559 0 0 0 0 1 -0.009626269 0.9988916 0.04607194 0 -0.1217414 -0.04690212 0.991453 0 0.9925152 0.003935158 0.122058 0 0 0 0 1 -0.009626269 0.998861 0.04673242 0 -0.1217414 -0.04755765 0.9914217 0 0.9925152 0.003854453 0.1220605 0 0 0 0 1 -0.009626269 0.9988235 0.04752552 0 -0.1217414 -0.04834485 0.9913837 0 0.9925151 0.003757536 0.1220636 0 0 0 0 1 -0.009626328 0.9987795 0.04844605 0 -0.1217414 -0.04925847 0.9913389 0 0.9925153 0.003645062 0.122067 0 0 0 0 1 -0.009626328 0.9987283 0.0494886 0 -0.1217414 -0.05029326 0.9912869 0 0.9925153 0.003517627 0.1220707 0 0 0 0 1 -0.009626328 0.9986701 0.05064827 0 -0.1217414 -0.05144429 0.9912277 0 0.9925152 0.003375887 0.1220747 0 0 0 0 1 -0.009626328 0.9986048 0.05191975 0 -0.1217414 -0.0527063 0.9911615 0 0.9925153 0.003220438 0.122079 0 0 0 0 1 -0.009626328 0.9985324 0.05329769 0 -0.1217414 -0.05407398 0.9910879 0 0.9925152 0.003051996 0.1220833 0 0 0 0 1 -0.009626328 0.9984523 0.0547772 0 -0.1217414 -0.0555424 0.9910066 0 0.9925151 0.002871096 0.1220877 0 0 0 0 1 -0.009626328 0.9983646 0.05635285 0 -0.1217414 -0.05710637 0.9909178 0 0.9925151 0.002678453 0.122092 0 0 0 0 1 -0.009626328 0.9982691 0.05801934 0 -0.1217414 -0.05876046 0.9908209 0 0.9925152 0.002474606 0.1220963 0 0 0 0 1 -0.009626328 0.9981657 0.05977183 0 -0.1217414 -0.06049984 0.9907162 0 0.9925152 0.002260267 0.1221005 0 0 0 0 1 -0.009626388 0.9980543 0.06160491 0 -0.1217414 -0.06231927 0.9906035 0 0.9925151 0.002036035 0.1221044 0 0 0 0 1 -0.009626388 0.9979346 0.06351321 0 -0.1217414 -0.06421327 0.9904825 0 0.9925152 0.001802563 0.1221081 0 0 0 0 1 -0.009626388 0.9978066 0.06549185 0 -0.1217414 -0.06617712 0.9903533 0 0.9925152 0.001560449 0.1221114 0 0 0 0 1 -0.009626388 0.9976707 0.06753545 0 -0.1217414 -0.06820553 0.9902157 0 0.9925153 0.001310348 0.1221144 0 0 0 0 1 -0.009626388 0.9975258 0.06963866 0 -0.1217414 -0.070293 0.9900697 0 0.9925152 0.001052916 0.1221169 0 0 0 0 1 -0.009626388 0.9973729 0.07179665 0 -0.1217414 -0.07243484 0.9899154 0 0.9925153 7.88737e-4 0.1221188 0 0 0 0 1 -0.009626448 0.9972116 0.07400399 0 -0.1217414 -0.07462567 0.9897526 0 0.9925153 5.18456e-4 0.1221203 0 0 0 0 1 -0.009626448 0.9970418 0.07625532 0 -0.1217414 -0.07686012 0.9895816 0 0.9925152 2.42742e-4 0.1221212 0 0 0 0 1</float_array>
        <technique_common>
          <accessor source="#node-Bip01_Pelvis_matrix-output-array" count="41" stride="16">
            <param name="TRANSFORM" type="float4x4"/>
          </accessor>
        </technique_common>
      </source>
      <source id="node-Bip01_Pelvis_matrix-interpolation">
        <Name_array id="node-Bip01_Pelvis_matrix-interpolation-array" count="41">LINEAR LINEAR LINEAR LINEAR LINEAR LINEAR LINEAR LINEAR LINEAR LINEAR LINEAR LINEAR LINEAR LINEAR LINEAR LINEAR LINEAR LINEAR LINEAR LINEAR LINEAR LINEAR LINEAR LINEAR LINEAR LINEAR LINEAR LINEAR LINEAR LINEAR LINEAR LINEAR LINEAR LINEAR LINEAR LINEAR LINEAR LINEAR LINEAR LINEAR LINEAR</Name_array>
        <technique_common>
          <accessor source="#node-Bip01_Pelvis_matrix-interpolation-array" count="41" stride="1">
            <param name="INTERPOLATION" type="name"/>
          </accessor>
        </technique_common>
      </source>
      <source id="node-Bip01_Spine_matrix-input">
        <float_array id="node-Bip01_Spine_matrix-input-array" count="41">8.666667 8.7 8.733334 8.766666 8.8 8.833333 8.866667 8.9 8.933333 8.966666 9 9.033334 9.066667 9.1 9.133333 9.166667 9.2 9.233334 9.266666 9.3 9.333333 9.366667 9.4 9.433333 9.466666 9.5 9.533334 9.566667 9.6 9.633333 9.666667 9.7 9.733334 9.766666 9.8 9.833333 9.866667 9.9 9.933333 9.966666 10</float_array>
        <technique_common>
          <accessor source="#node-Bip01_Spine_matrix-input-array" count="41" stride="1">
            <param name="TIME" type="float"/>
          </accessor>
        </technique_common>
      </source>
      <source id="node-Bip01_Spine_matrix-output">
