<?xml version="1.0" encoding="utf-8"?>
<COLLADA xmlns="http://www.collada.org/2005/11/COLLADASchema" version="1.4.1">
  <asset>
    <contributor>
      <author>MattO</author>
      <authoring_tool>OpenCOLLADA for 3ds Max;  Version: 1.3.0;  Revision: 839M;  Platform: x64;  Configuration: Release_Max2012</authoring_tool>
      <source_data>file:///C:/Dropbox/Prj/GGStout/Turret/TP_Soldier_Turret_Animation_Master.max</source_data>
    </contributor>
    <created>2011-09-30T18:22:21</created>
    <modified>2011-09-30T18:22:21</modified>
    <unit name="meter" meter="1"/>
    <up_axis>Z_UP</up_axis>
  </asset>
  <library_effects>
    <effect id="ShapeBounds">
      <profile_COMMON>
        <technique sid="common">
          <blinn>
            <emission>
              <color>0 0 0 1</color>
            </emission>
            <ambient>
              <color>0.1647059 1 0 1</color>
            </ambient>
            <diffuse>
              <color>0.1647059 1 0 1</color>
            </diffuse>
            <specular>
              <color>0.9 0.9 0.9 1</color>
            </specular>
            <shininess>
              <float>10</float>
            </shininess>
            <reflective>
              <color>0 0 0 1</color>
            </reflective>
            <transparent opaque="A_ONE">
              <color>1 1 1 1</color>
            </transparent>
            <transparency>
              <float>1</float>
            </transparency>
          </blinn>
        </technique>
      </profile_COMMON>
      <extra>
        <technique profile="OpenCOLLADA3dsMax">
          <extended_shader>
            <apply_reflection_dimming>0</apply_reflection_dimming>
            <dim_level>0</dim_level>
            <falloff_type>0</falloff_type>
            <index_of_refraction>1.5</index_of_refraction>
            <opacity_type>0</opacity_type>
            <reflection_level>3</reflection_level>
            <wire_size>1</wire_size>
            <wire_units>0</wire_units>
          </extended_shader>
          <shader>
            <ambient_diffuse_lock>1</ambient_diffuse_lock>
            <ambient_diffuse_texture_lock>1</ambient_diffuse_texture_lock>
            <diffuse_specular_lock>0</diffuse_specular_lock>
            <soften>0.1</soften>
            <use_self_illum_color>0</use_self_illum_color>
          </shader>
        </technique>
      </extra>
    </effect>
  </library_effects>
  <library_materials>
    <material id="ShapeBounds-material" name="ShapeBounds">
      <instance_effect url="#ShapeBounds"/>
    </material>
  </library_materials>
  <library_geometries>
    <geometry id="geom-BOUNDS" name="BOUNDS">
      <mesh>
        <source id="geom-BOUNDS-positions">
          <float_array id="geom-BOUNDS-positions-array" count="24">-0.425 -0.425 0 0.425 -0.425 0 -0.425 0.425 0 0.425 0.425 0 -0.425 -0.425 1.84 0.425 -0.425 1.84 -0.425 0.425 1.84 0.425 0.425 1.84</float_array>
          <technique_common>
            <accessor source="#geom-BOUNDS-positions-array" count="8" stride="3">
              <param name="X" type="float"/>
              <param name="Y" type="float"/>
              <param name="Z" type="float"/>
            </accessor>
          </technique_common>
        </source>
        <source id="geom-BOUNDS-normals">
          <float_array id="geom-BOUNDS-normals-array" count="72">0 0 -1 0 0 -1 0 0 -1 0 0 -1 0 0 1 0 0 1 0 0 1 0 0 1 0 -1 0 0 -1 0 0 -1 0 0 -1 0 1 0 0 1 0 0 1 0 0 1 0 0 0 1 0 0 1 0 0 1 0 0 1 0 -1 0 0 -1 0 0 -1 0 0 -1 0 0</float_array>
          <technique_common>
            <accessor source="#geom-BOUNDS-normals-array" count="24" stride="3">
              <param name="X" type="float"/>
              <param name="Y" type="float"/>
              <param name="Z" type="float"/>
            </accessor>
          </technique_common>
        </source>
        <source id="geom-BOUNDS-map1">
          <float_array id="geom-BOUNDS-map1-array" count="36">0 0 0 1 0 0 0 1 0 1 1 0 0 0 0 1 0 0 0 1 0 1 1 0 0 0 0 1 0 0 0 1 0 1 1 0</float_array>
          <technique_common>
            <accessor source="#geom-BOUNDS-map1-array" count="12" stride="3">
              <param name="S" type="float"/>
              <param name="T" type="float"/>
              <param name="P" type="float"/>
            </accessor>
          </technique_common>
        </source>
        <vertices id="geom-BOUNDS-vertices">
          <input semantic="POSITION" source="#geom-BOUNDS-positions"/>
        </vertices>
        <triangles material="ShapeBounds" count="12">
          <input semantic="VERTEX" source="#geom-BOUNDS-vertices" offset="0"/>
          <input semantic="NORMAL" source="#geom-BOUNDS-normals" offset="1"/>
          <input semantic="TEXCOORD" source="#geom-BOUNDS-map1" offset="2" set="0"/>
          <p>0 0 9 2 1 11 3 2 10 3 2 10 1 3 8 0 0 9 4 4 8 5 5 9 7 6 11 7 6 11 6 7 10 4 4 8 0 8 4 1 9 5 5 10 7 5 10 7 4 11 6 0 8 4 1 12 0 3 13 1 7 14 3 7 14 3 5 15 2 1 12 0 3 16 4 2 17 5 6 18 7 6 18 7 7 19 6 3 16 4 2 20 0 0 21 1 4 22 3 4 22 3 6 23 2 2 20 0</p>
        </triangles>
      </mesh>
      <extra>
        <technique profile="OpenCOLLADA3dsMax">
          <max_box>
            <generateuvs>1</generateuvs>
            <height>1.84</height>
            <heightsegments>1</heightsegments>
            <length>0.85</length>
            <lengthsegments>1</lengthsegments>
            <width>0.85</width>
            <widthsegments>1</widthsegments>
          </max_box>
        </technique>
      </extra>
    </geometry>
  </library_geometries>
  <library_lights>
    <light id="EnvironmentAmbientLight" name="EnvironmentAmbientLight">
      <technique_common>
        <ambient>
          <color>0 0 0</color>
        </ambient>
      </technique_common>
    </light>
  </library_lights>
  <library_visual_scenes>
    <visual_scene id="MaxScene">
      <node name="EnvironmentAmbientLight">
        <instance_light url="#EnvironmentAmbientLight"/>
      </node>
      <node id="node-Bip01" name="Bip01">
        <matrix sid="matrix">0.4269586 -0.9035109 -0.03707411 -8.10623e-5 0.8993581 0.4200139 0.121422 0.009366653 -0.09413447 -0.08518509 0.9919084 0.8041388 0 0 0 1</matrix>
        <node id="node-Bip01_Pelvis" name="Bip01_Pelvis">
          <matrix>-0.009626746 0.9912359 0.1317526 0 -0.1217414 -0.1319404 0.9837534 0 0.9925151 -0.0065694 0.1219446 0 0 0 0 1</matrix>
          <node id="node-Bip01_Spine" name="Bip01_Spine">
            <matrix sid="matrix">0.9916931 0.08133212 -0.09964918 0.1974928 -0.09817781 0.9791403 -0.1778911 0.02499387 0.08310227 0.1861967 0.9789917 0.0277886 0 0 0 1</matrix>
            <node id="node-Bip01_Spine1" name="Bip01_Spine1">
              <matrix sid="matrix">0.9768804 -0.1934979 -0.09090088 0.1022491 0.1920002 0.9810757 -0.02502523 -9.91076e-5 0.09402295 0.006993601 0.9955453 -7.00355e-7 0 0 0 1</matrix>
              <node id="node-Bip01_Spine2" name="Bip01_Spine2">
                <matrix sid="matrix">0.9832346 -0.1803838 0.02667584 0.126897 0.1810794 0.9831128 -0.02645706 -1.68383e-4 -0.02145292 0.03084398 0.999294 -5.27501e-6 0 0 0 1</matrix>
                <node id="node-Bip01_Neck" name="Bip01_Neck">
                  <matrix sid="matrix">0.9021777 -0.4308736 0.02058499 0.2151071 0.4312887 0.9018877 -0.0242641 -4.96805e-5 -0.008110605 0.03076865 0.9994937 -1.69873e-6 0 0 0 1</matrix>
                  <node id="node-Bip01_Head" name="Bip01_Head">
                    <matrix sid="matrix">0.8249741 0.5162328 -0.230046 0.07051814 -0.5614573 0.795171 -0.2290605 -0.01395905 0.06467734 0.3181301 0.9458383 -1.49012e-8 0 0 0 1</matrix>
                    <node id="node-ALTEYE" name="ALTEYE">
                      <matrix>0.4506335 0.3792479 0.8081464 0.06454682 0.04412803 0.8947043 -0.4444742 0.2214612 -0.8916178 0.2359568 0.3864483 0.04716267 0 0 0 1</matrix>
                    </node>
                  </node>
                  <node id="node-Bip01_L_Clavicle" name="Bip01_L_Clavicle">
                    <matrix sid="matrix">-0.5354221 -0.430819 0.7264419 -0.02496195 0.2255765 -0.9018174 -0.3685654 -0.01206511 0.813903 -0.03346988 0.5800359 0.06855242 0 0 0 1</matrix>
                    <node id="node-Bip01_L_UpperArm" name="Bip01_L_UpperArm">
                      <matrix sid="matrix">-0.3564857 0.7596009 0.5439894 0.1824006 -0.9236794 -0.374078 -0.08295865 0 0.140479 -0.5320454 0.8349811 -1.19209e-7 0 0 0 1</matrix>
                      <node id="node-Bip01_L_Forearm" name="Bip01_L_Forearm">
                        <matrix sid="matrix">0.7762364 0.630442 -2.04891e-8 0.284369 -0.630442 0.7762365 1.49012e-8 -1.19209e-7 5.96046e-8 2.98023e-8 1 0 0 0 0 1</matrix>
                        <node id="node-Bip01_L_Hand" name="Bip01_L_Hand">
                          <matrix sid="matrix">0.8439529 -0.1421055 0.5172518 0.281068 -0.3432438 0.597954 0.7243165 1.19209e-7 -0.4122223 -0.7888326 0.4558682 -5.96046e-8 0 0 0 1</matrix>
                          <node id="node-Bip01_L_Finger0" name="Bip01_L_Finger0">
                            <matrix>0.5215106 0.269013 0.8097275 0.02119672 0.7250717 0.3605265 -0.5867639 -0.004734397 -0.4497753 0.893114 -0.007035479 -0.02572191 0 0 0 1</matrix>
                            <node id="node-Bip01_L_Finger01" name="Bip01_L_Finger01">
                              <matrix>0.6423534 -0.7636237 -0.06527567 0.04982862 0.7605615 0.6456373 -0.06854738 -2.98023e-8 0.09448881 -0.005614474 0.9955101 0 0 0 0 1</matrix>
                              <node id="node-Bip01_L_Finger02" name="Bip01_L_Finger02">
                                <matrix>0.9505157 -0.3106765 0 0.05202241 0.3106764 0.9505157 -3.72529e-9 5.96046e-8 2.98023e-8 -2.6077e-8 0.9999999 -1.19209e-7 0 0 0 1</matrix>
                              </node>
                            </node>
                          </node>
                          <node id="node-Bip01_L_Finger1" name="Bip01_L_Finger1">
                            <matrix>0.6408503 -0.7640201 0.07472672 0.1199946 0.7674398 0.6352569 -0.08651491 -0.008367658 0.01862849 0.1127913 0.9934441 -0.0410139 0 0 0 1</matrix>
                            <node id="node-Bip01_L_Finger11" name="Bip01_L_Finger11">
                              <matrix>0.8240546 -0.5665103 -6.98492e-9 0.03644171 0.5665103 0.8240548 -7.45058e-9 -2.38419e-7 1.11759e-8 1.86265e-9 1 0 0 0 0 1</matrix>
                              <node id="node-Bip01_L_Finger12" name="Bip01_L_Finger12">
                                <matrix>0.8146397 -0.5796779 -0.01831834 0.03117555 0.5799671 0.8142332 0.02573049 1.19209e-7 0 -0.03158513 0.999501 0 0 0 0 1</matrix>
                              </node>
                            </node>
                          </node>
                          <node id="node-Bip01_L_Finger2" name="Bip01_L_Finger2">
                            <matrix>0.6754014 -0.7374504 1.52111e-4 0.1229538 0.7368312 0.674843 0.04082684 -0.008802176 -0.03021043 -0.02746242 0.9991662 -0.01328248 0 0 0 1</matrix>
                            <node id="node-Bip01_L_Finger21" name="Bip01_L_Finger21">
                              <matrix>0.5508358 -0.8338858 0.0348487 0.03895515 0.8322221 0.551937 0.05265063 -1.19209e-7 -0.06313892 7.45058e-9 0.9980048 2.98023e-8 0 0 0 1</matrix>
                              <node id="node-Bip01_L_Finger22" name="Bip01_L_Finger22">
                                <matrix>0.1984733 -0.9799249 -0.01886611 0.03800547 0.9755275 0.1993681 -0.09272984 5.96046e-8 0.09462956 -1.49012e-8 0.9955126 -8.9407e-8 0 0 0 1</matrix>
                              </node>
                            </node>
                          </node>
                          <node id="node-Bip01_L_Finger3" name="Bip01_L_Finger3">
                            <matrix>0.7159052 -0.6949216 -0.06755459 0.1211879 0.6883786 0.6863563 0.234627 -0.001191258 -0.1166809 -0.2144739 0.9697353 0.01196873 0 0 0 1</matrix>
                            <node id="node-Bip01_L_Finger31" name="Bip01_L_Finger31">
                              <matrix>0.4441954 -0.8949344 -0.04222352 0.03155846 0.8909185 0.4461977 -0.08468729 1.19209e-7 0.09462959 1.49012e-8 0.9955127 0 0 0 0 1</matrix>
                              <node id="node-Bip01_L_Finger32" name="Bip01_L_Finger32">
                                <matrix>0.199368 -0.9794357 0.03095105 0.03366601 0.9799247 0.1992685 -0.006297067 0 2.98023e-8 0.03158511 0.9995009 0 0 0 0 1</matrix>
                              </node>
                            </node>
                          </node>
                          <node id="node-Bip01_L_Finger4" name="Bip01_L_Finger4">
                            <matrix>0.5925789 -0.789795 0.1583476 0.1136796 0.7783521 0.6120425 0.1399001 0.005147338 -0.2074079 0.04034825 0.9774221 0.03886586 0 0 0 1</matrix>
                            <node id="node-Bip01_L_Finger41" name="Bip01_L_Finger41">
                              <matrix>0.4202556 -0.9064698 -0.04120622 0.03661619 0.906853 0.4211512 -0.01578781 0 0.03166522 -0.03073309 0.999026 2.98023e-8 0 0 0 1</matrix>
                              <node id="node-Bip01_L_Finger42" name="Bip01_L_Finger42">
                                <matrix>0.4024472 -0.9138245 0.05441486 0.0177263 0.9154231 0.402122 -0.01728316 0 -0.006087594 0.05676819 0.9983689 -1.19209e-7 0 0 0 1</matrix>
                              </node>
                            </node>
                          </node>
                        </node>
                      </node>
                    </node>
                  </node>
                  <node id="node-Bip01_R_Clavicle" name="Bip01_R_Clavicle">
                    <matrix sid="matrix">-0.07751404 -0.3624381 -0.9287788 -0.02385318 0.5681535 -0.7815727 0.2575766 -0.01627064 -0.8192638 -0.5077232 0.2665033 -0.06807299 0 0 0 1</matrix>
                    <node id="node-Bip01_R_UpperArm" name="Bip01_R_UpperArm">
                      <matrix sid="matrix">0.7005728 -0.04837945 -0.7119392 0.1824006 -0.646073 0.3805888 -0.6616209 0 0.302965 0.9234782 0.2353735 -1.19209e-7 0 0 0 1</matrix>
                      <node id="node-Bip01_R_Forearm" name="Bip01_R_Forearm">
                        <matrix sid="matrix">-0.1981755 0.9801664 -2.98023e-8 0.2843688 -0.9801664 -0.1981755 0 0 -2.98023e-8 -7.45058e-9 1 -5.96046e-8 0 0 0 1</matrix>
                        <node id="node-Bip01_R_Hand" name="Bip01_R_Hand">
                          <matrix sid="matrix">0.8251113 -0.2495067 -0.5068902 0.2810681 -0.5635474 -0.299842 -0.7697461 8.9407e-8 0.04006976 0.920783 -0.3880118 5.96046e-8 0 0 0 1</matrix>
                          <node id="node-Bip01_R_Finger0" name="Bip01_R_Finger0">
                            <matrix sid="matrix">0.5215105 0.2690131 -0.8097275 0.0211966 0.7250717 0.3605264 0.5867638 -0.004734278 0.4497753 -0.8931141 -0.007035494 0.02572195 0 0 0 1</matrix>
                            <node id="node-Bip01_R_Finger01" name="Bip01_R_Finger01">
                              <matrix sid="matrix">0.6423535 -0.7636236 0.06527576 0.04982853 0.7605614 0.6456373 0.0685474 0 -0.09448886 0.005614579 0.9955101 -1.19209e-7 0 0 0 1</matrix>
                              <node id="node-Bip01_R_Finger02" name="Bip01_R_Finger02">
                                <matrix sid="matrix">0.9505157 -0.3106764 0 0.05202234 0.3106765 0.9505156 0 -2.98023e-8 5.96046e-8 -5.96046e-8 0.9999999 0 0 0 0 1</matrix>
                              </node>
                            </node>
                          </node>
                          <node id="node-Bip01_R_Finger1" name="Bip01_R_Finger1">
                            <matrix sid="matrix">0.9820224 -0.1733428 -0.07472675 0.1199946 0.1795577 0.9799358 0.08651494 -0.008367538 0.05823064 -0.09837732 0.9934441 0.04101393 0 0 0 1</matrix>
                            <node id="node-Bip01_R_Finger11" name="Bip01_R_Finger11">
                              <matrix sid="matrix">0.8240548 -0.5665101 0 0.03644168 0.5665103 0.8240548 1.11759e-8 5.96046e-8 -3.35276e-8 2.98023e-8 1 0 0 0 0 1</matrix>
                              <node id="node-Bip01_R_Finger12" name="Bip01_R_Finger12">
                                <matrix sid="matrix">0.8146398 -0.5796779 0.01831833 0.03117549 0.5799672 0.8142334 -0.02573051 1.19209e-7 2.72412e-8 0.03158509 0.999501 2.98023e-8 0 0 0 1</matrix>
                              </node>
                            </node>
                          </node>
                          <node id="node-Bip01_R_Finger2" name="Bip01_R_Finger2">
                            <matrix sid="matrix">0.6754013 -0.7374504 -1.52141e-4 0.1229537 0.7368314 0.6748428 -0.04082683 -0.008802056 0.03021044 0.02746244 0.9991663 0.01328248 0 0 0 1</matrix>
                            <node id="node-Bip01_R_Finger21" name="Bip01_R_Finger21">
                              <matrix sid="matrix">0.5508359 -0.8338858 -0.0348487 0.03895521 0.832222 0.5519371 -0.05265062 0 0.06313892 0 0.9980048 2.98023e-8 0 0 0 1</matrix>
                              <node id="node-Bip01_R_Finger22" name="Bip01_R_Finger22">
                                <matrix sid="matrix">0.1984735 -0.9799247 0.01886613 0.03800541 0.9755273 0.1993681 0.09272987 1.19209e-7 -0.09462959 -3.72529e-9 0.9955127 2.98023e-8 0 0 0 1</matrix>
                              </node>
                            </node>
                          </node>
                          <node id="node-Bip01_R_Finger3" name="Bip01_R_Finger3">
                            <matrix sid="matrix">0.7159053 -0.6949216 0.06755447 0.121188 0.6883785 0.6863563 -0.234627 -0.001191258 0.1166809 0.2144739 0.9697353 -0.01196864 0 0 0 1</matrix>
                            <node id="node-Bip01_R_Finger31" name="Bip01_R_Finger31">
                              <matrix sid="matrix">0.4441953 -0.8949345 0.04222351 0.03155839 0.8909186 0.4461976 0.08468725 0 -0.09462959 0 0.9955126 0 0 0 0 1</matrix>
                              <node id="node-Bip01_R_Finger32" name="Bip01_R_Finger32">
                                <matrix sid="matrix">0.1993681 -0.9794358 -0.03095102 0.03366613 0.9799247 0.1992685 0.006297082 0 1.49012e-8 -0.03158512 0.9995012 0 0 0 0 1</matrix>
                              </node>
                            </node>
                          </node>
                          <node id="node-Bip01_R_Finger4" name="Bip01_R_Finger4">
                            <matrix sid="matrix">0.5925791 -0.789795 -0.1583476 0.1136796 0.7783523 0.6120424 -0.1399001 0.005147398 0.2074078 -0.04034825 0.9774221 -0.03886572 0 0 0 1</matrix>
                            <node id="node-Bip01_R_Finger41" name="Bip01_R_Finger41">
                              <matrix sid="matrix">0.4202555 -0.9064696 0.04120623 0.03661621 0.9068531 0.4211511 0.01578782 0 -0.03166523 0.03073305 0.9990259 0 0 0 0 1</matrix>
                              <node id="node-Bip01_R_Finger42" name="Bip01_R_Finger42">
                                <matrix sid="matrix">0.4024471 -0.9138248 -0.05441484 0.01772618 0.9154232 0.4021218 0.01728319 -1.19209e-7 0.006087597 -0.05676819 0.9983689 0 0 0 0 1</matrix>
                              </node>
                            </node>
                          </node>
                          <node id="node-MOUNT0" name="MOUNT0">
                            <matrix>-8.64267e-7 1 -1.63913e-7 0.109539 -1 -8.79169e-7 4.71249e-7 0.0251826 4.71249e-7 1.04308e-7 1 0.01321676 0 0 0 1</matrix>
                          </node>
                        </node>
                      </node>
                    </node>
                  </node>
                </node>
                <node id="node-Bip01_L_Pauldron_Upper" name="Bip01_L_Pauldron_Upper">
                  <matrix sid="matrix">0.7291968 -0.277326 0.62559 0.1769029 -0.5504748 -0.7808024 0.295509 -0.03908369 0.4065099 -0.5598561 -0.7220195 0.2290198 0 0 0 1</matrix>
                </node>
                <node id="node-Bip01_R_Pauldron_Lower" name="Bip01_R_Pauldron_Lower">
                  <matrix sid="matrix">-0.2772099 -0.9060032 -0.319866 0.172906 0.8560929 -0.3840438 0.3458561 -0.1133294 -0.4361891 -0.1779601 0.8820831 -0.2351094 0 0 0 1</matrix>
                </node>
                <node id="node-Bip01_L_Pauldron_Lower" name="Bip01_L_Pauldron_Lower">
                  <matrix sid="matrix">-0.3015729 -0.9289848 0.2145741 0.1529202 0.6634325 -0.3660941 -0.6525589 -0.1054225 0.6847712 -0.05443852 0.7267221 0.2344799 0 0 0 1</matrix>
                </node>
              </node>
            </node>
            <node id="node-Bip01_L_Thigh" name="Bip01_L_Thigh">
              <matrix sid="matrix">-0.6501192 0.7570441 -0.06503092 -0.1851135 0.6807384 0.6183298 0.3927633 -0.02197146 0.3375498 0.2110739 -0.9173373 0.1217295 0 0 0 1</matrix>
              <node id="node-Bip01_L_Calf" name="Bip01_L_Calf">
                <matrix sid="matrix">0.4256098 0.904907 1.39698e-9 0.4629988 -0.904907 0.4256098 0 5.96046e-8 3.91155e-8 -3.81842e-8 1 0 0 0 0 1</matrix>
                <node id="node-Bip01_L_Foot" name="Bip01_L_Foot">
                  <matrix sid="matrix">0.9617223 -0.2738873 -0.00871301 0.3610502 0.2739971 0.9615963 0.01606879 5.96046e-8 0.003977351 -0.01784103 0.999833 7.45058e-9 0 0 0 1</matrix>
                  <node id="node-Bip01_L_Toe0" name="Bip01_L_Toe0">
                    <matrix sid="matrix">3.44589e-7 -1 1.08872e-6 0.1486306 1 3.42727e-7 -5.28395e-7 0.1543275 5.27463e-7 1.08872e-6 1 -7.45058e-9 0 0 0 1</matrix>
                  </node>
                </node>
              </node>
            </node>
            <node id="node-Bip01_R_Thigh" name="Bip01_R_Thigh">
              <matrix sid="matrix">-0.9787852 -0.08594602 0.1859911 -0.2063019 -0.0583507 0.9871041 0.1490655 -0.06944689 -0.1964042 0.1350504 -0.9711781 -0.1278868 0 0 0 1</matrix>
              <node id="node-Bip01_R_Calf" name="Bip01_R_Calf">
                <matrix sid="matrix">0.5372322 0.8434346 -1.49012e-8 0.4629987 -0.8434343 0.5372322 2.98023e-8 -7.45058e-9 1.49012e-8 -2.98023e-8 1 0 0 0 0 1</matrix>
                <node id="node-Bip01_R_Foot" name="Bip01_R_Foot">
                  <matrix sid="matrix">0.6729926 -0.7391121 0.02818446 0.3610501 0.7351828 0.6726241 0.08415945 0 -0.08116086 -0.03591798 0.9960535 2.98023e-8 0 0 0 1</matrix>
                  <node id="node-Bip01_R_Toe0" name="Bip01_R_Toe0">
                    <matrix sid="matrix">-0.1805798 -0.9786913 0.09774503 0.1486306 0.9833316 -0.1817867 -0.003510788 0.1543275 0.02120473 0.09548184 0.9952052 0 0 0 0 1</matrix>
                  </node>
                </node>
              </node>
            </node>
          </node>
          <node id="node-Bip01_FannyPack" name="Bip01_FannyPack">
            <matrix sid="matrix">-0.9629917 -0.2062316 0.1735378 0.2299507 -0.2083319 0.9780383 0.006226706 -0.1378937 -0.1710107 -0.0301566 -0.9848072 0.01013958 0 0 0 1</matrix>
          </node>
        </node>
        <node id="node-EYE" name="EYE">
          <matrix sid="matrix">0.4269586 0.8993577 -0.09413463 0.01451918 -0.9035107 0.4200138 -0.08518498 -0.0290281 -0.03707413 0.1214217 0.9919079 0.7712707 0 0 0 1</matrix>
          <node id="node-CAM" name="CAM">
            <matrix>1 -6.03104e-8 1.42109e-14 4.86616e-8 6.03104e-8 1 -2.32832e-9 -0.104 1.77636e-15 2.32831e-9 1 0.30056 0 0 0 1</matrix>
          </node>
        </node>
      </node>
      <node id="node-BOUNDS" name="BOUNDS">
        <matrix>0.9999914 0.001706907 0.003750479 0 -0.001711356 0.9999977 0.001183292 0.1035326 -0.003748451 -0.0011897 0.9999922 -8.93474e-5 0 0 0 1</matrix>
        <instance_geometry url="#geom-BOUNDS">
          <bind_material>
            <technique_common>
              <instance_material symbol="ShapeBounds" target="#ShapeBounds-material"/>
            </technique_common>
          </bind_material>
        </instance_geometry>
      </node>
    </visual_scene>
  </library_visual_scenes>
  <library_animations>
    <animation>
      <source id="node-Bip01_matrix-input">
        <float_array id="node-Bip01_matrix-input-array" count="41">11 11.03333 11.06667 11.1 11.13333 11.16667 11.2 11.23333 11.26667 11.3 11.33333 11.36667 11.4 11.43333 11.46667 11.5 11.53333 11.56667 11.6 11.63333 11.66667 11.7 11.73333 11.76667 11.8 11.83333 11.86667 11.9 11.93333 11.96667 12 12.03333 12.06667 12.1 12.13333 12.16667 12.2 12.23333 12.26667 12.3 12.33333</float_array>
        <technique_common>
          <accessor source="#node-Bip01_matrix-input-array" count="41" stride="1">
            <param name="TIME" type="float"/>
          </accessor>
        </technique_common>
      </source>
      <source id="node-Bip01_matrix-output">
        <float_array id="node-Bip01_matrix-output-array" count="656">0.4269586 -0.9035109 -0.03707408 -8.10623e-5 0.8993581 0.4200139 0.121422 0.009366631 -0.09413444 -0.08518505 0.9919084 0.8041388 0 0 0 1 0.3702421 -0.9284667 -0.02950453 0.004817485 0.9229764 0.3640897 0.1247131 0.1005311 -0.1050497 -0.07340604 0.9917541 0.8448446 0 0 0 1 0.3034369 -0.9527059 -0.01665735 0.01229798 0.94616 0.2991918 0.1235537 0.2384042 -0.1127266 -0.05325132 0.9921981 0.9072571 0 0 0 1 0.2389988 -0.9710196 7.68676e-4 0.0197435 0.961524 0.236772 0.1393228 0.3883678 -0.1354671 -0.03255885 0.9902467 0.9669834 0 0 0 1 0.1896201 -0.9816585 0.0197674 0.02453708 0.9627803 0.1898475 0.192385 0.515804 -0.1926092 -0.01744836 0.9811204 0.9996303 0 0 0 1 0.1617069 -0.9861165 0.03775161 0.02574872 0.9451452 0.1657637 0.2814658 0.613483 -0.2838159 -0.00983417 0.9588283 0.996719 0 0 0 1 0.1467517 -0.9875588 0.05649441 0.02485156 0.9055234 0.1571083 0.3941377 0.6992004 -0.3981099 -0.006683349 0.9173134 0.9719169 0 0 0 1 0.1337791 -0.9879305 0.07807874 0.02283322 0.8338239 0.1547892 0.5298848 0.7758764 -0.5355752 -0.005783557 0.8444678 0.934051 0 0 0 1 0.1107854 -0.9886401 0.1015746 0.02068138 0.7155174 0.1502743 0.6822409 0.8464309 -0.6897547 -0.002903997 0.7240373 0.8919481 0 0 0 1 0.06520915 -0.9897121 0.127349 0.01798909 0.4794089 0.1429997 0.8658627 0.9065881 -0.8751656 0.004590094 0.4838017 0.8389106 0 0 0 1 0.004920721 -0.9901514 0.1399136 0.01447409 0.1327159 0.1393242 0.981313 0.9541328 -0.9911419 0.01374006 0.1320945 0.773109 0 0 0 1 -0.04134654 -0.9900661 0.1343867 0.01131123 -0.1451296 0.1390263 0.9795964 0.995074 -0.9885484 0.02099937 -0.1494362 0.7106758 0 0 0 1 -0.07011175 -0.9898459 0.1236505 0.00863111 -0.3201137 0.1397253 0.9370188 1.033619 -0.9447812 0.02611368 -0.3266597 0.6535432 0 0 0 1 -0.09391486 -0.9895204 0.109678 0.005929589 -0.468662 0.1411358 0.8720302 1.069876 -0.8783712 0.03049474 -0.4770055 0.5952569 0 0 0 1 -0.1102857 -0.9891954 0.09659045 0.003428936 -0.5733143 0.1427006 0.8068131 1.103711 -0.8118793 0.03360325 -0.5828577 0.539367 0 0 0 1 -0.1180647 -0.988996 0.08914875 0.001351296 -0.6238095 0.1437198 0.7682489 1.134989 -0.7726076 0.03509128 -0.6339133 0.4894205 0 0 0 1 -0.1160767 -0.9890272 0.09138649 -8.10623e-5 -0.6103656 0.1436144 0.7789922 1.163576 -0.7835689 0.03464359 -0.6203384 0.4489675 0 0 0 1 -0.1007672 -0.9892389 0.1060768 -8.00278e-4 -0.5089516 0.142867 0.8488565 1.187495 -0.8548767 0.03154885 -0.5178712 0.4188703 0 0 0 1 -0.07061791 -0.9894258 0.126688 -0.001001596 -0.31672 0.1426736 0.9377275 1.206756 -0.9458867 0.02609556 -0.3234463 0.3960648 0 0 0 1 -0.02892017 -0.9894416 0.1420178 -8.57813e-4 -0.06374186 0.1436135 0.9875789 1.224211 -0.9975473 0.01950842 -0.06722223 0.3782084 0 0 0 1 0.01608479 -0.9892745 0.1451799 -5.41357e-4 0.197239 0.1454849 0.9695003 1.24271 -0.9802234 0.01304095 0.1974636 0.3629602 0 0 0 1 0.05398905 -0.9890871 0.1370831 -2.2491e-4 0.4093699 0.1471403 0.9004254 1.265101 -0.9107697 0.007504522 0.4128465 0.3479789 0 0 0 1 0.07664489 -0.9891536 0.125303 -8.10657e-5 0.5341507 0.1468521 0.8325368 1.294234 -0.8419077 0.003121018 0.5396125 0.3309224 0 0 0 1 0.07788759 -0.9899544 0.1179998 -8.10658e-5 0.5404813 0.1413851 0.8293915 1.336925 -0.8377432 -8.22604e-4 0.5460639 0.3120997 0 0 0 1 0.06263732 -0.9914555 0.1144233 -8.10657e-5 0.4506452 0.1303918 0.8831291 1.391612 -0.8905031 -0.003752589 0.454962 0.2937114 0 0 0 1 0.04134583 -0.9931311 0.1094584 -8.10657e-5 0.3193942 0.1169412 0.9403787 1.448583 -0.9467195 -0.003920376 0.3220353 0.2762541 0 0 0 1 0.0243498 -0.9945159 0.1017114 -8.10659e-5 0.2151231 0.1045706 0.9709722 1.498128 -0.9762834 -0.001762449 0.2164896 0.2602248 0 0 0 1 0.01195418 -0.9956921 0.09194791 -8.10667e-5 0.1600391 0.09267425 0.9827508 1.533726 -0.9870384 0.002967178 0.1604574 0.245636 0 0 0 1 1.95861e-4 -0.9966678 0.08156901 -8.1068e-5 0.1223075 0.08098047 0.9891831 1.561875 -0.9924922 0.009782731 0.1219158 0.2332912 0 0 0 1 -0.007802128 -0.9972211 0.07408827 -8.10691e-5 0.09748828 0.07297909 0.9925574 1.592391 -0.9952061 0.0149669 0.09664803 0.2248743 0 0 0 1 -0.01006829 -0.9973538 0.07199984 -8.107e-5 0.08860594 0.0708304 0.9935452 1.635559 -0.9960159 0.01638287 0.08765834 0.2222558 0 0 0 1 -0.008975148 -0.9972721 0.07326471 -8.10708e-5 0.09294915 0.07211846 0.9930556 1.681094 -0.9956304 0.01572275 0.0920484 0.2235651 0 0 0 1 -0.007876396 -0.997188 0.07452416 -8.10712e-5 0.09728926 0.07340884 0.9925452 1.707951 -0.995225 0.01506811 0.09643757 0.2248743 0 0 0 1 -0.007903814 -0.9971759 0.07468491 -8.10714e-5 0.09721589 0.07356715 0.9925408 1.715995 -0.995232 0.01510542 0.09635978 0.2248743 0 0 0 1 -0.007935285 -0.9971619 0.0748682 -8.10714e-5 0.09713214 0.07374787 0.9925355 1.71977 -0.9952399 0.01514804 0.09627127 0.2248743 0 0 0 1 -0.007968068 -0.9971472 0.0750603 -8.10715e-5 0.0970444 0.07393729 0.99253 1.720262 -0.9952482 0.01519262 0.09617841 0.2248743 0 0 0 1 -0.008000016 -0.9971327 0.075248 -8.10714e-5 0.09695869 0.07412242 0.9925245 1.718457 -0.9952562 0.01523625 0.09608781 0.2248743 0 0 0 1 -0.008029222 -0.9971198 0.07541745 -8.10714e-5 0.09688127 0.07428944 0.9925196 1.715338 -0.9952636 0.01527565 0.09600573 0.2248743 0 0 0 1 -0.008052825 -0.9971091 0.07555532 -8.10713e-5 0.09681838 0.07442533 0.9925156 1.711891 -0.9952695 0.01530766 0.09593915 0.2248743 0 0 0 1 -0.00806868 -0.997102 0.07564806 -8.10713e-5 0.09677594 0.07451677 0.9925128 1.7091 -0.9952736 0.01532912 0.09589421 0.2248743 0 0 0 1 -0.008074402 -0.9970993 0.07568192 -8.10712e-5 0.09676051 0.07455027 0.9925118 1.707951 -0.9952749 0.01533699 0.09587794 0.2248743 0 0 0 1</float_array>
        <technique_common>
          <accessor source="#node-Bip01_matrix-output-array" count="41" stride="16">
            <param name="TRANSFORM" type="float4x4"/>
          </accessor>
        </technique_common>
      </source>
      <source id="node-Bip01_matrix-interpolation">
        <Name_array id="node-Bip01_matrix-interpolation-array" count="41">LINEAR LINEAR LINEAR LINEAR LINEAR LINEAR LINEAR LINEAR LINEAR LINEAR LINEAR LINEAR LINEAR LINEAR LINEAR LINEAR LINEAR LINEAR LINEAR LINEAR LINEAR LINEAR LINEAR LINEAR LINEAR LINEAR LINEAR LINEAR LINEAR LINEAR LINEAR LINEAR LINEAR LINEAR LINEAR LINEAR LINEAR LINEAR LINEAR LINEAR LINEAR</Name_array>
        <technique_common>
          <accessor source="#node-Bip01_matrix-interpolation-array" count="41" stride="1">
            <param name="INTERPOLATION" type="name"/>
          </accessor>
        </technique_common>
      </source>
      <source id="node-Bip01_Spine_matrix-input">
        <float_array id="node-Bip01_Spine_matrix-input-array" count="41">11 11.03333 11.06667 11.1 11.13333 11.16667 11.2 11.23333 11.26667 11.3 11.33333 11.36667 11.4 11.43333 11.46667 11.5 11.53333 11.56667 11.6 11.63333 11.66667 11.7 11.73333 11.76667 11.8 11.83333 11.86667 11.9 11.93333 11.96667 12 12.03333 12.06667 12.1 12.13333 12.16667 12.2 12.23333 12.26667 12.3 12.33333</float_array>
        <technique_common>
          <accessor source="#node-Bip01_Spine_matrix-input-array" count="41" stride="1">
            <param name="TIME" type="float"/>
          </accessor>
        </technique_common>
      </source>
      <source id="node-Bip01_Spine_matrix-output">
        <float_array id="node-Bip01_Spine_matrix-output-array" count="656">0.9916931 0.08133208 -0.09964913 0.1974927 -0.09817779 0.9791404 -0.1778911 0.02499383 0.08310222 0.1861967 0.9789918 0.02778857 0 0 0 1 0.9934755 0.06605309 -0.09297096 0.197494 -0.08065384 0.9832798 -0.1632654 0.02499347 0.08063226 0.1696987 0.9821919 0.02778995 0 0 0 1 0.995265 0.03610289 -0.09024453 0.1974964 -0.04801642 0.989879 -0.1335436 0.02499288 0.08450984 0.1372444 0.9869256 0.02779251 0 0 0 1 0.9955782 0.002453207 -0.09390455 0.1974991 -0.01238143 0.9943642 -0.1052913 0.02499258 0.09311705 0.1059883 0.9899979 0.02779507 0 0 0 1 0.994207 -0.02381569 -0.1048105 0.1975013 0.01378178 0.9953402 -0.09543675 0.02499252 0.1065949 0.0934394 0.9899024 0.02779608 0 0 0 1 0.9909462 -0.04135161 -0.1277326 0.1975028 0.02654701 0.9929522 -0.115503 0.0249927 0.1316086 0.1110664 0.9850602 0.02779471 0 0 0 1 0.9855501 -0.05644911 -0.1597019 0.1975039 0.03158205 0.9875406 -0.1541632 0.02499312 0.1664144 0.1468918 0.9750533 0.02779179 0 0 0 1 0.9794312 -0.06893575 -0.1896378 0.1975048 0.03147923 0.9805257 -0.1938512 0.02499371 0.199308 0.1838942 0.9625276 0.02778875 0 0 0 1 0.9752551 -0.07696735 -0.2072528 0.1975057 0.03076845 0.9755727 -0.217512 0.02499407 0.2189314 0.2057528 0.9538002 0.02778697 0 0 0 1 0.9737782 -0.07859903 -0.2134908 0.1975057 0.02922111 0.9738617 -0.2252543 0.02499425 0.2256152 0.2131093 0.9506221 0.02778637 0 0 0 1 0.9733983 -0.07517266 -0.2164371 0.1975054 0.02426654 0.973157 -0.22886 0.02499437 0.2278312 0.2175197 0.9490935 0.02778607 0 0 0 1 0.973764 -0.06896024 -0.2168594 0.1975048 0.01785427 0.973192 -0.2292996 0.02499431 0.2268583 0.2194119 0.9488908 0.02778595 0 0 0 1 0.9745196 -0.06226313 -0.2154884 0.1975042 0.01189458 0.9736946 -0.2275469 0.02499419 0.2239876 0.2191857 0.949625 0.02778589 0 0 0 1 0.9753508 -0.05739861 -0.2130638 0.1975038 0.008289515 0.9744252 -0.2245593 0.02499425 0.2205041 0.2172579 0.9508823 0.02778607 0 0 0 1 0.9759802 -0.0566886 -0.2103546 0.1975038 0.008950173 0.9751706 -0.2212734 0.02499425 0.2176753 0.2140758 0.9522546 0.02778631 0 0 0 1 0.9761005 -0.06244683 -0.2081543 0.1975044 0.01580071 0.9756837 -0.2186128 0.02499413 0.2167445 0.2100991 0.9533522 0.02778661 0 0 0 1 0.9752549 -0.07696735 -0.2072528 0.1975054 0.03076851 0.9755724 -0.217512 0.02499401 0.2189314 0.2057527 0.9538002 0.02778697 0 0 0 1 0.9721739 -0.1091626 -0.2072708 0.1975082 0.06299203 0.9740191 -0.2175285 0.02499437 0.2256318 0.1984192 0.9537925 0.02778756 0 0 0 1 0.9651572 -0.1596708 -0.207309 0.1975122 0.1136421 0.9694072 -0.2175664 0.02499461 0.2357058 0.1864268 0.9537757 0.02778857 0 0 0 1 0.953601 -0.2182965 -0.2073445 0.1975171 0.1725963 0.9606549 -0.2176067 0.02499532 0.2466893 0.1717231 0.9537588 0.02778983 0 0 0 1 0.9388092 -0.2750273 -0.2073578 0.1975216 0.2298239 0.948588 -0.2176275 0.02499628 0.2565507 0.1566549 0.9537511 0.02779102 0 0 0 1 0.9243204 -0.3203828 -0.2073327 0.1975253 0.2757191 0.9362839 -0.2176042 0.02499735 0.2638388 0.1439704 0.9537619 0.02779203 0 0 0 1 0.9152456 -0.3455018 -0.2072536 0.1975275 0.3012186 0.9284158 -0.217512 0.02499806 0.2675684 0.1366483 0.9538 0.02779269 0 0 0 1 0.9234413 -0.3231602 -0.2069386 0.1975257 0.2787199 0.9355017 -0.217144 0.02499753 0.2637639 0.1428418 0.9539522 0.02779215 0 0 0 1 0.9437216 -0.2584027 -0.2064403 0.1975202 0.2134549 0.9526326 -0.2166288 0.02499592 0.2526394 0.1603716 0.9541773 0.02779066 0 0 0 1 0.9594066 -0.192461 -0.2061504 0.1975151 0.1471166 0.9651573 -0.2163981 0.02499502 0.2406158 0.1772856 0.9542924 0.02778941 0 0 0 1 0.9696693 -0.1309349 -0.2063918 0.19751 0.08519524 0.972514 -0.2166986 0.02499443 0.2290923 0.1925423 0.9541719 0.02778804 0 0 0 1 0.9759269 -0.06894761 -0.2069132 0.1975051 0.02288985 0.975856 -0.2172123 0.02499407 0.2168937 0.2072471 0.9539423 0.02778691 0 0 0 1 0.9776644 -0.03490895 -0.2072528 0.1975023 -0.01126068 0.9759926 -0.2175125 0.02499407 0.2098703 0.2149881 0.9538 0.02778625 0 0 0 1 0.9779272 -0.0260182 -0.20732 0.1975016 -0.02016192 0.9758367 -0.2175692 0.02499407 0.2079712 0.2169468 0.9537727 0.02778607 0 0 0 1 0.9780551 -0.02021241 -0.2073642 0.197501 -0.02597254 0.9756912 -0.2176059 0.02499413 0.2067217 0.2182163 0.9537547 0.02778601 0 0 0 1 0.9781101 -0.01705193 -0.2073883 0.1975008 -0.02913492 0.9755973 -0.2176257 0.02499407 0.2060384 0.2189041 0.9537448 0.02778595 0 0 0 1 0.9781247 -0.01609641 -0.2073956 0.1975004 -0.03009092 0.9755671 -0.2176318 0.02499407 0.2058314 0.2191117 0.9537419 0.02778583 0 0 0 1 0.9781125 -0.01690495 -0.2073894 0.1975007 -0.02928203 0.9755928 -0.2176266 0.02499407 0.2060066 0.2189361 0.9537444 0.02778589 0 0 0 1 0.9780769 -0.01903641 -0.2073732 0.1975007 -0.02714926 0.9756575 -0.2176133 0.02499407 0.2064677 0.2184725 0.953751 0.02778595 0 0 0 1 0.9780183 -0.02204972 -0.2073501 0.197501 -0.02413386 0.9757409 -0.2175943 0.02499407 0.2071179 0.2178153 0.9537602 0.02778601 0 0 0 1 0.9779399 -0.02550381 -0.2073239 0.1975011 -0.02067679 0.9758252 -0.2175725 0.02499401 0.2078608 0.2170596 0.9537709 0.02778607 0 0 0 1 0.9778493 -0.02895754 -0.2072977 0.1975016 -0.01721954 0.9758971 -0.2175505 0.02499407 0.2086009 0.2163012 0.9537817 0.02778613 0 0 0 1 0.9777603 -0.03197014 -0.2072749 0.197502 -0.01420336 0.9759499 -0.2175313 0.02499407 0.2092445 0.2156375 0.953791 0.02778625 0 0 0 1 0.9776917 -0.03410083 -0.2072588 0.197502 -0.01206994 0.9759818 -0.2175177 0.02499401 0.2096984 0.2151668 0.9537976 0.02778625 0 0 0 1 0.9776644 -0.03490895 -0.2072528 0.1975022 -0.01126068 0.9759925 -0.2175125 0.02499407 0.2098703 0.2149881 0.9538001 0.02778625 0 0 0 1</float_array>
        <technique_common>
          <accessor source="#node-Bip01_Spine_matrix-output-array" count="41" stride="16">
            <param name="TRANSFORM" type="float4x4"/>
          </accessor>
        </technique_common>
      </source>
      <source id="node-Bip01_Spine_matrix-interpolation">
        <Name_array id="node-Bip01_Spine_matrix-interpolation-array" count="41">LINEAR LINEAR LINEAR LINEAR LINEAR LINEAR LINEAR LINEAR LINEAR LINEAR LINEAR LINEAR LINEAR LINEAR LINEAR LINEAR LINEAR LINEAR LINEAR LINEAR LINEAR LINEAR LINEAR LINEAR LINEAR LINEAR LINEAR LINEAR LINEAR LINEAR LINEAR LINEAR LINEAR LINEAR LINEAR LINEAR LINEAR LINEAR LINEAR LINEAR LINEAR</Name_array>
        <technique_common>
          <accessor source="#node-Bip01_Spine_matrix-interpolation-array" count="41" stride="1">
            <param name="INTERPOLATION" type="name"/>
          </accessor>
        </technique_common>
      </source>
      <source id="node-Bip01_Spine1_matrix-input">
        <float_array id="node-Bip01_Spine1_matrix-input-array" count="41">11 11.03333 11.06667 11.1 11.13333 11.16667 11.2 11.23333 11.26667 11.3 11.33333 11.36667 11.4 11.43333 11.46667 11.5 11.53333 11.56667 11.6 11.63333 11.66667 11.7 11.73333 11.76667 11.8 11.83333 11.86667 11.9 11.93333 11.96667 12 12.03333 12.06667 12.1 12.13333 12.16667 12.2 12.23333 12.26667 12.3 12.33333</float_array>
        <technique_common>
          <accessor source="#node-Bip01_Spine1_matrix-input-array" count="41" stride="1">
            <param name="TIME" type="float"/>
          </accessor>
        </technique_common>
      </source>
      <source id="node-Bip01_Spine1_matrix-output">
