<?xml version="1.0" encoding="utf-8"?>
<COLLADA xmlns="http://www.collada.org/2005/11/COLLADASchema" version="1.4.1">
  <asset>
    <contributor>
      <author>MattO</author>
      <authoring_tool>OpenCOLLADA for 3ds Max;  Version: 1.3.0;  Revision: 839M;  Platform: x64;  Configuration: Release_Max2012</authoring_tool>
      <source_data>file:///C:/Dropbox/Prj/GGStout/Turret/TP_Soldier_Turret_Animation_Master.max</source_data>
    </contributor>
    <created>2011-09-30T18:22:31</created>
    <modified>2011-09-30T18:22:31</modified>
    <unit name="meter" meter="1"/>
    <up_axis>Z_UP</up_axis>
  </asset>
  <library_effects>
    <effect id="ShapeBounds">
      <profile_COMMON>
        <technique sid="common">
          <blinn>
            <emission>
              <color>0 0 0 1</color>
            </emission>
            <ambient>
              <color>0.1647059 1 0 1</color>
            </ambient>
            <diffuse>
              <color>0.1647059 1 0 1</color>
            </diffuse>
            <specular>
              <color>0.9 0.9 0.9 1</color>
            </specular>
            <shininess>
              <float>10</float>
            </shininess>
            <reflective>
              <color>0 0 0 1</color>
            </reflective>
            <transparent opaque="A_ONE">
              <color>1 1 1 1</color>
            </transparent>
            <transparency>
              <float>1</float>
            </transparency>
          </blinn>
        </technique>
      </profile_COMMON>
      <extra>
        <technique profile="OpenCOLLADA3dsMax">
          <extended_shader>
            <apply_reflection_dimming>0</apply_reflection_dimming>
            <dim_level>0</dim_level>
            <falloff_type>0</falloff_type>
            <index_of_refraction>1.5</index_of_refraction>
            <opacity_type>0</opacity_type>
            <reflection_level>3</reflection_level>
            <wire_size>1</wire_size>
            <wire_units>0</wire_units>
          </extended_shader>
          <shader>
            <ambient_diffuse_lock>1</ambient_diffuse_lock>
            <ambient_diffuse_texture_lock>1</ambient_diffuse_texture_lock>
            <diffuse_specular_lock>0</diffuse_specular_lock>
            <soften>0.1</soften>
            <use_self_illum_color>0</use_self_illum_color>
          </shader>
        </technique>
      </extra>
    </effect>
  </library_effects>
  <library_materials>
    <material id="ShapeBounds-material" name="ShapeBounds">
      <instance_effect url="#ShapeBounds"/>
    </material>
  </library_materials>
  <library_geometries>
    <geometry id="geom-BOUNDS" name="BOUNDS">
      <mesh>
        <source id="geom-BOUNDS-positions">
          <float_array id="geom-BOUNDS-positions-array" count="24">-0.425 -0.425 0 0.425 -0.425 0 -0.425 0.425 0 0.425 0.425 0 -0.425 -0.425 1.84 0.425 -0.425 1.84 -0.425 0.425 1.84 0.425 0.425 1.84</float_array>
          <technique_common>
            <accessor source="#geom-BOUNDS-positions-array" count="8" stride="3">
              <param name="X" type="float"/>
              <param name="Y" type="float"/>
              <param name="Z" type="float"/>
            </accessor>
          </technique_common>
        </source>
        <source id="geom-BOUNDS-normals">
          <float_array id="geom-BOUNDS-normals-array" count="72">0 0 -1 0 0 -1 0 0 -1 0 0 -1 0 0 1 0 0 1 0 0 1 0 0 1 0 -1 0 0 -1 0 0 -1 0 0 -1 0 1 0 0 1 0 0 1 0 0 1 0 0 0 1 0 0 1 0 0 1 0 0 1 0 -1 0 0 -1 0 0 -1 0 0 -1 0 0</float_array>
          <technique_common>
            <accessor source="#geom-BOUNDS-normals-array" count="24" stride="3">
              <param name="X" type="float"/>
              <param name="Y" type="float"/>
              <param name="Z" type="float"/>
            </accessor>
          </technique_common>
        </source>
        <source id="geom-BOUNDS-map1">
          <float_array id="geom-BOUNDS-map1-array" count="36">0 0 0 1 0 0 0 1 0 1 1 0 0 0 0 1 0 0 0 1 0 1 1 0 0 0 0 1 0 0 0 1 0 1 1 0</float_array>
          <technique_common>
            <accessor source="#geom-BOUNDS-map1-array" count="12" stride="3">
              <param name="S" type="float"/>
              <param name="T" type="float"/>
              <param name="P" type="float"/>
            </accessor>
          </technique_common>
        </source>
        <vertices id="geom-BOUNDS-vertices">
          <input semantic="POSITION" source="#geom-BOUNDS-positions"/>
        </vertices>
        <triangles material="ShapeBounds" count="12">
          <input semantic="VERTEX" source="#geom-BOUNDS-vertices" offset="0"/>
          <input semantic="NORMAL" source="#geom-BOUNDS-normals" offset="1"/>
          <input semantic="TEXCOORD" source="#geom-BOUNDS-map1" offset="2" set="0"/>
          <p>0 0 9 2 1 11 3 2 10 3 2 10 1 3 8 0 0 9 4 4 8 5 5 9 7 6 11 7 6 11 6 7 10 4 4 8 0 8 4 1 9 5 5 10 7 5 10 7 4 11 6 0 8 4 1 12 0 3 13 1 7 14 3 7 14 3 5 15 2 1 12 0 3 16 4 2 17 5 6 18 7 6 18 7 7 19 6 3 16 4 2 20 0 0 21 1 4 22 3 4 22 3 6 23 2 2 20 0</p>
        </triangles>
      </mesh>
      <extra>
        <technique profile="OpenCOLLADA3dsMax">
          <max_box>
            <generateuvs>1</generateuvs>
            <height>1.84</height>
            <heightsegments>1</heightsegments>
            <length>0.85</length>
            <lengthsegments>1</lengthsegments>
            <width>0.85</width>
            <widthsegments>1</widthsegments>
          </max_box>
        </technique>
      </extra>
    </geometry>
  </library_geometries>
  <library_lights>
    <light id="EnvironmentAmbientLight" name="EnvironmentAmbientLight">
      <technique_common>
        <ambient>
          <color>0 0 0</color>
        </ambient>
      </technique_common>
    </light>
  </library_lights>
  <library_visual_scenes>
    <visual_scene id="MaxScene">
      <node name="EnvironmentAmbientLight">
        <instance_light url="#EnvironmentAmbientLight"/>
      </node>
      <node id="node-Bip01" name="Bip01">
        <matrix sid="matrix">0.4249402 -0.9050665 -0.01674204 -8.10623e-5 0.8993581 0.4200139 0.121422 -0.02769724 -0.1028631 -0.0666542 0.9924598 0.479816 0 0 0 1</matrix>
        <node id="node-Bip01_Pelvis" name="Bip01_Pelvis">
          <matrix>-0.009626731 0.9912359 0.1317525 0 -0.1217413 -0.1319404 0.9837534 0 0.9925151 -0.006569393 0.1219445 0 0 0 0 1</matrix>
          <node id="node-Bip01_Spine" name="Bip01_Spine">
            <matrix>0.9916933 0.08133213 -0.09964907 0.1974928 -0.09817783 0.9791405 -0.1778911 0.02499388 0.08310218 0.1861967 0.9789917 0.02778859 0 0 0 1</matrix>
            <node id="node-Bip01_Spine1" name="Bip01_Spine1">
              <matrix>0.9768805 -0.1934979 -0.09090087 0.1022494 0.1920003 0.9810758 -0.02502523 -9.91151e-5 0.09402297 0.006993675 0.9955455 -7.13393e-7 0 0 0 1</matrix>
              <node id="node-Bip01_Spine2" name="Bip01_Spine2">
                <matrix>0.9832346 -0.1803838 0.02667584 0.1268971 0.1810793 0.9831128 -0.02645705 -1.68398e-4 -0.02145293 0.03084392 0.999294 -5.28991e-6 0 0 0 1</matrix>
                <node id="node-Bip01_Neck" name="Bip01_Neck">
                  <matrix>0.9021776 -0.4308737 0.02058499 0.2151069 0.4312887 0.9018878 -0.02426411 -4.96209e-5 -0.008110568 0.03076867 0.9994937 -1.67638e-6 0 0 0 1</matrix>
                  <node id="node-Bip01_Head" name="Bip01_Head">
                    <matrix>0.8249742 0.5162328 -0.230046 0.07051814 -0.5614573 0.7951708 -0.2290605 -0.01395917 0.06467739 0.3181301 0.9458383 0 0 0 0 1</matrix>
                    <node id="node-ALTEYE" name="ALTEYE">
                      <matrix>0.4506335 0.3792479 0.8081464 0.06454682 0.04412801 0.8947044 -0.4444741 0.2214611 -0.8916175 0.2359567 0.3864482 0.04716265 0 0 0 1</matrix>
                    </node>
                  </node>
                  <node id="node-Bip01_L_Clavicle" name="Bip01_L_Clavicle">
                    <matrix>-0.5354223 -0.4308191 0.726442 -0.02496177 0.2255765 -0.9018173 -0.3685654 -0.01206529 0.8139032 -0.03346984 0.5800358 0.0685524 0 0 0 1</matrix>
                    <node id="node-Bip01_L_UpperArm" name="Bip01_L_UpperArm">
                      <matrix>-0.3564669 0.7596526 0.5439296 0.1824007 -0.9236836 -0.3740814 -0.08289819 0 0.1405001 -0.5319692 0.8350261 -5.96046e-8 0 0 0 1</matrix>
                      <node id="node-Bip01_L_Forearm" name="Bip01_L_Forearm">
                        <matrix>0.7762353 0.6304432 -7.45058e-9 0.2843689 -0.630443 0.7762354 1.49012e-8 5.96046e-8 0 -1.49012e-8 1 -2.98023e-8 0 0 0 1</matrix>
                        <node id="node-Bip01_L_Hand" name="Bip01_L_Hand">
                          <matrix>0.843966 -0.1420734 0.5172392 0.2810681 -0.3432851 0.5978847 0.7243544 -1.78814e-7 -0.4121609 -0.788891 0.4558227 2.98023e-8 0 0 0 1</matrix>
                          <node id="node-Bip01_L_Finger0" name="Bip01_L_Finger0">
                            <matrix>0.5215106 0.269013 0.8097275 0.02119678 0.7250716 0.3605264 -0.5867639 -0.004734337 -0.4497753 0.893114 -0.007035509 -0.02572179 0 0 0 1</matrix>
                            <node id="node-Bip01_L_Finger01" name="Bip01_L_Finger01">
                              <matrix>0.6423534 -0.7636238 -0.06527569 0.04982856 0.7605616 0.6456372 -0.06854744 -5.96046e-8 0.09448883 -0.005614519 0.9955101 0 0 0 0 1</matrix>
                              <node id="node-Bip01_L_Finger02" name="Bip01_L_Finger02">
                                <matrix>0.9505158 -0.3106764 -1.49012e-8 0.05202237 0.3106764 0.9505158 0 5.96046e-8 -1.49012e-8 3.25963e-9 1 2.38419e-7 0 0 0 1</matrix>
                              </node>
                            </node>
                          </node>
                          <node id="node-Bip01_L_Finger1" name="Bip01_L_Finger1">
                            <matrix>0.6408502 -0.7640202 0.07472672 0.1199947 0.7674397 0.6352568 -0.08651491 -0.008367598 0.01862849 0.1127913 0.993444 -0.04101384 0 0 0 1</matrix>
                            <node id="node-Bip01_L_Finger11" name="Bip01_L_Finger11">
                              <matrix>0.8240548 -0.5665103 -7.91624e-9 0.03644173 0.5665103 0.8240548 -7.45058e-9 1.19209e-7 3.72529e-9 -3.72529e-9 1 2.98023e-8 0 0 0 1</matrix>
                              <node id="node-Bip01_L_Finger12" name="Bip01_L_Finger12">
                                <matrix>0.8146398 -0.5796779 -0.01831833 0.03117532 0.5799673 0.8142333 0.02573049 -1.19209e-7 7.45058e-9 -0.03158512 0.9995012 2.98023e-8 0 0 0 1</matrix>
                              </node>
                            </node>
                          </node>
                          <node id="node-Bip01_L_Finger2" name="Bip01_L_Finger2">
                            <matrix>0.6754013 -0.7374504 1.52111e-4 0.1229538 0.7368313 0.6748427 0.04082683 -0.008801997 -0.03021041 -0.02746239 0.9991661 -0.01328257 0 0 0 1</matrix>
                            <node id="node-Bip01_L_Finger21" name="Bip01_L_Finger21">
                              <matrix>0.5508358 -0.8338859 0.03484871 0.03895515 0.832222 0.551937 0.05265063 -2.38419e-7 -0.06313892 -7.45058e-9 0.9980049 5.96046e-8 0 0 0 1</matrix>
                              <node id="node-Bip01_L_Finger22" name="Bip01_L_Finger22">
                                <matrix>0.1984735 -0.9799248 -0.01886612 0.03800559 0.9755273 0.199368 -0.09272984 1.19209e-7 0.09462958 0 0.9955125 5.96046e-8 0 0 0 1</matrix>
                              </node>
                            </node>
                          </node>
                          <node id="node-Bip01_L_Finger3" name="Bip01_L_Finger3">
                            <matrix>0.7159051 -0.6949216 -0.06755455 0.1211882 0.6883786 0.6863562 0.234627 -0.001191378 -0.1166809 -0.2144738 0.9697351 0.01196867 0 0 0 1</matrix>
                            <node id="node-Bip01_L_Finger31" name="Bip01_L_Finger31">
                              <matrix>0.4441953 -0.8949345 -0.04222352 0.03155844 0.8909184 0.4461976 -0.08468732 2.38419e-7 0.09462959 -2.98023e-8 0.9955126 8.9407e-8 0 0 0 1</matrix>
                              <node id="node-Bip01_L_Finger32" name="Bip01_L_Finger32">
                                <matrix>0.1993681 -0.9794357 0.03095107 0.03366601 0.9799247 0.1992685 -0.006297082 0 2.98023e-8 0.03158511 0.9995011 -8.9407e-8 0 0 0 1</matrix>
                              </node>
                            </node>
                          </node>
                          <node id="node-Bip01_L_Finger4" name="Bip01_L_Finger4">
                            <matrix>0.5925791 -0.789795 0.1583476 0.1136799 0.7783521 0.6120424 0.1399001 0.005147219 -0.2074078 0.04034829 0.977422 0.03886566 0 0 0 1</matrix>
                            <node id="node-Bip01_L_Finger41" name="Bip01_L_Finger41">
                              <matrix>0.4202556 -0.9064697 -0.04120624 0.03661618 0.9068532 0.421151 -0.01578784 0 0.03166522 -0.03073306 0.9990261 1.19209e-7 0 0 0 1</matrix>
                              <node id="node-Bip01_L_Finger42" name="Bip01_L_Finger42">
                                <matrix>0.402447 -0.9138245 0.05441488 0.01772642 0.9154232 0.4021219 -0.01728319 0 -0.006087616 0.05676816 0.9983688 -2.98023e-8 0 0 0 1</matrix>
                              </node>
                            </node>
                          </node>
                        </node>
                      </node>
                    </node>
                  </node>
                  <node id="node-Bip01_R_Clavicle" name="Bip01_R_Clavicle">
                    <matrix>-0.07751405 -0.362438 -0.9287789 -0.02385288 0.5681534 -0.7815726 0.2575766 -0.01627082 -0.8192639 -0.5077232 0.2665033 -0.06807299 0 0 0 1</matrix>
                    <node id="node-Bip01_R_UpperArm" name="Bip01_R_UpperArm">
                      <matrix>0.7005727 -0.04837954 -0.7119392 0.1824006 -0.6460728 0.3805889 -0.6616209 2.98023e-8 0.3029651 0.9234782 0.2353735 0 0 0 0 1</matrix>
                      <node id="node-Bip01_R_Forearm" name="Bip01_R_Forearm">
                        <matrix>-0.1981755 0.9801666 2.23517e-8 0.2843689 -0.9801664 -0.1981754 -7.45058e-9 0 1.49012e-8 3.72529e-8 0.9999999 2.98023e-8 0 0 0 1</matrix>
                        <node id="node-Bip01_R_Hand" name="Bip01_R_Hand">
                          <matrix>0.8251113 -0.2495067 -0.5068903 0.281068 -0.5635476 -0.299842 -0.7697461 5.96046e-8 0.0400698 0.920783 -0.3880119 0 0 0 0 1</matrix>
                          <node id="node-Bip01_R_Finger0" name="Bip01_R_Finger0">
                            <matrix>0.5215105 0.269013 -0.8097275 0.02119684 0.7250716 0.3605265 0.5867638 -0.004734278 0.4497754 -0.8931139 -0.007035524 0.02572197 0 0 0 1</matrix>
                            <node id="node-Bip01_R_Finger01" name="Bip01_R_Finger01">
                              <matrix>0.6423535 -0.7636237 0.06527573 0.04982856 0.7605616 0.6456373 0.06854746 2.98023e-8 -0.09448889 0.005614489 0.9955101 -1.19209e-7 0 0 0 1</matrix>
                              <node id="node-Bip01_R_Finger02" name="Bip01_R_Finger02">
                                <matrix>0.9505157 -0.3106765 0 0.05202237 0.3106765 0.9505157 0 -2.98023e-8 0 0 1 0 0 0 0 1</matrix>
                              </node>
                            </node>
                          </node>
                          <node id="node-Bip01_R_Finger1" name="Bip01_R_Finger1">
                            <matrix>0.9820225 -0.1733428 -0.07472672 0.1199949 0.1795577 0.9799358 0.08651491 -0.008367598 0.05823065 -0.09837732 0.993444 0.04101394 0 0 0 1</matrix>
                            <node id="node-Bip01_R_Finger11" name="Bip01_R_Finger11">
                              <matrix>0.8240547 -0.5665101 0 0.03644168 0.5665103 0.8240547 1.86265e-9 0 3.72529e-9 3.72529e-8 1 0 0 0 0 1</matrix>
                              <node id="node-Bip01_R_Finger12" name="Bip01_R_Finger12">
                                <matrix>0.8146398 -0.5796779 0.01831837 0.03117543 0.5799672 0.8142335 -0.02573048 0 -6.75209e-9 0.0315851 0.9995011 -2.98023e-8 0 0 0 1</matrix>
                              </node>
                            </node>
                          </node>
                          <node id="node-Bip01_R_Finger2" name="Bip01_R_Finger2">
                            <matrix>0.6754013 -0.7374504 -1.52111e-4 0.1229539 0.7368313 0.6748428 -0.04082685 -0.008802056 0.03021044 0.02746241 0.9991662 0.01328245 0 0 0 1</matrix>
                            <node id="node-Bip01_R_Finger21" name="Bip01_R_Finger21">
                              <matrix>0.5508358 -0.8338858 -0.0348487 0.03895521 0.832222 0.551937 -0.05265064 0 0.06313893 -1.49012e-8 0.9980047 0 0 0 0 1</matrix>
                              <node id="node-Bip01_R_Finger22" name="Bip01_R_Finger22">
                                <matrix>0.1984734 -0.9799247 0.01886613 0.03800547 0.9755271 0.1993681 0.09272984 0 -0.09462957 0 0.9955125 2.98023e-8 0 0 0 1</matrix>
                              </node>
                            </node>
                          </node>
                          <node id="node-Bip01_R_Finger3" name="Bip01_R_Finger3">
                            <matrix>0.7159052 -0.6949216 0.06755456 0.1211882 0.6883785 0.6863562 -0.234627 -0.001191229 0.1166809 0.2144738 0.9697352 -0.01196864 0 0 0 1</matrix>
                            <node id="node-Bip01_R_Finger31" name="Bip01_R_Finger31">
                              <matrix>0.4441953 -0.8949344 0.04222349 0.03155839 0.8909185 0.4461976 0.08468726 1.19209e-7 -0.09462958 -1.49012e-8 0.9955125 -5.96046e-8 0 0 0 1</matrix>
                              <node id="node-Bip01_R_Finger32" name="Bip01_R_Finger32">
                                <matrix>0.1993682 -0.9794357 -0.030951 0.0336659 0.9799246 0.1992687 0.006297097 -2.38419e-7 -1.49012e-8 -0.03158512 0.9995012 8.9407e-8 0 0 0 1</matrix>
                              </node>
                            </node>
                          </node>
                          <node id="node-Bip01_R_Finger4" name="Bip01_R_Finger4">
                            <matrix>0.5925789 -0.789795 -0.1583476 0.1136796 0.7783523 0.6120423 -0.1399001 0.005147398 0.2074078 -0.04034829 0.977422 -0.03886569 0 0 0 1</matrix>
                            <node id="node-Bip01_R_Finger41" name="Bip01_R_Finger41">
                              <matrix>0.4202555 -0.9064697 0.04120623 0.03661624 0.9068531 0.4211511 0.01578783 0 -0.03166523 0.03073303 0.9990261 0 0 0 0 1</matrix>
                              <node id="node-Bip01_R_Finger42" name="Bip01_R_Finger42">
                                <matrix>0.4024469 -0.9138246 -0.05441488 0.0177263 0.915423 0.4021217 0.01728315 -5.96046e-8 0.006087609 -0.05676818 0.9983689 0 0 0 0 1</matrix>
                              </node>
                            </node>
                          </node>
                          <node id="node-MOUNT0" name="MOUNT0">
                            <matrix>-6.25849e-7 0.9999999 -1.3411e-7 0.1095392 -0.9999999 -6.55651e-7 4.37722e-7 0.0251826 4.84288e-7 1.3411e-7 0.9999998 0.0132167 0 0 0 1</matrix>
                          </node>
                        </node>
                      </node>
                    </node>
                  </node>
                </node>
                <node id="node-Bip01_L_Pauldron_Upper" name="Bip01_L_Pauldron_Upper">
                  <matrix>0.7291969 -0.2773261 0.6255901 0.1769029 -0.5504751 -0.7808024 0.2955091 -0.03908372 0.4065098 -0.5598562 -0.7220196 0.2290198 0 0 0 1</matrix>
                </node>
                <node id="node-Bip01_R_Pauldron_Lower" name="Bip01_R_Pauldron_Lower">
                  <matrix>-0.1156733 -0.940376 -0.3198657 0.172906 0.9097754 -0.2295508 0.3458562 -0.1133294 -0.3986601 -0.2509995 0.8820831 -0.2351095 0 0 0 1</matrix>
                </node>
                <node id="node-Bip01_L_Pauldron_Lower" name="Bip01_L_Pauldron_Lower">
                  <matrix>-0.2099971 -0.7687203 0.604129 0.1529203 0.4002345 -0.6313513 -0.6642358 -0.1054226 0.892028 0.1023056 0.4402495 0.2344799 0 0 0 1</matrix>
                </node>
              </node>
            </node>
            <node id="node-Bip01_L_Thigh" name="Bip01_L_Thigh">
              <matrix sid="matrix">-0.02816034 0.998169 -0.05352937 -0.1851133 0.9181845 0.0469985 0.3933553 -0.02197147 0.3951509 -0.03807282 -0.917827 0.1217295 0 0 0 1</matrix>
              <node id="node-Bip01_L_Calf" name="Bip01_L_Calf">
                <matrix sid="matrix">-0.4702809 0.8825169 0 0.4629989 -0.8825169 -0.4702808 1.86265e-9 -2.98023e-8 -2.04891e-8 -2.8871e-8 1 1.49012e-8 0 0 0 1</matrix>
                <node id="node-Bip01_L_Foot" name="Bip01_L_Foot">
                  <matrix sid="matrix">0.8651571 -0.5011123 -0.01975086 0.3610502 0.5013344 0.8652143 0.00826886 -5.96046e-8 0.01294512 -0.01705564 0.9997708 -7.45058e-9 0 0 0 1</matrix>
                  <node id="node-Bip01_L_Toe0" name="Bip01_L_Toe0">
                    <matrix>3.48315e-7 -0.9999999 1.08918e-6 0.1486306 0.9999999 3.46452e-7 -5.27536e-7 0.1543275 5.2651e-7 1.08872e-6 0.9999999 -7.45058e-9 0 0 0 1</matrix>
                  </node>
                </node>
              </node>
            </node>
            <node id="node-Bip01_R_Thigh" name="Bip01_R_Thigh">
              <matrix sid="matrix">-0.93018 0.2398463 0.2779187 -0.2063017 0.3132395 0.9133395 0.2601767 -0.06944691 -0.1914317 0.3290663 -0.9246996 -0.1278868 0 0 0 1</matrix>
              <node id="node-Bip01_R_Calf" name="Bip01_R_Calf">
                <matrix sid="matrix">-0.6829666 0.7304499 0 0.4629988 -0.7304497 -0.6829667 -7.45058e-9 3.72529e-9 0 0 1 -2.98023e-8 0 0 0 1</matrix>
                <node id="node-Bip01_R_Foot" name="Bip01_R_Foot">
                  <matrix sid="matrix">0.4331654 -0.8992311 -0.06124921 0.3610501 0.9013119 0.4323309 0.02696624 2.23517e-8 0.002231017 -0.0668855 0.9977582 2.98023e-8 0 0 0 1</matrix>
                  <node id="node-Bip01_R_Toe0" name="Bip01_R_Toe0">
                    <matrix sid="matrix">-0.6839865 -0.6879698 0.2426107 0.1486306 0.7164174 -0.6961781 0.04563039 0.1543275 0.1375079 0.2050211 0.96905 1.49012e-8 0 0 0 1</matrix>
                  </node>
                </node>
              </node>
            </node>
          </node>
          <node id="node-Bip01_FannyPack" name="Bip01_FannyPack">
            <matrix>-0.9629917 -0.2062317 0.1735378 0.2299506 -0.2083319 0.9780383 0.006226677 -0.1378937 -0.1710107 -0.03015658 -0.9848074 0.01013959 0 0 0 1</matrix>
          </node>
        </node>
        <node id="node-EYE" name="EYE">
          <matrix sid="matrix">0.4249402 0.8993575 -0.1028632 0.007796973 -0.9050664 0.4200139 -0.06665406 -0.02088699 -0.01674204 0.1214217 0.9924591 1.098148 0 0 0 1</matrix>
          <node id="node-CAM" name="CAM">
            <matrix>1 -6.03104e-8 -1.42109e-14 4.86616e-8 6.03104e-8 1 -2.32831e-9 -0.104 0 2.32833e-9 1 0.30056 0 0 0 1</matrix>
          </node>
        </node>
      </node>
      <node id="node-BOUNDS" name="BOUNDS">
        <matrix>0.9999915 0.001706907 0.00375048 0 -0.001711356 0.9999978 0.001183292 0.1035326 -0.003748452 -0.0011897 0.9999923 -8.93474e-5 0 0 0 1</matrix>
        <instance_geometry url="#geom-BOUNDS">
          <bind_material>
            <technique_common>
              <instance_material symbol="ShapeBounds" target="#ShapeBounds-material"/>
            </technique_common>
          </bind_material>
        </instance_geometry>
      </node>
    </visual_scene>
  </library_visual_scenes>
  <library_animations>
    <animation>
      <source id="node-Bip01_matrix-input">
        <float_array id="node-Bip01_matrix-input-array" count="51">46.66667 46.7 46.73333 46.76667 46.8 46.83333 46.86666 46.9 46.93333 46.96667 47 47.03333 47.06667 47.1 47.13334 47.16667 47.2 47.23333 47.26667 47.3 47.33333 47.36666 47.4 47.43333 47.46667 47.5 47.53333 47.56667 47.6 47.63334 47.66667 47.7 47.73333 47.76667 47.8 47.83333 47.86666 47.9 47.93333 47.96667 48 48.03333 48.06667 48.1 48.13334 48.16667 48.2 48.23333 48.26667 48.3 48.33333</float_array>
        <technique_common>
          <accessor source="#node-Bip01_matrix-input-array" count="51" stride="1">
            <param name="TIME" type="float"/>
          </accessor>
        </technique_common>
      </source>
      <source id="node-Bip01_matrix-output">
        <float_array id="node-Bip01_matrix-output-array" count="816">0.4249402 -0.9050666 -0.01674199 -8.10623e-5 0.8993581 0.4200139 0.121422 -0.0276972 -0.1028631 -0.0666542 0.9924598 0.479816 0 0 0 1 0.4249541 -0.9050576 -0.01687574 -8.10623e-5 0.8993581 0.4200139 0.1214221 -0.02750819 -0.1028059 -0.06677615 0.9924575 0.479816 0 0 0 1 0.424966 -0.9050499 -0.01699095 -8.10623e-5 0.8993581 0.4200139 0.1214221 -0.02734535 -0.1027565 -0.06688123 0.9924556 0.479816 0 0 0 1 0.4249761 -0.9050433 -0.01708817 -8.10623e-5 0.8993581 0.420014 0.121422 -0.02720803 -0.1027149 -0.06696981 0.9924539 0.479816 0 0 0 1 0.4249843 -0.9050378 -0.01716816 -8.10623e-5 0.8993581 0.4200139 0.121422 -0.02709496 -0.1026807 -0.06704276 0.9924525 0.479816 0 0 0 1 0.4249909 -0.9050335 -0.0172317 -8.10623e-5 0.8993581 0.4200139 0.1214221 -0.02700513 -0.1026535 -0.06710076 0.9924514 0.479816 0 0 0 1 0.424996 -0.9050302 -0.01727956 -8.10623e-5 0.899358 0.420014 0.121422 -0.02693748 -0.1026329 -0.06714439 0.9924505 0.479816 0 0 0 1 0.4249992 -0.9050282 -0.0173124 -8.10623e-5 0.8993582 0.4200139 0.1214221 -0.02689111 -0.1026189 -0.06717431 0.99245 0.479816 0 0 0 1 0.4250012 -0.9050269 -0.01733094 -8.10623e-5 0.8993582 0.4200139 0.1214221 -0.02686488 -0.102611 -0.06719124 0.9924497 0.479816 0 0 0 1 0.4250016 -0.9050266 -0.01733601 -8.10623e-5 0.8993582 0.4200139 0.1214221 -0.02685773 -0.1026088 -0.06719583 0.9924496 0.479816 0 0 0 1 0.425001 -0.905027 -0.0173282 -8.10623e-5 0.899358 0.420014 0.121422 -0.02686876 -0.1026121 -0.06718873 0.9924497 0.479816 0 0 0 1 0.4249988 -0.9050284 -0.01730835 -8.10623e-5 0.8993581 0.4200139 0.1214221 -0.02689683 -0.1026206 -0.06717067 0.9924501 0.479816 0 0 0 1 0.4249956 -0.9050306 -0.01727718 -8.10623e-5 0.8993581 0.4200139 0.1214221 -0.02694088 -0.102634 -0.06714218 0.9924506 0.479816 0 0 0 1 0.4249913 -0.9050333 -0.01723533 -8.10623e-5 0.8993581 0.4200139 0.1214221 -0.02700001 -0.1026519 -0.0671041 0.9924513 0.479816 0 0 0 1 0.424986 -0.9050369 -0.0171836 -8.10623e-5 0.8993582 0.4200139 0.1214221 -0.02707314 -0.1026741 -0.06705689 0.9924522 0.479816 0 0 0 1 0.4249796 -0.905041 -0.01712274 -8.10623e-5 0.8993582 0.4200139 0.1214221 -0.02715915 -0.1027001 -0.0670014 0.9924533 0.479816 0 0 0 1 0.4249724 -0.9050456 -0.01705348 -8.10623e-5 0.8993582 0.4200139 0.121422 -0.02725702 -0.1027297 -0.06693822 0.9924545 0.479816 0 0 0 1 0.4249645 -0.9050508 -0.01697641 -8.10623e-5 0.8993581 0.4200139 0.121422 -0.02736592 -0.1027628 -0.06686794 0.9924558 0.479816 0 0 0 1 0.4249557 -0.9050565 -0.01689249 -8.10623e-5 0.8993582 0.4200139 0.121422 -0.02748459 -0.1027987 -0.06679135 0.9924572 0.479816 0 0 0 1 0.4249464 -0.9050625 -0.01680231 -8.10623e-5 0.8993581 0.4200139 0.1214221 -0.02761203 -0.1028373 -0.06670916 0.9924588 0.479816 0 0 0 1 0.4249365 -0.9050691 -0.01670658 -8.10623e-5 0.8993582 0.4200139 0.1214221 -0.02774727 -0.1028783 -0.06662189 0.9924604 0.479816 0 0 0 1 0.4249261 -0.9050758 -0.01660603 -8.10623e-5 0.8993582 0.4200139 0.121422 -0.02788937 -0.1029214 -0.06653016 0.992462 0.479816 0 0 0 1 0.4249153 -0.9050828 -0.01650154 -8.10623e-5 0.8993581 0.4200139 0.121422 -0.02803707 -0.1029661 -0.06643486 0.9924638 0.479816 0 0 0 1 0.424904 -0.90509 -0.01639372 -8.10623e-5 0.8993582 0.4200139 0.1214221 -0.02818948 -0.1030123 -0.06633657 0.9924656 0.479816 0 0 0 1 0.4248925 -0.9050974 -0.01628327 -8.10623e-5 0.8993582 0.4200138 0.1214221 -0.02834552 -0.1030595 -0.06623584 0.9924674 0.479816 0 0 0 1 0.424881 -0.9051048 -0.01617091 -8.10623e-5 0.8993581 0.420014 0.1214221 -0.02850437 -0.1031076 -0.06613337 0.9924693 0.479816 0 0 0 1 0.4248692 -0.9051123 -0.01605749 -8.10623e-5 0.8993581 0.4200139 0.121422 -0.02866464 -0.1031562 -0.0660299 0.9924711 0.479816 0 0 0 1 0.4248574 -0.9051199 -0.0159437 -8.10623e-5 0.899358 0.420014 0.1214221 -0.02882546 -0.1032049 -0.06592613 0.9924729 0.479816 0 0 0 1 0.4248455 -0.9051275 -0.01583021 -8.10623e-5 0.8993582 0.4200139 0.1214221 -0.02898579 -0.1032535 -0.06582266 0.9924747 0.479816 0 0 0 1 0.4248339 -0.9051349 -0.01571774 -8.10623e-5 0.8993581 0.420014 0.121422 -0.02914482 -0.1033017 -0.06572008 0.9924765 0.479816 0 0 0 1 0.4248223 -0.9051423 -0.01560711 -8.10623e-5 0.8993581 0.4200139 0.1214221 -0.02930116 -0.103349 -0.06561917 0.9924783 0.479816 0 0 0 1 0.424811 -0.9051494 -0.01549899 -8.10623e-5 0.8993581 0.4200139 0.1214221 -0.02945393 -0.1033953 -0.06552058 0.99248 0.479816 0 0 0 1 0.4248 -0.9051564 -0.01539409 -8.10623e-5 0.8993582 0.4200139 0.1214221 -0.02960222 -0.1034402 -0.06542485 0.9924816 0.479816 0 0 0 1 0.4247896 -0.9051629 -0.01529318 -8.10623e-5 0.8993581 0.420014 0.1214221 -0.0297448 -0.1034833 -0.06533288 0.9924831 0.479816 0 0 0 1 0.4247796 -0.9051692 -0.01519703 -8.10623e-5 0.8993581 0.4200139 0.1214221 -0.02988064 -0.1035245 -0.06524521 0.9924846 0.479816 0 0 0 1 0.4247701 -0.9051752 -0.01510632 -8.10623e-5 0.8993581 0.4200139 0.1214221 -0.03000885 -0.1035633 -0.06516247 0.992486 0.479816 0 0 0 1 0.4247614 -0.9051807 -0.01502174 -8.10623e-5 0.899358 0.420014 0.1214221 -0.03012847 -0.1035996 -0.06508529 0.9924873 0.479816 0 0 0 1 0.4247531 -0.9051859 -0.01494407 -8.10623e-5 0.8993582 0.4200139 0.1214221 -0.03023815 -0.1036328 -0.06501448 0.9924885 0.479816 0 0 0 1 0.4247458 -0.9051904 -0.01487404 -8.10623e-5 0.8993581 0.4200139 0.1214221 -0.03033709 -0.1036627 -0.06495064 0.9924895 0.479816 0 0 0 1 0.4247394 -0.9051945 -0.0148124 -8.10623e-5 0.8993582 0.4200139 0.1214221 -0.03042423 -0.1036891 -0.06489443 0.9924904 0.479816 0 0 0 1 0.4247339 -0.9051979 -0.01475977 -8.10623e-5 0.899358 0.420014 0.121422 -0.03049862 -0.1037116 -0.06484639 0.9924913 0.479816 0 0 0 1 0.4247295 -0.9052007 -0.01471704 -8.10623e-5 0.8993581 0.4200139 0.121422 -0.030559 -0.1037299 -0.06480741 0.9924919 0.479816 0 0 0 1 0.4247261 -0.9052028 -0.01468485 -8.10623e-5 0.8993581 0.4200139 0.1214221 -0.03060448 -0.1037437 -0.06477808 0.9924923 0.479816 0 0 0 1 0.4247239 -0.9052042 -0.01466399 -8.10623e-5 0.8993582 0.4200139 0.1214221 -0.03063404 -0.1037526 -0.06475901 0.9924926 0.479816 0 0 0 1 0.4247229 -0.9052048 -0.01465505 -8.10623e-5 0.8993582 0.4200139 0.1214221 -0.03064662 -0.1037565 -0.0647509 0.9924928 0.479816 0 0 0 1 0.4247233 -0.9052045 -0.01465892 -8.10623e-5 0.8993582 0.4200139 0.1214221 -0.03064119 -0.1037548 -0.06475436 0.9924927 0.479816 0 0 0 1 0.4247252 -0.9052034 -0.01467621 -8.10623e-5 0.899358 0.420014 0.121422 -0.03061676 -0.1037474 -0.06477016 0.9924924 0.479816 0 0 0 1 0.4247285 -0.9052013 -0.01470774 -8.10623e-5 0.8993582 0.4200139 0.121422 -0.03057217 -0.1037339 -0.06479895 0.992492 0.479816 0 0 0 1 0.4247332 -0.9051984 -0.01475417 -8.10623e-5 0.8993582 0.4200138 0.1214221 -0.03050655 -0.1037141 -0.06484127 0.9924913 0.479816 0 0 0 1 0.4247397 -0.9051942 -0.01481628 -8.10623e-5 0.8993581 0.4200139 0.1214221 -0.03041881 -0.1036875 -0.06489795 0.9924904 0.479816 0 0 0 1 0.424748 -0.9051891 -0.01489478 -8.10623e-5 0.8993581 0.4200139 0.1214221 -0.03030788 -0.1036539 -0.06496948 0.9924892 0.479816 0 0 0 1</float_array>
        <technique_common>
          <accessor source="#node-Bip01_matrix-output-array" count="51" stride="16">
            <param name="TRANSFORM" type="float4x4"/>
          </accessor>
        </technique_common>
      </source>
      <source id="node-Bip01_matrix-interpolation">
        <Name_array id="node-Bip01_matrix-interpolation-array" count="51">LINEAR LINEAR LINEAR LINEAR LINEAR LINEAR LINEAR LINEAR LINEAR LINEAR LINEAR LINEAR LINEAR LINEAR LINEAR LINEAR LINEAR LINEAR LINEAR LINEAR LINEAR LINEAR LINEAR LINEAR LINEAR LINEAR LINEAR LINEAR LINEAR LINEAR LINEAR LINEAR LINEAR LINEAR LINEAR LINEAR LINEAR LINEAR LINEAR LINEAR LINEAR LINEAR LINEAR LINEAR LINEAR LINEAR LINEAR LINEAR LINEAR LINEAR LINEAR</Name_array>
        <technique_common>
          <accessor source="#node-Bip01_matrix-interpolation-array" count="51" stride="1">
            <param name="INTERPOLATION" type="name"/>
          </accessor>
        </technique_common>
      </source>
      <source id="node-Bip01_L_Thigh_matrix-input">
        <float_array id="node-Bip01_L_Thigh_matrix-input-array" count="51">46.66667 46.7 46.73333 46.76667 46.8 46.83333 46.86666 46.9 46.93333 46.96667 47 47.03333 47.06667 47.1 47.13334 47.16667 47.2 47.23333 47.26667 47.3 47.33333 47.36666 47.4 47.43333 47.46667 47.5 47.53333 47.56667 47.6 47.63334 47.66667 47.7 47.73333 47.76667 47.8 47.83333 47.86666 47.9 47.93333 47.96667 48 48.03333 48.06667 48.1 48.13334 48.16667 48.2 48.23333 48.26667 48.3 48.33333</float_array>
        <technique_common>
          <accessor source="#node-Bip01_L_Thigh_matrix-input-array" count="51" stride="1">
            <param name="TIME" type="float"/>
          </accessor>
        </technique_common>
      </source>
      <source id="node-Bip01_L_Thigh_matrix-output">
