<?xml version="1.0" encoding="utf-8"?>
<COLLADA xmlns="http://www.collada.org/2005/11/COLLADASchema" version="1.4.1">
  <asset>
    <contributor>
      <author>MattO</author>
      <authoring_tool>OpenCOLLADA for 3ds Max;  Version: 1.3.0;  Revision: 839M;  Platform: x64;  Configuration: Release_Max2012</authoring_tool>
      <source_data>file:///C:/Dropbox/Prj/GGStout/Turret/TP_Soldier_Turret_Animation_Master.max</source_data>
    </contributor>
    <created>2011-09-30T18:22:21</created>
    <modified>2011-09-30T18:22:21</modified>
    <unit name="meter" meter="1"/>
    <up_axis>Z_UP</up_axis>
  </asset>
  <library_effects>
    <effect id="ShapeBounds">
      <profile_COMMON>
        <technique sid="common">
          <blinn>
            <emission>
              <color>0 0 0 1</color>
            </emission>
            <ambient>
              <color>0.1647059 1 0 1</color>
            </ambient>
            <diffuse>
              <color>0.1647059 1 0 1</color>
            </diffuse>
            <specular>
              <color>0.9 0.9 0.9 1</color>
            </specular>
            <shininess>
              <float>10</float>
            </shininess>
            <reflective>
              <color>0 0 0 1</color>
            </reflective>
            <transparent opaque="A_ONE">
              <color>1 1 1 1</color>
            </transparent>
            <transparency>
              <float>1</float>
            </transparency>
          </blinn>
        </technique>
      </profile_COMMON>
      <extra>
        <technique profile="OpenCOLLADA3dsMax">
          <extended_shader>
            <apply_reflection_dimming>0</apply_reflection_dimming>
            <dim_level>0</dim_level>
            <falloff_type>0</falloff_type>
            <index_of_refraction>1.5</index_of_refraction>
            <opacity_type>0</opacity_type>
            <reflection_level>3</reflection_level>
            <wire_size>1</wire_size>
            <wire_units>0</wire_units>
          </extended_shader>
          <shader>
            <ambient_diffuse_lock>1</ambient_diffuse_lock>
            <ambient_diffuse_texture_lock>1</ambient_diffuse_texture_lock>
            <diffuse_specular_lock>0</diffuse_specular_lock>
            <soften>0.1</soften>
            <use_self_illum_color>0</use_self_illum_color>
          </shader>
        </technique>
      </extra>
    </effect>
  </library_effects>
  <library_materials>
    <material id="ShapeBounds-material" name="ShapeBounds">
      <instance_effect url="#ShapeBounds"/>
    </material>
  </library_materials>
  <library_geometries>
    <geometry id="geom-BOUNDS" name="BOUNDS">
      <mesh>
        <source id="geom-BOUNDS-positions">
          <float_array id="geom-BOUNDS-positions-array" count="24">-0.425 -0.425 0 0.425 -0.425 0 -0.425 0.425 0 0.425 0.425 0 -0.425 -0.425 1.84 0.425 -0.425 1.84 -0.425 0.425 1.84 0.425 0.425 1.84</float_array>
          <technique_common>
            <accessor source="#geom-BOUNDS-positions-array" count="8" stride="3">
              <param name="X" type="float"/>
              <param name="Y" type="float"/>
              <param name="Z" type="float"/>
            </accessor>
          </technique_common>
        </source>
        <source id="geom-BOUNDS-normals">
          <float_array id="geom-BOUNDS-normals-array" count="72">0 0 -1 0 0 -1 0 0 -1 0 0 -1 0 0 1 0 0 1 0 0 1 0 0 1 0 -1 0 0 -1 0 0 -1 0 0 -1 0 1 0 0 1 0 0 1 0 0 1 0 0 0 1 0 0 1 0 0 1 0 0 1 0 -1 0 0 -1 0 0 -1 0 0 -1 0 0</float_array>
          <technique_common>
            <accessor source="#geom-BOUNDS-normals-array" count="24" stride="3">
              <param name="X" type="float"/>
              <param name="Y" type="float"/>
              <param name="Z" type="float"/>
            </accessor>
          </technique_common>
        </source>
        <source id="geom-BOUNDS-map1">
          <float_array id="geom-BOUNDS-map1-array" count="36">0 0 0 1 0 0 0 1 0 1 1 0 0 0 0 1 0 0 0 1 0 1 1 0 0 0 0 1 0 0 0 1 0 1 1 0</float_array>
          <technique_common>
            <accessor source="#geom-BOUNDS-map1-array" count="12" stride="3">
              <param name="S" type="float"/>
              <param name="T" type="float"/>
              <param name="P" type="float"/>
            </accessor>
          </technique_common>
        </source>
        <vertices id="geom-BOUNDS-vertices">
          <input semantic="POSITION" source="#geom-BOUNDS-positions"/>
        </vertices>
        <triangles material="ShapeBounds" count="12">
          <input semantic="VERTEX" source="#geom-BOUNDS-vertices" offset="0"/>
          <input semantic="NORMAL" source="#geom-BOUNDS-normals" offset="1"/>
          <input semantic="TEXCOORD" source="#geom-BOUNDS-map1" offset="2" set="0"/>
          <p>0 0 9 2 1 11 3 2 10 3 2 10 1 3 8 0 0 9 4 4 8 5 5 9 7 6 11 7 6 11 6 7 10 4 4 8 0 8 4 1 9 5 5 10 7 5 10 7 4 11 6 0 8 4 1 12 0 3 13 1 7 14 3 7 14 3 5 15 2 1 12 0 3 16 4 2 17 5 6 18 7 6 18 7 7 19 6 3 16 4 2 20 0 0 21 1 4 22 3 4 22 3 6 23 2 2 20 0</p>
        </triangles>
      </mesh>
      <extra>
        <technique profile="OpenCOLLADA3dsMax">
          <max_box>
            <generateuvs>1</generateuvs>
            <height>1.84</height>
            <heightsegments>1</heightsegments>
            <length>0.85</length>
            <lengthsegments>1</lengthsegments>
            <width>0.85</width>
            <widthsegments>1</widthsegments>
          </max_box>
        </technique>
      </extra>
    </geometry>
  </library_geometries>
  <library_lights>
    <light id="EnvironmentAmbientLight" name="EnvironmentAmbientLight">
      <technique_common>
        <ambient>
          <color>0 0 0</color>
        </ambient>
      </technique_common>
    </light>
  </library_lights>
  <library_visual_scenes>
    <visual_scene id="MaxScene">
      <node name="EnvironmentAmbientLight">
        <instance_light url="#EnvironmentAmbientLight"/>
      </node>
      <node id="node-Bip01" name="Bip01">
        <matrix sid="matrix">0.4236141 -0.9058327 -0.004269943 -8.10623e-5 0.8993581 0.4200139 0.1214221 0.009366653 -0.1081946 -0.0552763 0.9925918 0.8592638 0 0 0 1</matrix>
        <node id="node-Bip01_Pelvis" name="Bip01_Pelvis">
          <matrix sid="matrix">-0.009626731 0.9912359 0.1317526 0 -0.1217413 -0.1319404 0.9837534 0 0.9925152 -0.0065694 0.1219445 0 0 0 0 1</matrix>
          <node id="node-Bip01_Spine" name="Bip01_Spine">
            <matrix sid="matrix">0.9916931 0.08133212 -0.09964906 0.1974925 -0.09817781 0.9791404 -0.1778911 0.0249939 0.08310217 0.1861967 0.9789917 0.02778856 0 0 0 1</matrix>
            <node id="node-Bip01_Spine1" name="Bip01_Spine1">
              <matrix sid="matrix">0.9768804 -0.1934979 -0.09090087 0.1022495 0.1920003 0.9810756 -0.02502521 -9.91188e-5 0.09402294 0.006993679 0.9955453 -7.13393e-7 0 0 0 1</matrix>
              <node id="node-Bip01_Spine2" name="Bip01_Spine2">
                <matrix sid="matrix">0.9832346 -0.1803838 0.02667584 0.1268969 0.1810793 0.9831128 -0.02645708 -1.68368e-4 -0.02145293 0.03084394 0.999294 -5.27501e-6 0 0 0 1</matrix>
                <node id="node-Bip01_Neck" name="Bip01_Neck">
                  <matrix sid="matrix">0.9021776 -0.4308735 0.02058497 0.2151072 0.4312887 0.9018877 -0.02426412 -4.97103e-5 -0.008110601 0.03076866 0.9994937 -1.70618e-6 0 0 0 1</matrix>
                  <node id="node-Bip01_Head" name="Bip01_Head">
                    <matrix sid="matrix">0.8249742 0.5162327 -0.230046 0.07051814 -0.5614573 0.7951709 -0.2290605 -0.01395923 0.06467739 0.31813 0.9458385 -1.11759e-8 0 0 0 1</matrix>
                    <node id="node-ALTEYE" name="ALTEYE">
                      <matrix>0.4506334 0.3792478 0.8081463 0.06454694 0.04412807 0.8947043 -0.4444741 0.2214611 -0.8916175 0.2359567 0.3864482 0.04716265 0 0 0 1</matrix>
                    </node>
                  </node>
                  <node id="node-Bip01_L_Clavicle" name="Bip01_L_Clavicle">
                    <matrix sid="matrix">-0.5354222 -0.430819 0.726442 -0.02496195 0.2255765 -0.9018173 -0.3685654 -0.01206523 0.8139031 -0.0334698 0.5800357 0.06855243 0 0 0 1</matrix>
                    <node id="node-Bip01_L_UpperArm" name="Bip01_L_UpperArm">
                      <matrix sid="matrix">-0.3564826 0.7596021 0.5439898 0.1824007 -0.9236807 -0.3740751 -0.08295749 2.98023e-8 0.1404783 -0.5320458 0.8349811 0 0 0 0 1</matrix>
                      <node id="node-Bip01_L_Forearm" name="Bip01_L_Forearm">
                        <matrix sid="matrix">0.7762356 0.6304429 -3.35276e-8 0.2843689 -0.6304429 0.7762356 0 -1.19209e-7 4.47035e-8 2.98023e-8 1 0 0 0 0 1</matrix>
                        <node id="node-Bip01_L_Hand" name="Bip01_L_Hand">
                          <matrix sid="matrix">0.8439517 -0.1421053 0.5172538 0.2810681 -0.3432462 0.5979527 0.7243165 0 -0.4122226 -0.7888336 0.4558662 0 0 0 0 1</matrix>
                          <node id="node-Bip01_L_Finger0" name="Bip01_L_Finger0">
                            <matrix>0.5215105 0.269013 0.8097275 0.02119684 0.7250715 0.3605265 -0.5867637 -0.004734278 -0.4497752 0.893114 -0.007035494 -0.02572179 0 0 0 1</matrix>
                            <node id="node-Bip01_L_Finger01" name="Bip01_L_Finger01">
                              <matrix>0.6423534 -0.7636238 -0.06527568 0.04982853 0.7605616 0.6456372 -0.0685474 0 0.09448883 -0.005614534 0.9955102 0 0 0 0 1</matrix>
                              <node id="node-Bip01_L_Finger02" name="Bip01_L_Finger02">
                                <matrix>0.9505157 -0.3106763 0 0.05202237 0.3106764 0.9505157 0 0 1.49012e-8 1.49012e-8 1 -1.19209e-7 0 0 0 1</matrix>
                              </node>
                            </node>
                          </node>
                          <node id="node-Bip01_L_Finger1" name="Bip01_L_Finger1">
                            <matrix>0.6408504 -0.76402 0.07472672 0.1199946 0.7674396 0.635257 -0.0865149 -0.008367538 0.01862845 0.1127913 0.993444 -0.04101381 0 0 0 1</matrix>
                            <node id="node-Bip01_L_Finger11" name="Bip01_L_Finger11">
                              <matrix>0.8240546 -0.5665103 -9.31323e-9 0.03644171 0.5665102 0.8240547 -3.72529e-9 -1.19209e-7 9.31323e-9 7.45058e-9 0.9999999 -1.19209e-7 0 0 0 1</matrix>
                              <node id="node-Bip01_L_Finger12" name="Bip01_L_Finger12">
                                <matrix>0.81464 -0.5796779 -0.01831833 0.03117537 0.5799671 0.8142334 0.0257305 0 0 -0.03158513 0.9995011 0 0 0 0 1</matrix>
                              </node>
                            </node>
                          </node>
                          <node id="node-Bip01_L_Finger2" name="Bip01_L_Finger2">
                            <matrix>0.6754014 -0.7374503 1.52111e-4 0.1229538 0.7368312 0.6748428 0.04082685 -0.008802056 -0.03021043 -0.02746238 0.9991661 -0.01328251 0 0 0 1</matrix>
                            <node id="node-Bip01_L_Finger21" name="Bip01_L_Finger21">
                              <matrix>0.5508358 -0.8338858 0.0348487 0.0389552 0.8322218 0.5519371 0.0526506 -1.19209e-7 -0.0631389 -2.23517e-8 0.9980049 0 0 0 0 1</matrix>
                              <node id="node-Bip01_L_Finger22" name="Bip01_L_Finger22">
                                <matrix>0.1984737 -0.9799247 -0.01886612 0.03800559 0.9755273 0.1993681 -0.09272984 5.96046e-8 0.09462959 0 0.9955125 0 0 0 0 1</matrix>
                              </node>
                            </node>
                          </node>
                          <node id="node-Bip01_L_Finger3" name="Bip01_L_Finger3">
                            <matrix>0.7159052 -0.6949216 -0.06755455 0.1211882 0.6883785 0.6863563 0.234627 -0.001191378 -0.1166809 -0.2144738 0.9697351 0.01196867 0 0 0 1</matrix>
                            <node id="node-Bip01_L_Finger31" name="Bip01_L_Finger31">
                              <matrix>0.4441953 -0.8949345 -0.04222353 0.03155848 0.8909185 0.4461976 -0.08468729 1.19209e-7 0.09462956 -1.49012e-8 0.9955126 -5.96046e-8 0 0 0 1</matrix>
                              <node id="node-Bip01_L_Finger32" name="Bip01_L_Finger32">
                                <matrix>0.1993681 -0.9794357 0.03095105 0.03366578 0.9799247 0.1992686 -0.006297082 -1.19209e-7 2.98023e-8 0.03158508 0.999501 -5.96046e-8 0 0 0 1</matrix>
                              </node>
                            </node>
                          </node>
                          <node id="node-Bip01_L_Finger4" name="Bip01_L_Finger4">
                            <matrix>0.592579 -0.789795 0.1583476 0.1136796 0.7783523 0.6120424 0.1399001 0.005147457 -0.2074078 0.04034829 0.9774219 0.03886572 0 0 0 1</matrix>
                            <node id="node-Bip01_L_Finger41" name="Bip01_L_Finger41">
                              <matrix>0.4202556 -0.9064696 -0.04120621 0.03661621 0.9068529 0.4211511 -0.01578785 0 0.03166525 -0.03073305 0.9990259 0 0 0 0 1</matrix>
                              <node id="node-Bip01_L_Finger42" name="Bip01_L_Finger42">
                                <matrix>0.402447 -0.9138245 0.05441487 0.01772642 0.915423 0.4021218 -0.01728314 0 -0.006087594 0.0567682 0.9983687 -5.96046e-8 0 0 0 1</matrix>
                              </node>
                            </node>
                          </node>
                        </node>
                      </node>
                    </node>
                  </node>
                  <node id="node-Bip01_R_Clavicle" name="Bip01_R_Clavicle">
                    <matrix sid="matrix">-0.07751408 -0.3624381 -0.9287788 -0.02385318 0.5681534 -0.7815726 0.2575766 -0.0162707 -0.8192639 -0.5077232 0.2665033 -0.06807297 0 0 0 1</matrix>
                    <node id="node-Bip01_R_UpperArm" name="Bip01_R_UpperArm">
                      <matrix sid="matrix">0.7005728 -0.04837945 -0.7119393 0.1824006 -0.6460729 0.3805888 -0.6616208 8.9407e-8 0.302965 0.9234781 0.2353735 0 0 0 0 1</matrix>
                      <node id="node-Bip01_R_Forearm" name="Bip01_R_Forearm">
                        <matrix>-0.1981754 0.9801665 -7.45058e-9 0.2843689 -0.9801666 -0.1981755 -7.45058e-9 1.19209e-7 -1.49012e-8 3.72529e-8 0.9999999 0 0 0 0 1</matrix>
                        <node id="node-Bip01_R_Hand" name="Bip01_R_Hand">
                          <matrix>0.8251113 -0.2495067 -0.5068903 0.281068 -0.5635474 -0.299842 -0.7697461 5.96046e-8 0.04006979 0.920783 -0.3880118 0 0 0 0 1</matrix>
                          <node id="node-Bip01_R_Finger0" name="Bip01_R_Finger0">
                            <matrix>0.5215105 0.269013 -0.8097274 0.02119684 0.7250716 0.3605264 0.5867637 -0.004734278 0.4497753 -0.8931139 -0.007035464 0.02572194 0 0 0 1</matrix>
                            <node id="node-Bip01_R_Finger01" name="Bip01_R_Finger01">
                              <matrix>0.6423535 -0.7636237 0.06527567 0.04982847 0.7605616 0.6456373 0.06854741 2.98023e-8 -0.09448889 0.005614519 0.9955102 0 0 0 0 1</matrix>
                              <node id="node-Bip01_R_Finger02" name="Bip01_R_Finger02">
                                <matrix>0.9505157 -0.3106765 2.98023e-8 0.0520224 0.3106764 0.9505158 0 -8.9407e-8 2.98023e-8 0 1 -1.19209e-7 0 0 0 1</matrix>
                              </node>
                            </node>
                          </node>
                          <node id="node-Bip01_R_Finger1" name="Bip01_R_Finger1">
                            <matrix>0.9820224 -0.1733427 -0.07472671 0.1199946 0.1795577 0.9799358 0.08651492 -0.008367538 0.05823066 -0.09837731 0.993444 0.04101387 0 0 0 1</matrix>
                            <node id="node-Bip01_R_Finger11" name="Bip01_R_Finger11">
                              <matrix>0.8240547 -0.5665102 0 0.03644168 0.5665102 0.8240546 1.86265e-8 -5.96046e-8 -2.6077e-8 7.45058e-9 0.9999999 0 0 0 0 1</matrix>
                              <node id="node-Bip01_R_Finger12" name="Bip01_R_Finger12">
                                <matrix>0.8146398 -0.5796779 0.01831833 0.03117537 0.5799672 0.8142334 -0.02573051 0 1.67638e-8 0.03158512 0.999501 -5.96046e-8 0 0 0 1</matrix>
                              </node>
                            </node>
                          </node>
                          <node id="node-Bip01_R_Finger2" name="Bip01_R_Finger2">
                            <matrix>0.6754013 -0.7374504 -1.52111e-4 0.1229539 0.7368313 0.6748426 -0.04082683 -0.008802056 0.03021046 0.02746241 0.9991661 0.01328248 0 0 0 1</matrix>
                            <node id="node-Bip01_R_Finger21" name="Bip01_R_Finger21">
                              <matrix>0.5508358 -0.8338857 -0.03484869 0.03895509 0.832222 0.551937 -0.05265062 0 0.06313887 0 0.9980046 -2.98023e-8 0 0 0 1</matrix>
                              <node id="node-Bip01_R_Finger22" name="Bip01_R_Finger22">
                                <matrix>0.1984735 -0.9799247 0.01886614 0.03800541 0.9755272 0.1993682 0.09272985 -1.19209e-7 -0.09462956 5.58794e-9 0.9955126 2.98023e-8 0 0 0 1</matrix>
                              </node>
                            </node>
                          </node>
                          <node id="node-Bip01_R_Finger3" name="Bip01_R_Finger3">
                            <matrix>0.7159052 -0.6949215 0.06755456 0.1211882 0.6883785 0.6863561 -0.234627 -0.001191258 0.1166808 0.2144738 0.9697352 -0.0119687 0 0 0 1</matrix>
                            <node id="node-Bip01_R_Finger31" name="Bip01_R_Finger31">
                              <matrix>0.4441953 -0.8949345 0.04222352 0.03155845 0.8909185 0.4461976 0.08468729 1.19209e-7 -0.09462957 -1.49012e-8 0.9955125 -5.96046e-8 0 0 0 1</matrix>
                              <node id="node-Bip01_R_Finger32" name="Bip01_R_Finger32">
                                <matrix>0.1993681 -0.9794359 -0.03095103 0.0336659 0.9799247 0.1992686 0.006297082 -1.19209e-7 -1.49012e-8 -0.03158512 0.9995013 2.98023e-8 0 0 0 1</matrix>
                              </node>
                            </node>
                          </node>
                          <node id="node-Bip01_R_Finger4" name="Bip01_R_Finger4">
                            <matrix>0.5925791 -0.7897948 -0.1583476 0.1136796 0.778352 0.6120423 -0.1399001 0.005147457 0.2074078 -0.04034827 0.977422 -0.03886575 0 0 0 1</matrix>
                            <node id="node-Bip01_R_Finger41" name="Bip01_R_Finger41">
                              <matrix>0.4202555 -0.9064697 0.04120623 0.03661624 0.9068531 0.421151 0.01578781 0 -0.03166524 0.03073307 0.9990259 -5.96046e-8 0 0 0 1</matrix>
                              <node id="node-Bip01_R_Finger42" name="Bip01_R_Finger42">
                                <matrix>0.402447 -0.9138246 -0.05441485 0.0177263 0.915423 0.4021218 0.01728316 -1.19209e-7 0.006087612 -0.05676819 0.9983689 8.9407e-8 0 0 0 1</matrix>
                              </node>
                            </node>
                          </node>
                          <node id="node-MOUNT0" name="MOUNT0">
                            <matrix>-7.7486e-7 0.9999999 -1.49012e-7 0.1095392 -0.9999996 -7.59959e-7 4.88013e-7 0.0251826 4.787e-7 1.19209e-7 0.9999998 0.01321676 0 0 0 1</matrix>
                          </node>
                        </node>
                      </node>
                    </node>
                  </node>
                </node>
                <node id="node-Bip01_L_Pauldron_Upper" name="Bip01_L_Pauldron_Upper">
                  <matrix sid="matrix">0.7291968 -0.277326 0.6255902 0.176903 -0.550475 -0.7808025 0.295509 -0.03908375 0.4065099 -0.5598562 -0.7220194 0.2290198 0 0 0 1</matrix>
                </node>
                <node id="node-Bip01_R_Pauldron_Lower" name="Bip01_R_Pauldron_Lower">
                  <matrix>-0.2772104 -0.9060032 -0.319866 0.1729063 0.8560929 -0.384044 0.3458561 -0.1133294 -0.4361892 -0.17796 0.8820829 -0.2351095 0 0 0 1</matrix>
                </node>
                <node id="node-Bip01_L_Pauldron_Lower" name="Bip01_L_Pauldron_Lower">
                  <matrix>-0.3015728 -0.9289848 0.2145742 0.1529204 0.6634326 -0.3660941 -0.6525588 -0.1054225 0.6847712 -0.05443852 0.7267222 0.2344799 0 0 0 1</matrix>
                </node>
              </node>
            </node>
            <node id="node-Bip01_L_Thigh" name="Bip01_L_Thigh">
              <matrix sid="matrix">-0.9864998 -0.08569787 -0.1395483 -0.1851131 -0.1518429 0.7978151 0.5834678 -0.02197146 0.06133182 0.5967804 -0.8000571 0.1217295 0 0 0 1</matrix>
              <node id="node-Bip01_L_Calf" name="Bip01_L_Calf">
                <matrix sid="matrix">0.7125124 0.7016598 1.49012e-8 0.4629988 -0.7016596 0.7125123 -2.79397e-9 -2.23517e-8 5.21541e-8 -6.70552e-8 1 0 0 0 0 1</matrix>
                <node id="node-Bip01_L_Foot" name="Bip01_L_Foot">
                  <matrix sid="matrix">0.7101184 -0.7012165 -0.06345985 0.36105 0.6977786 0.7129299 -0.0695383 0 0.09400377 0.005099495 0.9955588 0 0 0 0 1</matrix>
                  <node id="node-Bip01_L_Toe0" name="Bip01_L_Toe0">
                    <matrix sid="matrix">-2.23517e-7 -1 -2.19792e-7 0.1486307 0.9762965 -2.83122e-7 0.2164376 0.1543275 -0.2164376 -1.63913e-7 0.9762965 -1.49012e-8 0 0 0 1</matrix>
                  </node>
                </node>
              </node>
            </node>
            <node id="node-Bip01_R_Thigh" name="Bip01_R_Thigh">
              <matrix sid="matrix">-0.7050524 0.7046134 0.0801304 -0.2063015 0.6688885 0.6232265 0.4051874 -0.06944689 0.2355611 0.3392767 -0.9107152 -0.1278868 0 0 0 1</matrix>
              <node id="node-Bip01_R_Calf" name="Bip01_R_Calf">
                <matrix sid="matrix">0.1338985 0.990995 0 0.4629988 -0.9909949 0.1338985 0 -5.96046e-8 7.45058e-9 -2.23517e-8 0.9999999 0 0 0 0 1</matrix>
                <node id="node-Bip01_R_Foot" name="Bip01_R_Foot">
                  <matrix sid="matrix">0.7567472 -0.6505243 -0.06443986 0.3610502 0.6532998 0.7560743 0.03938678 5.96046e-8 0.02309924 -0.07190435 0.9971441 0 0 0 0 1</matrix>
                  <node id="node-Bip01_R_Toe0" name="Bip01_R_Toe0">
                    <matrix sid="matrix">-0.3051539 -0.9472734 0.09774532 0.1486307 0.9517196 -0.3069488 -0.003513976 0.1543275 0.0333315 0.09195384 0.9952053 1.49012e-8 0 0 0 1</matrix>
                  </node>
                </node>
              </node>
            </node>
          </node>
          <node id="node-Bip01_FannyPack" name="Bip01_FannyPack">
            <matrix sid="matrix">-0.9629917 -0.2062316 0.1735378 0.2299506 -0.2083319 0.9780381 0.006226717 -0.1378937 -0.1710107 -0.03015659 -0.9848074 0.01013959 0 0 0 1</matrix>
          </node>
        </node>
        <node id="node-EYE" name="EYE">
          <matrix sid="matrix">0.423614 0.8993576 -0.1081947 0.009698629 -0.9058326 0.4200137 -0.05527617 -0.003075708 -0.004269978 0.1214218 0.9925912 0.7172033 0 0 0 1</matrix>
          <node id="node-CAM" name="CAM">
            <matrix>1 -6.03104e-8 1.42109e-14 4.84288e-8 6.03104e-8 1 -2.32832e-9 -0.104 0 2.32832e-9 1 0.30056 0 0 0 1</matrix>
          </node>
        </node>
      </node>
      <node id="node-BOUNDS" name="BOUNDS">
        <matrix>0.9999914 0.001706907 0.003750478 0 -0.001711355 0.9999977 0.001183292 0.1035326 -0.003748451 -0.0011897 0.9999921 -8.93473e-5 0 0 0 1</matrix>
        <instance_geometry url="#geom-BOUNDS">
          <bind_material>
            <technique_common>
              <instance_material symbol="ShapeBounds" target="#ShapeBounds-material"/>
            </technique_common>
          </bind_material>
        </instance_geometry>
      </node>
    </visual_scene>
  </library_visual_scenes>
  <library_animations>
    <animation>
      <source id="node-Bip01_matrix-input">
        <float_array id="node-Bip01_matrix-input-array" count="21">13.33333 13.36667 13.4 13.43333 13.46667 13.5 13.53333 13.56667 13.6 13.63333 13.66667 13.7 13.73333 13.76667 13.8 13.83333 13.86667 13.9 13.93333 13.96667 14</float_array>
        <technique_common>
          <accessor source="#node-Bip01_matrix-input-array" count="21" stride="1">
            <param name="TIME" type="float"/>
          </accessor>
        </technique_common>
      </source>
      <source id="node-Bip01_matrix-output">
        <float_array id="node-Bip01_matrix-output-array" count="336">0.4236141 -0.9058327 -0.004269897 -8.10623e-5 0.8993581 0.4200139 0.121422 0.009366631 -0.1081946 -0.05527627 0.9925918 0.8592638 0 0 0 1 0.4233897 -0.905945 -0.00221914 -6.55012e-5 0.8993582 0.4200139 0.121422 0.009366631 -0.1090696 -0.05340462 0.9925985 0.8660085 0 0 0 1 0.4234147 -0.9059327 -0.002447009 -4.18179e-5 0.8993582 0.4200139 0.121422 0.009366631 -0.1089724 -0.05361258 0.9925979 0.8708361 0 0 0 1 0.4235395 -0.9058706 -0.003586351 -1.74911e-5 0.8993582 0.4200139 0.121422 0.009366631 -0.1084863 -0.05465239 0.9925945 0.8724756 0 0 0 1 0.4236141 -0.9058327 -0.004269897 0 0.8993581 0.4200139 0.121422 0.009366631 -0.1081946 -0.05527627 0.9925918 0.8696557 0 0 0 1 0.4236141 -0.9058327 -0.004269897 5.14681e-6 0.8993581 0.4200139 0.121422 0.009366631 -0.1081946 -0.05527627 0.9925918 0.8556618 0 0 0 1 0.4236141 -0.9058327 -0.004269897 2.57339e-6 0.8993581 0.4200139 0.121422 0.009366631 -0.1081946 -0.05527627 0.9925918 0.8344933 0 0 0 1 0.4236141 -0.9058327 -0.004269897 0 0.8993581 0.4200139 0.121422 0.009366631 -0.1081946 -0.05527627 0.9925918 0.8209517 0 0 0 1 0.4236141 -0.9058327 -0.004269897 0 0.8993581 0.4200139 0.121422 0.009366631 -0.1081946 -0.05527627 0.9925918 0.8221701 0 0 0 1 0.4236141 -0.9058327 -0.004269897 0 0.8993581 0.4200139 0.121422 0.009366631 -0.1081946 -0.05527627 0.9925918 0.8310154 0 0 0 1 0.4236141 -0.9058327 -0.004269897 0 0.8993581 0.4200139 0.121422 0.009366631 -0.1081946 -0.05527627 0.9925918 0.840888 0 0 0 1 0.4236141 -0.9058327 -0.004269897 0 0.8993581 0.4200139 0.121422 0.009366631 -0.1081946 -0.05527627 0.9925918 0.8528183 0 0 0 1 0.4236141 -0.9058327 -0.004269897 0 0.8993581 0.4200139 0.121422 0.009366631 -0.1081946 -0.05527627 0.9925918 0.8657761 0 0 0 1 0.4236141 -0.9058327 -0.004269897 0 0.8993581 0.4200139 0.121422 0.009366631 -0.1081946 -0.05527627 0.9925918 0.8700709 0 0 0 1 0.4236141 -0.9058327 -0.004269897 2.57339e-6 0.8993581 0.4200139 0.121422 0.009366631 -0.1081946 -0.05527627 0.9925918 0.8563148 0 0 0 1 0.4236141 -0.9058327 -0.004269897 5.14681e-6 0.8993581 0.4200139 0.121422 0.009366631 -0.1081946 -0.05527627 0.9925918 0.8338956 0 0 0 1 0.4236141 -0.9058327 -0.004269897 0 0.8993581 0.4200139 0.121422 0.009366631 -0.1081946 -0.05527627 0.9925918 0.8212879 0 0 0 1 0.4236141 -0.9058327 -0.004269897 -1.74911e-5 0.8993581 0.4200139 0.121422 0.009366631 -0.1081946 -0.05527627 0.9925918 0.825562 0 0 0 1 0.4236141 -0.9058327 -0.004269897 -4.18179e-5 0.8993581 0.4200139 0.121422 0.009366631 -0.1081946 -0.05527627 0.9925918 0.8373942 0 0 0 1 0.4236141 -0.9058327 -0.004269897 -6.55012e-5 0.8993581 0.4200139 0.121422 0.009366631 -0.1081946 -0.05527627 0.9925918 0.850667 0 0 0 1 0.4236141 -0.9058327 -0.004269897 -8.10623e-5 0.8993581 0.4200139 0.121422 0.009366631 -0.1081946 -0.05527627 0.9925918 0.8592638 0 0 0 1</float_array>
        <technique_common>
          <accessor source="#node-Bip01_matrix-output-array" count="21" stride="16">
            <param name="TRANSFORM" type="float4x4"/>
          </accessor>
        </technique_common>
      </source>
      <source id="node-Bip01_matrix-interpolation">
        <Name_array id="node-Bip01_matrix-interpolation-array" count="21">LINEAR LINEAR LINEAR LINEAR LINEAR LINEAR LINEAR LINEAR LINEAR LINEAR LINEAR LINEAR LINEAR LINEAR LINEAR LINEAR LINEAR LINEAR LINEAR LINEAR LINEAR</Name_array>
        <technique_common>
          <accessor source="#node-Bip01_matrix-interpolation-array" count="21" stride="1">
            <param name="INTERPOLATION" type="name"/>
          </accessor>
        </technique_common>
      </source>
      <source id="node-Bip01_Pelvis_matrix-input">
        <float_array id="node-Bip01_Pelvis_matrix-input-array" count="21">13.33333 13.36667 13.4 13.43333 13.46667 13.5 13.53333 13.56667 13.6 13.63333 13.66667 13.7 13.73333 13.76667 13.8 13.83333 13.86667 13.9 13.93333 13.96667 14</float_array>
        <technique_common>
          <accessor source="#node-Bip01_Pelvis_matrix-input-array" count="21" stride="1">
            <param name="TIME" type="float"/>
          </accessor>
        </technique_common>
      </source>
      <source id="node-Bip01_Pelvis_matrix-output">
        <float_array id="node-Bip01_Pelvis_matrix-output-array" count="336">-0.009626686 0.9912359 0.1317526 0 -0.1217413 -0.1319404 0.9837535 0 0.9925152 -0.006569385 0.1219445 0 0 0 0 1 -0.00224775 0.9938994 0.1102676 0 -0.08601701 -0.1100513 0.9901968 0 0.9962912 -0.00725913 0.08573961 0 0 0 0 1 0.007534801 0.9968003 0.07957881 0 -0.03141254 -0.07930588 0.9963554 0 0.9994782 -0.01000714 0.03071451 0 0 0 0 1 0.01588344 0.998954 0.04287904 0 0.02744072 -0.04330384 0.9986851 0 0.9994972 -0.01468592 -0.02809983 0 0 0 0 1 0.02024215 0.999787 0.004020929 0 0.07550919 -0.005539 0.9971297 0 0.9969396 -0.01988041 -0.07560521 0 0 0 0 1 0.01961016 0.9992694 -0.03280454 0 0.09777808 0.0307368 0.9947335 0 0.9950151 -0.02271443 -0.09710389 0 0 0 0 1 0.005040943 0.9961829 -0.08714479 0 0.003960013 0.08712536 0.9961895 0 0.9999794 -0.005366861 -0.003505766 0 0 0 0 1 -0.005906403 0.9940372 -0.1088817 0 -0.09394544 0.1078504 0.9897184 0 0.9955599 0.01607465 0.09274822 0 0 0 0 1 -0.006722986 0.9992274 -0.03872555 0 -0.05086207 0.0383346 0.9979696 0 0.9986831 0.008678972 0.05056506 0 0 0 0 1 0.00305438 0.9980013 0.06311982 0 0.03343546 -0.06318676 0.9974415 0 0.9994361 -9.36165e-4 -0.03356164 0 0 0 0 1 0.0176382 0.9912359 0.130921 0 0.08289796 -0.1319403 0.9877853 0 0.996402 -0.006569683 -0.08449864 0 0 0 0 1 0.02889841 0.9876433 0.1540322 0 0.08057421 -0.1558967 0.9844816 0 0.9963297 -0.01603895 -0.08408373 0 0 0 0 1 0.04040366 0.9855288 0.1646225 0 0.06226158 -0.1669201 0.9840027 0 0.9972417 -0.02950763 -0.06810474 0 0 0 0 1 0.04977875 0.9851274 0.1644572 0 0.03396224 -0.1662358 0.985501 0 0.9981828 -0.04347169 -0.04173213 0 0 0 0 1 0.05499166 0.9863837 0.1549944 0 0.001637101 -0.1553182 0.9878633 0 0.9984854 -0.05407047 -0.01015603 0 0 0 0 1 0.05400121 0.9890417 0.1374059 0 -0.02888631 -0.1360017 0.9902874 0 0.9981229 -0.05744588 0.02122551 0 0 0 0 1 0.0230081 0.9983714 0.05220216 0 -0.07360357 -0.05038267 0.9960141 0 0.9970221 -0.02675873 0.07232451 0 0 0 0 1 -0.008875668 0.9996628 -0.02440357 0 -0.1161357 0.02320879 0.9929622 0 0.9931938 0.01164728 0.1158905 0 0 0 0 1 -0.01410371 0.9998395 0.01104813 0 -0.1260141 -0.01273846 0.9919467 0 0.9919282 0.01259791 0.1261734 0 0 0 0 1 -0.01201665 0.9965293 0.08237189 0 -0.1241871 -0.08322733 0.9887624 0 0.9921861 0.001652061 0.1247562 0 0 0 0 1 -0.009626686 0.9912359 0.1317526 0 -0.1217413 -0.1319404 0.9837535 0 0.9925152 -0.006569385 0.1219445 0 0 0 0 1</float_array>
        <technique_common>
          <accessor source="#node-Bip01_Pelvis_matrix-output-array" count="21" stride="16">
            <param name="TRANSFORM" type="float4x4"/>
          </accessor>
        </technique_common>
      </source>
      <source id="node-Bip01_Pelvis_matrix-interpolation">
        <Name_array id="node-Bip01_Pelvis_matrix-interpolation-array" count="21">LINEAR LINEAR LINEAR LINEAR LINEAR LINEAR LINEAR LINEAR LINEAR LINEAR LINEAR LINEAR LINEAR LINEAR LINEAR LINEAR LINEAR LINEAR LINEAR LINEAR LINEAR</Name_array>
        <technique_common>
          <accessor source="#node-Bip01_Pelvis_matrix-interpolation-array" count="21" stride="1">
            <param name="INTERPOLATION" type="name"/>
          </accessor>
        </technique_common>
      </source>
      <source id="node-Bip01_Spine_matrix-input">
        <float_array id="node-Bip01_Spine_matrix-input-array" count="21">13.33333 13.36667 13.4 13.43333 13.46667 13.5 13.53333 13.56667 13.6 13.63333 13.66667 13.7 13.73333 13.76667 13.8 13.83333 13.86667 13.9 13.93333 13.96667 14</float_array>
        <technique_common>
          <accessor source="#node-Bip01_Spine_matrix-input-array" count="21" stride="1">
            <param name="TIME" type="float"/>
          </accessor>
        </technique_common>
      </source>
      <source id="node-Bip01_Spine_matrix-output">
        <float_array id="node-Bip01_Spine_matrix-output-array" count="336">0.9916931 0.08133208 -0.09964907 0.1974925 -0.09817779 0.9791404 -0.1778911 0.02499389 0.08310216 0.1861967 0.9789918 0.02778851 0 0 0 1 0.9929921 0.1073618 -0.04940086 0.1984391 -0.1142641 0.9789111 -0.1693433 0.02492731 0.03017801 0.1738013 0.9843183 0.02000403 0 0 0 1 0.9916244 0.1286487 0.01141428 0.1993328 -0.1256482 0.9813838 -0.1452521 0.02445679 -0.02988833 0.1426013 0.9893288 0.008226156 0 0 0 1 0.9874209 0.1415744 0.07040643 0.199558 -0.1333292 0.9848878 -0.1105418 0.02358156 -0.08499234 0.09976404 0.9913747 -0.004465699 0 0 0 1 0.9828538 0.1443285 0.1147515 0.1991641 -0.1369153 0.9880997 -0.07009291 0.02256852 -0.1235024 0.05317986 0.9909183 -0.01496142 0 0 0 1 0.9817427 0.137498 0.1314366 0.1987642 -0.13488 0.9904473 -0.02866035 0.02198988 -0.1341217 0.01040893 0.9909102 -0.02022159 0 0 0 1 0.9932991 0.1108807 0.03259319 0.1993678 -0.1119818 0.9931231 0.03415447 0.02536398 -0.02858197 -0.03757548 0.998885 -0.003014862 0 0 0 1 0.9935859 0.08892178 -0.06985843 0.1981977 -0.08478599 0.9945853 0.06009453 0.02957886 0.07482385 -0.05378609 0.9957453 0.01558613 0 0 0 1 0.9957072 0.08794206 -0.02886396 0.198798 -0.08820265 0.9960712 -0.007879912 0.02824336 0.02805757 0.01039201 0.9995523 0.009043335 0 0 0 1 0.9933253 0.1014529 0.0548858 0.1992074 -0.09501063 0.9894445 -0.1094195 0.02629548 -0.06540739 0.1034744 0.9924793 -0.005015492 0 0 0 1 0.9876199 0.1178398 0.1035413 0.1989896 -0.09817808 0.9791405 -0.1778911 0.02499383 -0.1223441 0.1655233 0.9785878 -0.01336497 0 0 0 1 0.9865283 0.1289265 0.1006967 0.1992741 -0.1066324 0.9735934 -0.2018544 0.02301192 -0.124062 0.1883975 0.9742254 -0.01266908 0 0 0 1 0.9868091 0.1396474 0.08189409 0.1997612 -0.1195448 0.9696989 -0.2130569 0.02027231 -0.1091654 0.2004565 0.9736018 -0.009204387 0 0 0 1 0.9875826 0.147813 0.05321735 0.2001975 -0.133419 0.9679753 -0.212657 0.01747953 -0.08294653 0.2029162 0.9756767 -0.00395435 0 0 0 1 0.9882252 0.1516006 0.02069932 0.2003961 -0.1443699 0.9686778 -0.2020415 0.01540112 -0.05068057 0.1966742 0.9791584 0.002085685 0 0 0 1 0.9887539 0.1492351 -0.009746015 0.2002978 -0.1484863 0.9718449 -0.1829468 0.01479905 -0.01783043 0.1823365 0.9830746 0.007871389 0 0 0 1 0.9917949 0.1163404 -0.05299079 0.1992564 -0.121074 0.9878723 -0.09720844 0.02116042 0.04103881 0.1028267 0.9938524 0.01579141 0 0 0 1 0.9921503 0.08239179 -0.09407091 0.1976476 -0.08489716 0.9961256 -0.02294182 0.02884638 0.09181618 0.03074812 0.9953011 0.02243876 0 0 0 1 0.9916498 0.0766353 -0.1037212 0.1972568 -0.08303272 0.994809 -0.05882972 0.02904057 0.09867435 0.06695073 0.992865 0.02542823 0 0 0 1 0.9916585 0.07881605 -0.1019878 0.1973635 -0.09177243 0.9873484 -0.1293095 0.0267722 0.09050589 0.1375905 0.9863455 0.02703839 0 0 0 1 0.9916931 0.08133208 -0.09964907 0.1974925 -0.09817779 0.9791404 -0.1778911 0.02499389 0.08310216 0.1861967 0.9789918 0.02778851 0 0 0 1</float_array>
        <technique_common>
          <accessor source="#node-Bip01_Spine_matrix-output-array" count="21" stride="16">
            <param name="TRANSFORM" type="float4x4"/>
          </accessor>
        </technique_common>
      </source>
      <source id="node-Bip01_Spine_matrix-interpolation">
        <Name_array id="node-Bip01_Spine_matrix-interpolation-array" count="21">LINEAR LINEAR LINEAR LINEAR LINEAR LINEAR LINEAR LINEAR LINEAR LINEAR LINEAR LINEAR LINEAR LINEAR LINEAR LINEAR LINEAR LINEAR LINEAR LINEAR LINEAR</Name_array>
        <technique_common>
          <accessor source="#node-Bip01_Spine_matrix-interpolation-array" count="21" stride="1">
            <param name="INTERPOLATION" type="name"/>
          </accessor>
        </technique_common>
      </source>
      <source id="node-Bip01_Spine1_matrix-input">
        <float_array id="node-Bip01_Spine1_matrix-input-array" count="21">13.33333 13.36667 13.4 13.43333 13.46667 13.5 13.53333 13.56667 13.6 13.63333 13.66667 13.7 13.73333 13.76667 13.8 13.83333 13.86667 13.9 13.93333 13.96667 14</float_array>
        <technique_common>
          <accessor source="#node-Bip01_Spine1_matrix-input-array" count="21" stride="1">
            <param name="TIME" type="float"/>
          </accessor>
        </technique_common>
      </source>
      <source id="node-Bip01_Spine1_matrix-output">
        <float_array id="node-Bip01_Spine1_matrix-output-array" count="336">0.9768804 -0.1934978 -0.09090083 0.1022495 0.1920002 0.9810757 -0.02502518 -9.91188e-5 0.09402292 0.006993651 0.9955453 -7.13393e-7 0 0 0 1 0.9743599 -0.2084931 -0.08457762 0.1022509 0.2070447 0.9779953 -0.02564793 -9.88059e-5 0.08806389 0.007478892 0.9960868 -7.59028e-7 0 0 0 1 0.9730851 -0.2155138 -0.08160531 0.1022517 0.214091 0.9764701 -0.02590662 -9.86606e-5 0.08526837 0.007738351 0.996328 -7.81845e-7 0 0 0 1 0.9729142 -0.2164287 -0.0812174 0.1022516 0.2150093 0.9762674 -0.02593874 -9.86308e-5 0.08490383 0.007773637 0.9963586 -7.87433e-7 0 0 0 1 0.9735351 -0.2130732 -0.08263945 0.1022512 0.2116413 0.9770063 -0.02581912 -9.87053e-5 0.08624064 0.007645845 0.996245 -7.75792e-7 0 0 0 1 0.9745756 -0.2072709 -0.08509421 0.1022509 0.2058182 0.9782555 -0.02560073 -9.88357e-5 0.0885502 0.007435917 0.9960439 -7.58097e-7 0 0 0 1 0.975679 -0.2008487 -0.08780533 0.1022499 0.1993743 0.9795956 -0.0253424 -9.89661e-5 0.09110373 0.007219791 0.9958152 -7.255e-7 0 0 0 1 0.9765366 -0.1956431 -0.0899983 0.1022495 0.194152 0.9806497 -0.02512013 -9.90704e-5 0.09317141 0.007057368 0.9956251 -7.13393e-7 0 0 0 1 0.9768804 -0.1934978 -0.09090083 0.1022493 0.1920002 0.9810757 -0.02502518 -9.91188e-5 0.09402292 0.006993651 0.9955453 -7.15256e-7 0 0 0 1 0.9768804 -0.1934978 -0.09090083 0.1022493 0.1920002 0.9810757 -0.02502518 -9.91188e-5 0.09402292 0.006993651 0.9955453 -7.15256e-7 0 0 0 1 0.9768804 -0.1934979 -0.09090083 0.1022492 0.1920002 0.9810757 -0.02502518 -9.91151e-5 0.09402292 0.006993651 0.9955453 -7.13393e-7 0 0 0 1 0.9768804 -0.1934979 -0.09090083 0.1022493 0.1920002 0.9810757 -0.02502518 -9.91151e-5 0.09402292 0.006993651 0.9955453 -7.1153e-7 0 0 0 1 0.9768804 -0.1934978 -0.09090083 0.1022493 0.1920002 0.9810757 -0.02502518 -9.91225e-5 0.09402292 0.006993651 0.9955453 -7.15256e-7 0 0 0 1 0.9768804 -0.1934978 -0.09090083 0.1022492 0.1920002 0.9810757 -0.02502518 -9.91151e-5 0.09402292 0.006993651 0.9955453 -7.15256e-7 0 0 0 1 0.9768804 -0.1934978 -0.09090083 0.1022495 0.1920002 0.9810757 -0.02502518 -9.91188e-5 0.09402292 0.006993651 0.9955453 -7.15256e-7 0 0 0 1 0.9768804 -0.1934978 -0.09090083 0.1022495 0.1920002 0.9810757 -0.02502518 -9.91225e-5 0.09402292 0.006993651 0.9955453 -7.15256e-7 0 0 0 1 0.9768804 -0.1934979 -0.09090083 0.1022493 0.1920002 0.9810757 -0.02502518 -9.91151e-5 0.09402292 0.006993651 0.9955453 -7.15256e-7 0 0 0 1 0.9768804 -0.1934979 -0.09090083 0.1022495 0.1920002 0.9810757 -0.02502518 -9.91151e-5 0.09402292 0.006993651 0.9955453 -7.15256e-7 0 0 0 1 0.9768804 -0.1934979 -0.09090083 0.1022495 0.1920002 0.9810757 -0.02502518 -9.91113e-5 0.09402292 0.006993651 0.9955453 -7.13393e-7 0 0 0 1 0.9768804 -0.1934978 -0.09090083 0.1022493 0.1920002 0.9810757 -0.02502518 -9.91151e-5 0.09402292 0.006993651 0.9955453 -7.09668e-7 0 0 0 1 0.9768804 -0.1934978 -0.09090083 0.1022495 0.1920002 0.9810757 -0.02502518 -9.91188e-5 0.09402292 0.006993651 0.9955453 -7.13393e-7 0 0 0 1</float_array>
        <technique_common>
          <accessor source="#node-Bip01_Spine1_matrix-output-array" count="21" stride="16">
            <param name="TRANSFORM" type="float4x4"/>
          </accessor>
        </technique_common>
      </source>
      <source id="node-Bip01_Spine1_matrix-interpolation">
