<?xml version="1.0" encoding="utf-8"?>
<COLLADA xmlns="http://www.collada.org/2005/11/COLLADASchema" version="1.4.1">
  <asset>
    <contributor>
      <author>MattO</author>
      <authoring_tool>OpenCOLLADA for 3ds Max;  Version: 1.3.0;  Revision: 839M;  Platform: x64;  Configuration: Release_Max2012</authoring_tool>
      <source_data>file:///C:/Dropbox/Prj/GGStout/Turret/TP_Soldier_Turret_Animation_Master.max</source_data>
    </contributor>
    <created>2011-09-30T18:22:22</created>
    <modified>2011-09-30T18:22:22</modified>
    <unit name="meter" meter="1"/>
    <up_axis>Z_UP</up_axis>
  </asset>
  <library_effects>
    <effect id="ShapeBounds">
      <profile_COMMON>
        <technique sid="common">
          <blinn>
            <emission>
              <color>0 0 0 1</color>
            </emission>
            <ambient>
              <color>0.1647059 1 0 1</color>
            </ambient>
            <diffuse>
              <color>0.1647059 1 0 1</color>
            </diffuse>
            <specular>
              <color>0.9 0.9 0.9 1</color>
            </specular>
            <shininess>
              <float>10</float>
            </shininess>
            <reflective>
              <color>0 0 0 1</color>
            </reflective>
            <transparent opaque="A_ONE">
              <color>1 1 1 1</color>
            </transparent>
            <transparency>
              <float>1</float>
            </transparency>
          </blinn>
        </technique>
      </profile_COMMON>
      <extra>
        <technique profile="OpenCOLLADA3dsMax">
          <extended_shader>
            <apply_reflection_dimming>0</apply_reflection_dimming>
            <dim_level>0</dim_level>
            <falloff_type>0</falloff_type>
            <index_of_refraction>1.5</index_of_refraction>
            <opacity_type>0</opacity_type>
            <reflection_level>3</reflection_level>
            <wire_size>1</wire_size>
            <wire_units>0</wire_units>
          </extended_shader>
          <shader>
            <ambient_diffuse_lock>1</ambient_diffuse_lock>
            <ambient_diffuse_texture_lock>1</ambient_diffuse_texture_lock>
            <diffuse_specular_lock>0</diffuse_specular_lock>
            <soften>0.1</soften>
            <use_self_illum_color>0</use_self_illum_color>
          </shader>
        </technique>
      </extra>
    </effect>
  </library_effects>
  <library_materials>
    <material id="ShapeBounds-material" name="ShapeBounds">
      <instance_effect url="#ShapeBounds"/>
    </material>
  </library_materials>
  <library_geometries>
    <geometry id="geom-BOUNDS" name="BOUNDS">
      <mesh>
        <source id="geom-BOUNDS-positions">
          <float_array id="geom-BOUNDS-positions-array" count="24">-0.425 -0.425 0 0.425 -0.425 0 -0.425 0.425 0 0.425 0.425 0 -0.425 -0.425 1.84 0.425 -0.425 1.84 -0.425 0.425 1.84 0.425 0.425 1.84</float_array>
          <technique_common>
            <accessor source="#geom-BOUNDS-positions-array" count="8" stride="3">
              <param name="X" type="float"/>
              <param name="Y" type="float"/>
              <param name="Z" type="float"/>
            </accessor>
          </technique_common>
        </source>
        <source id="geom-BOUNDS-normals">
          <float_array id="geom-BOUNDS-normals-array" count="72">0 0 -1 0 0 -1 0 0 -1 0 0 -1 0 0 1 0 0 1 0 0 1 0 0 1 0 -1 0 0 -1 0 0 -1 0 0 -1 0 1 0 0 1 0 0 1 0 0 1 0 0 0 1 0 0 1 0 0 1 0 0 1 0 -1 0 0 -1 0 0 -1 0 0 -1 0 0</float_array>
          <technique_common>
            <accessor source="#geom-BOUNDS-normals-array" count="24" stride="3">
              <param name="X" type="float"/>
              <param name="Y" type="float"/>
              <param name="Z" type="float"/>
            </accessor>
          </technique_common>
        </source>
        <source id="geom-BOUNDS-map1">
          <float_array id="geom-BOUNDS-map1-array" count="36">0 0 0 1 0 0 0 1 0 1 1 0 0 0 0 1 0 0 0 1 0 1 1 0 0 0 0 1 0 0 0 1 0 1 1 0</float_array>
          <technique_common>
            <accessor source="#geom-BOUNDS-map1-array" count="12" stride="3">
              <param name="S" type="float"/>
              <param name="T" type="float"/>
              <param name="P" type="float"/>
            </accessor>
          </technique_common>
        </source>
        <vertices id="geom-BOUNDS-vertices">
          <input semantic="POSITION" source="#geom-BOUNDS-positions"/>
        </vertices>
        <triangles material="ShapeBounds" count="12">
          <input semantic="VERTEX" source="#geom-BOUNDS-vertices" offset="0"/>
          <input semantic="NORMAL" source="#geom-BOUNDS-normals" offset="1"/>
          <input semantic="TEXCOORD" source="#geom-BOUNDS-map1" offset="2" set="0"/>
          <p>0 0 9 2 1 11 3 2 10 3 2 10 1 3 8 0 0 9 4 4 8 5 5 9 7 6 11 7 6 11 6 7 10 4 4 8 0 8 4 1 9 5 5 10 7 5 10 7 4 11 6 0 8 4 1 12 0 3 13 1 7 14 3 7 14 3 5 15 2 1 12 0 3 16 4 2 17 5 6 18 7 6 18 7 7 19 6 3 16 4 2 20 0 0 21 1 4 22 3 4 22 3 6 23 2 2 20 0</p>
        </triangles>
      </mesh>
      <extra>
        <technique profile="OpenCOLLADA3dsMax">
          <max_box>
            <generateuvs>1</generateuvs>
            <height>1.84</height>
            <heightsegments>1</heightsegments>
            <length>0.85</length>
            <lengthsegments>1</lengthsegments>
            <width>0.85</width>
            <widthsegments>1</widthsegments>
          </max_box>
        </technique>
      </extra>
    </geometry>
  </library_geometries>
  <library_lights>
    <light id="EnvironmentAmbientLight" name="EnvironmentAmbientLight">
      <technique_common>
        <ambient>
          <color>0 0 0</color>
        </ambient>
      </technique_common>
    </light>
  </library_lights>
  <library_visual_scenes>
    <visual_scene id="MaxScene">
      <node name="EnvironmentAmbientLight">
        <instance_light url="#EnvironmentAmbientLight"/>
      </node>
      <node id="node-Bip01" name="Bip01">
        <matrix sid="matrix">0.4236141 -0.9058327 -0.004269943 -8.10623e-5 0.8993581 0.4200139 0.1214221 0.009366653 -0.1081946 -0.0552763 0.9925918 0.8622898 0 0 0 1</matrix>
        <node id="node-Bip01_Pelvis" name="Bip01_Pelvis">
          <matrix sid="matrix">-0.01362201 0.9946367 -0.10253 0 -0.08326687 0.1010549 0.9913902 0 0.9964342 0.02204209 0.0814437 0 0 0 0 1</matrix>
          <node id="node-Bip01_Spine" name="Bip01_Spine">
            <matrix sid="matrix">0.9949747 0.07943575 -0.06095488 0.1981672 -0.07609772 0.9955678 0.05526033 0.0307838 0.06507437 -0.05034409 0.9966097 0.01350255 0 0 0 1</matrix>
            <node id="node-Bip01_Spine1" name="Bip01_Spine1">
              <matrix>0.9768804 -0.1934979 -0.09090087 0.1022495 0.1920003 0.9810756 -0.02502521 -9.91188e-5 0.09402294 0.006993679 0.9955453 -7.13393e-7 0 0 0 1</matrix>
              <node id="node-Bip01_Spine2" name="Bip01_Spine2">
                <matrix>0.9832346 -0.1803838 0.02667584 0.126897 0.1810793 0.9831128 -0.02645708 -1.68368e-4 -0.02145293 0.03084394 0.999294 -5.27501e-6 0 0 0 1</matrix>
                <node id="node-Bip01_Neck" name="Bip01_Neck">
                  <matrix>0.9021776 -0.4308735 0.02058497 0.2151072 0.4312887 0.9018877 -0.02426412 -4.96805e-5 -0.008110601 0.03076866 0.9994937 -1.70618e-6 0 0 0 1</matrix>
                  <node id="node-Bip01_Head" name="Bip01_Head">
                    <matrix>0.8249742 0.5162327 -0.230046 0.07051814 -0.5614573 0.7951709 -0.2290605 -0.01395923 0.06467739 0.31813 0.9458385 -3.72529e-9 0 0 0 1</matrix>
                    <node id="node-ALTEYE" name="ALTEYE">
                      <matrix>0.4506335 0.3792478 0.8081463 0.06454706 0.04412806 0.8947043 -0.4444741 0.2214611 -0.8916175 0.2359568 0.3864483 0.04716265 0 0 0 1</matrix>
                    </node>
                  </node>
                  <node id="node-Bip01_L_Clavicle" name="Bip01_L_Clavicle">
                    <matrix sid="matrix">-0.5534258 -0.4308195 0.7128212 -0.02496195 0.2347401 -0.9018177 -0.362797 -0.01206511 0.7991351 -0.03345352 0.6002201 0.06855243 0 0 0 1</matrix>
                    <node id="node-Bip01_L_UpperArm" name="Bip01_L_UpperArm">
                      <matrix sid="matrix">-0.410008 0.6832972 0.604151 0.1824006 -0.903653 -0.3941683 -0.1674598 0 0.1237124 -0.6146027 0.7790757 1.19209e-7 0 0 0 1</matrix>
                      <node id="node-Bip01_L_Forearm" name="Bip01_L_Forearm">
                        <matrix sid="matrix">0.8492731 0.527954 -2.37487e-8 0.284369 -0.5279542 0.8492729 0 0 -7.45058e-9 -6.70552e-8 1 2.98023e-8 0 0 0 1</matrix>
                        <node id="node-Bip01_L_Hand" name="Bip01_L_Hand">
                          <matrix sid="matrix">0.7031251 0.07782185 0.7067947 0.281068 -0.5028825 0.7571663 0.4169034 0 -0.502717 -0.64857 0.5715179 -2.98023e-8 0 0 0 1</matrix>
                          <node id="node-Bip01_L_Finger0" name="Bip01_L_Finger0">
                            <matrix>0.5215106 0.269013 0.8097274 0.02119672 0.7250717 0.3605265 -0.5867638 -0.004734337 -0.4497752 0.8931141 -0.007035434 -0.02572185 0 0 0 1</matrix>
                            <node id="node-Bip01_L_Finger01" name="Bip01_L_Finger01">
                              <matrix>0.6423534 -0.7636235 -0.06527569 0.04982856 0.7605615 0.6456373 -0.06854744 0 0.09448887 -0.005614474 0.9955102 -1.19209e-7 0 0 0 1</matrix>
                              <node id="node-Bip01_L_Finger02" name="Bip01_L_Finger02">
                                <matrix>0.9505157 -0.3106764 -5.87897e-9 0.05202237 0.3106764 0.9505157 1.49012e-8 0 2.6077e-8 0 0.9999999 0 0 0 0 1</matrix>
                              </node>
                            </node>
                          </node>
                          <node id="node-Bip01_L_Finger1" name="Bip01_L_Finger1">
                            <matrix>0.6408505 -0.7640198 0.0747267 0.1199946 0.7674396 0.635257 -0.08651491 -0.008367658 0.01862843 0.1127913 0.9934441 -0.04101396 0 0 0 1</matrix>
                            <node id="node-Bip01_L_Finger11" name="Bip01_L_Finger11">
                              <matrix>0.8240546 -0.5665102 -1.39698e-8 0.03644177 0.5665101 0.8240547 1.49012e-8 0 0 0 1 5.96046e-8 0 0 0 1</matrix>
                              <node id="node-Bip01_L_Finger12" name="Bip01_L_Finger12">
                                <matrix>0.8146399 -0.5796779 -0.01831834 0.03117543 0.5799671 0.8142334 0.02573051 0 1.49012e-8 -0.03158513 0.999501 5.96046e-8 0 0 0 1</matrix>
                              </node>
                            </node>
                          </node>
                          <node id="node-Bip01_L_Finger2" name="Bip01_L_Finger2">
                            <matrix>0.6754014 -0.7374502 1.52119e-4 0.1229537 0.7368312 0.6748428 0.04082684 -0.008802056 -0.03021042 -0.02746242 0.9991662 -0.01328248 0 0 0 1</matrix>
                            <node id="node-Bip01_L_Finger21" name="Bip01_L_Finger21">
                              <matrix>0.5508358 -0.8338857 0.0348487 0.03895517 0.8322218 0.5519372 0.0526506 2.38419e-7 -0.06313889 5.58794e-9 0.9980047 0 0 0 0 1</matrix>
                              <node id="node-Bip01_L_Finger22" name="Bip01_L_Finger22">
                                <matrix>0.1984737 -0.9799246 -0.01886613 0.03800547 0.975527 0.1993681 -0.09272982 -1.19209e-7 0.09462955 -3.25963e-9 0.9955125 1.19209e-7 0 0 0 1</matrix>
                              </node>
                            </node>
                          </node>
                          <node id="node-Bip01_L_Finger3" name="Bip01_L_Finger3">
                            <matrix>0.7159054 -0.6949214 -0.06755453 0.121188 0.6883786 0.6863562 0.234627 -0.001191318 -0.1166809 -0.2144738 0.9697353 0.01196861 0 0 0 1</matrix>
                            <node id="node-Bip01_L_Finger31" name="Bip01_L_Finger31">
                              <matrix>0.4441953 -0.8949345 -0.04222352 0.03155845 0.8909186 0.4461977 -0.08468729 0 0.09462957 -2.98023e-8 0.9955126 1.19209e-7 0 0 0 1</matrix>
                              <node id="node-Bip01_L_Finger32" name="Bip01_L_Finger32">
                                <matrix>0.1993681 -0.9794358 0.03095103 0.03366578 0.9799246 0.1992687 -0.006297074 -5.96046e-8 7.45058e-9 0.0315851 0.999501 -5.96046e-8 0 0 0 1</matrix>
                              </node>
                            </node>
                          </node>
                          <node id="node-Bip01_L_Finger4" name="Bip01_L_Finger4">
                            <matrix>0.5925791 -0.7897949 0.1583476 0.1136798 0.7783522 0.6120424 0.1399001 0.005147219 -0.2074079 0.0403483 0.9774221 0.03886586 0 0 0 1</matrix>
                            <node id="node-Bip01_L_Finger41" name="Bip01_L_Finger41">
                              <matrix>0.4202556 -0.9064696 -0.04120622 0.03661621 0.906853 0.4211511 -0.01578784 0 0.03166521 -0.03073307 0.999026 -5.96046e-8 0 0 0 1</matrix>
                              <node id="node-Bip01_L_Finger42" name="Bip01_L_Finger42">
                                <matrix>0.4024471 -0.9138245 0.05441485 0.01772654 0.915423 0.4021219 -0.01728316 5.96046e-8 -0.006087564 0.05676816 0.9983689 5.96046e-8 0 0 0 1</matrix>
                              </node>
                            </node>
                          </node>
                        </node>
                      </node>
                    </node>
                  </node>
                  <node id="node-Bip01_R_Clavicle" name="Bip01_R_Clavicle">
                    <matrix>-0.07751408 -0.3624381 -0.9287788 -0.02385306 0.5681534 -0.7815726 0.2575766 -0.0162707 -0.8192639 -0.5077232 0.2665033 -0.06807297 0 0 0 1</matrix>
                    <node id="node-Bip01_R_UpperArm" name="Bip01_R_UpperArm">
                      <matrix>0.7005728 -0.04837945 -0.7119393 0.1824006 -0.6460729 0.3805888 -0.6616208 2.98023e-8 0.302965 0.9234781 0.2353735 -1.19209e-7 0 0 0 1</matrix>
                      <node id="node-Bip01_R_Forearm" name="Bip01_R_Forearm">
                        <matrix>-0.1981754 0.9801665 -7.45058e-9 0.2843689 -0.9801666 -0.1981755 -7.45058e-9 0 -1.49012e-8 3.72529e-8 0.9999999 2.98023e-8 0 0 0 1</matrix>
                        <node id="node-Bip01_R_Hand" name="Bip01_R_Hand">
                          <matrix>0.8251113 -0.2495067 -0.5068904 0.2810681 -0.5635476 -0.299842 -0.7697461 1.19209e-7 0.04006979 0.9207829 -0.3880119 0 0 0 0 1</matrix>
                          <node id="node-Bip01_R_Finger0" name="Bip01_R_Finger0">
                            <matrix>0.5215105 0.269013 -0.8097275 0.02119684 0.7250715 0.3605264 0.5867638 -0.004734278 0.4497753 -0.893114 -0.007035494 0.02572194 0 0 0 1</matrix>
                            <node id="node-Bip01_R_Finger01" name="Bip01_R_Finger01">
                              <matrix>0.6423535 -0.7636236 0.06527573 0.04982844 0.7605616 0.6456372 0.06854744 2.98023e-8 -0.09448886 0.005614489 0.99551 1.19209e-7 0 0 0 1</matrix>
                              <node id="node-Bip01_R_Finger02" name="Bip01_R_Finger02">
                                <matrix>0.9505157 -0.3106763 0 0.05202246 0.3106764 0.9505157 2.98023e-8 -2.98023e-8 2.98023e-8 0 1 -2.38419e-7 0 0 0 1</matrix>
                              </node>
                            </node>
                          </node>
                          <node id="node-Bip01_R_Finger1" name="Bip01_R_Finger1">
                            <matrix>0.9820224 -0.1733427 -0.07472672 0.1199946 0.1795577 0.9799358 0.08651489 -0.008367538 0.05823067 -0.09837732 0.9934441 0.04101387 0 0 0 1</matrix>
                            <node id="node-Bip01_R_Finger11" name="Bip01_R_Finger11">
                              <matrix>0.8240547 -0.5665103 -7.45058e-9 0.03644168 0.5665101 0.8240546 7.45058e-9 -5.96046e-8 -4.09782e-8 -1.49012e-8 1 0 0 0 0 1</matrix>
                              <node id="node-Bip01_R_Finger12" name="Bip01_R_Finger12">
                                <matrix>0.8146397 -0.5796779 0.0183183 0.03117543 0.5799672 0.8142333 -0.0257305 0 1.02445e-8 0.03158511 0.999501 -2.98023e-8 0 0 0 1</matrix>
                              </node>
                            </node>
                          </node>
                          <node id="node-Bip01_R_Finger2" name="Bip01_R_Finger2">
                            <matrix>0.6754013 -0.7374504 -1.52096e-4 0.1229539 0.7368312 0.6748427 -0.04082683 -0.008802116 0.03021045 0.02746241 0.9991662 0.01328248 0 0 0 1</matrix>
                            <node id="node-Bip01_R_Finger21" name="Bip01_R_Finger21">
                              <matrix>0.5508358 -0.8338858 -0.0348487 0.03895515 0.832222 0.551937 -0.05265061 2.38419e-7 0.06313887 -1.49012e-8 0.9980047 0 0 0 0 1</matrix>
                              <node id="node-Bip01_R_Finger22" name="Bip01_R_Finger22">
                                <matrix>0.1984736 -0.9799247 0.01886613 0.03800535 0.9755271 0.1993682 0.09272987 0 -0.09462957 -2.23517e-8 0.9955126 0 0 0 0 1</matrix>
                              </node>
                            </node>
                          </node>
                          <node id="node-Bip01_R_Finger3" name="Bip01_R_Finger3">
                            <matrix>0.7159052 -0.6949215 0.06755455 0.1211882 0.6883785 0.6863562 -0.234627 -0.001191258 0.1166809 0.2144738 0.9697352 -0.01196867 0 0 0 1</matrix>
                            <node id="node-Bip01_R_Finger31" name="Bip01_R_Finger31">
                              <matrix>0.4441953 -0.8949345 0.04222352 0.03155839 0.8909185 0.4461976 0.08468726 1.19209e-7 -0.09462959 2.98023e-8 0.9955126 -5.96046e-8 0 0 0 1</matrix>
                              <node id="node-Bip01_R_Finger32" name="Bip01_R_Finger32">
                                <matrix>0.1993681 -0.979436 -0.03095104 0.03366596 0.9799248 0.1992685 0.006297067 -1.19209e-7 -1.49012e-8 -0.03158512 0.9995012 2.98023e-8 0 0 0 1</matrix>
                              </node>
                            </node>
                          </node>
                          <node id="node-Bip01_R_Finger4" name="Bip01_R_Finger4">
                            <matrix>0.5925791 -0.7897949 -0.1583476 0.1136795 0.7783521 0.6120424 -0.1399001 0.005147398 0.2074078 -0.04034826 0.9774221 -0.03886572 0 0 0 1</matrix>
                            <node id="node-Bip01_R_Finger41" name="Bip01_R_Finger41">
                              <matrix>0.4202555 -0.9064696 0.04120622 0.03661621 0.906853 0.421151 0.0157878 -1.19209e-7 -0.03166525 0.03073306 0.9990259 2.98023e-8 0 0 0 1</matrix>
                              <node id="node-Bip01_R_Finger42" name="Bip01_R_Finger42">
                                <matrix>0.4024472 -0.9138247 -0.05441486 0.0177263 0.9154232 0.4021218 0.01728317 -1.19209e-7 0.006087612 -0.05676819 0.998369 -2.98023e-8 0 0 0 1</matrix>
                              </node>
                            </node>
                          </node>
                          <node id="node-MOUNT0" name="MOUNT0">
                            <matrix>-5.21541e-7 0.9999999 -1.3411e-7 0.1095392 -0.9999998 -5.21541e-7 4.80562e-7 0.02518257 4.91738e-7 1.19209e-7 0.9999998 0.01321673 0 0 0 1</matrix>
                          </node>
                        </node>
                      </node>
                    </node>
                  </node>
                </node>
                <node id="node-Bip01_L_Pauldron_Upper" name="Bip01_L_Pauldron_Upper">
                  <matrix sid="matrix">0.7180188 -0.2643815 0.6438571 0.1769031 -0.5515048 -0.7804317 0.2945667 -0.03908372 0.4246084 -0.566595 -0.7061722 0.2290198 0 0 0 1</matrix>
                </node>
                <node id="node-Bip01_R_Pauldron_Lower" name="Bip01_R_Pauldron_Lower">
                  <matrix>-0.2772104 -0.9060032 -0.319866 0.1729063 0.8560929 -0.384044 0.3458561 -0.1133294 -0.4361892 -0.17796 0.8820829 -0.2351095 0 0 0 1</matrix>
                </node>
                <node id="node-Bip01_L_Pauldron_Lower" name="Bip01_L_Pauldron_Lower">
                  <matrix>-0.3015728 -0.9289848 0.2145742 0.1529204 0.6634326 -0.3660941 -0.6525588 -0.1054226 0.6847712 -0.05443852 0.7267222 0.2344799 0 0 0 1</matrix>
                </node>
              </node>
            </node>
            <node id="node-Bip01_L_Thigh" name="Bip01_L_Thigh">
              <matrix sid="matrix">-0.8999233 0.4345086 -0.03660855 -0.1874115 0.3170221 0.7096096 0.6292464 -0.0521272 0.2993908 0.5546679 -0.7763432 0.1239756 0 0 0 1</matrix>
              <node id="node-Bip01_L_Calf" name="Bip01_L_Calf">
                <matrix sid="matrix">0.516026 0.8565727 -1.86265e-8 0.4629987 -0.8565726 0.5160261 -4.84288e-8 0 -4.47035e-8 -8.3819e-9 0.9999999 -7.45058e-9 0 0 0 1</matrix>
                <node id="node-Bip01_L_Foot" name="Bip01_L_Foot">
                  <matrix sid="matrix">0.8804386 -0.4690669 -0.06931378 0.3610502 0.4739757 0.8665605 0.1562695 -7.45058e-9 -0.01323617 -0.1704387 0.9852794 2.23517e-8 0 0 0 1</matrix>
                  <node id="node-Bip01_L_Toe0" name="Bip01_L_Toe0">
                    <matrix sid="matrix">3.42727e-7 -0.9999999 1.21444e-6 0.1486306 0.9999999 3.50177e-7 -7.66944e-7 0.1543274 8.00006e-7 1.21444e-6 0.9999999 7.45058e-9 0 0 0 1</matrix>
                  </node>
                </node>
              </node>
            </node>
            <node id="node-Bip01_R_Thigh" name="Bip01_R_Thigh">
              <matrix sid="matrix">-0.598942 0.5391058 0.5921432 -0.2040033 0.7872043 0.532016 0.3118786 -0.03929115 -0.146894 0.6529348 -0.7430331 -0.1301329 0 0 0 1</matrix>
              <node id="node-Bip01_R_Calf" name="Bip01_R_Calf">
                <matrix sid="matrix">-0.004213721 0.9999911 -2.98023e-8 0.4629987 -0.9999911 -0.00421384 2.98023e-8 2.98023e-8 -5.96046e-8 5.96046e-8 1 0 0 0 0 1</matrix>
                <node id="node-Bip01_R_Foot" name="Bip01_R_Foot">
                  <matrix sid="matrix">0.9574753 -0.01522928 -0.2881135 0.3610501 0.0635661 0.9852028 0.1591704 -5.96046e-8 0.2814261 -0.1707159 0.944275 5.96046e-8 0 0 0 1</matrix>
                  <node id="node-Bip01_R_Toe0" name="Bip01_R_Toe0">
                    <matrix sid="matrix">-0.3051539 -0.9472734 0.09774536 0.1486306 0.9517195 -0.3069488 -0.003513992 0.1543275 0.03333157 0.09195384 0.9952053 -5.96046e-8 0 0 0 1</matrix>
                  </node>
                </node>
              </node>
            </node>
          </node>
          <node id="node-Bip01_FannyPack" name="Bip01_FannyPack">
            <matrix sid="matrix">-0.9629917 -0.2062316 0.1735378 0.2299505 -0.2083319 0.9780381 0.006226697 -0.1378937 -0.1710107 -0.03015662 -0.9848075 0.01013958 0 0 0 1</matrix>
          </node>
        </node>
        <node id="node-EYE" name="EYE">
          <matrix sid="matrix">0.4236141 0.8993577 -0.1081947 0.01002603 -0.9058326 0.4200137 -0.05527613 -0.002908442 -0.004269944 0.1214217 0.9925912 0.7141997 0 0 0 1</matrix>
          <node id="node-CAM" name="CAM">
            <matrix>1 -6.03104e-8 -2.84217e-14 4.84288e-8 6.03104e-8 1 -2.32831e-9 -0.104 0 2.32833e-9 1 0.30056 0 0 0 1</matrix>
          </node>
        </node>
      </node>
      <node id="node-BOUNDS" name="BOUNDS">
        <matrix>0.9999914 0.001706907 0.003750479 0 -0.001711356 0.9999977 0.001183292 0.1035326 -0.003748451 -0.0011897 0.9999922 -8.93474e-5 0 0 0 1</matrix>
        <instance_geometry url="#geom-BOUNDS">
          <bind_material>
            <technique_common>
              <instance_material symbol="ShapeBounds" target="#ShapeBounds-material"/>
            </technique_common>
          </bind_material>
        </instance_geometry>
      </node>
    </visual_scene>
  </library_visual_scenes>
  <library_animations>
    <animation>
      <source id="node-Bip01_matrix-input">
        <float_array id="node-Bip01_matrix-input-array" count="21">15 15.03333 15.06667 15.1 15.13333 15.16667 15.2 15.23333 15.26667 15.3 15.33333 15.36667 15.4 15.43333 15.46667 15.5 15.53333 15.56667 15.6 15.63333 15.66667</float_array>
        <technique_common>
          <accessor source="#node-Bip01_matrix-input-array" count="21" stride="1">
            <param name="TIME" type="float"/>
          </accessor>
        </technique_common>
      </source>
      <source id="node-Bip01_matrix-output">
        <float_array id="node-Bip01_matrix-output-array" count="336">0.4236141 -0.9058327 -0.004269897 -8.10623e-5 0.8993581 0.4200139 0.121422 0.009366631 -0.1081946 -0.05527627 0.9925918 0.8622898 0 0 0 1 0.4236141 -0.9058327 -0.004269897 -6.60982e-5 0.8993581 0.4200139 0.121422 0.009366631 -0.1081946 -0.05527627 0.9925918 0.8688684 0 0 0 1 0.4236141 -0.9058327 -0.004269897 -4.34467e-5 0.8993581 0.4200139 0.121422 0.009366631 -0.1081946 -0.05527627 0.9925918 0.8788264 0 0 0 1 0.4236141 -0.9058327 -0.004269897 -2.57152e-5 0.8993581 0.4200139 0.121422 0.009366631 -0.1081946 -0.05527627 0.9925918 0.8866215 0 0 0 1 0.4236141 -0.9058327 -0.004269897 -2.40193e-5 0.8993581 0.4200139 0.121422 0.009366631 -0.1081946 -0.05527627 0.9925918 0.8897014 0 0 0 1 0.4236141 -0.9058327 -0.004269897 -2.57152e-5 0.8993581 0.4200139 0.121422 0.009366631 -0.1081946 -0.05527627 0.9925918 0.8866215 0 0 0 1 0.4236141 -0.9058327 -0.004269897 -1.99752e-5 0.8993581 0.4200139 0.121422 0.009366631 -0.1081946 -0.05527627 0.9925918 0.8754506 0 0 0 1 0.4236141 -0.9058327 -0.004269897 -1.25514e-5 0.8993581 0.4200139 0.121422 0.009366631 -0.1081946 -0.05527627 0.9925918 0.8605591 0 0 0 1 0.4236141 -0.9058327 -0.004269897 -5.28079e-6 0.8993581 0.4200139 0.121422 0.009366631 -0.1081946 -0.05527627 0.9925918 0.847519 0 0 0 1 0.4236141 -0.9058327 -0.004269897 0 0.8993581 0.4200139 0.121422 0.009366631 -0.1081946 -0.05527627 0.9925918 0.8419026 0 0 0 1 0.4236141 -0.9058327 -0.004269897 1.63271e-6 0.8993581 0.4200139 0.121422 0.009366631 -0.1081946 -0.05527627 0.9925918 0.8517454 0 0 0 1 0.4236141 -0.9058327 -0.004269897 8.1635e-7 0.8993581 0.4200139 0.121422 0.009366631 -0.1081946 -0.05527627 0.9925918 0.8714838 0 0 0 1 0.4236141 -0.9058327 -0.004269897 0 0.8993581 0.4200139 0.121422 0.009366631 -0.1081946 -0.05527627 0.9925918 0.88629 0 0 0 1 0.4236141 -0.9058327 -0.004269897 0 0.8993581 0.4200139 0.121422 0.009366631 -0.1081946 -0.05527627 0.9925918 0.8912095 0 0 0 1 0.4236141 -0.9058327 -0.004269897 0 0.8993581 0.4200139 0.121422 0.009366631 -0.1081946 -0.05527627 0.9925918 0.8911971 0 0 0 1 0.4236141 -0.9058327 -0.004269897 0 0.8993581 0.4200139 0.121422 0.009366631 -0.1081946 -0.05527627 0.9925918 0.88629 0 0 0 1 0.4236141 -0.9058327 -0.004269897 3.60275e-6 0.8993581 0.4200139 0.121422 0.009366631 -0.1081946 -0.05527627 0.9925918 0.8726823 0 0 0 1 0.4236141 -0.9058327 -0.004269897 7.20554e-6 0.8993581 0.4200139 0.121422 0.009366631 -0.1081946 -0.05527627 0.9925918 0.8541799 0 0 0 1 0.4236141 -0.9058327 -0.004269897 0 0.8993581 0.4200139 0.121422 0.009366631 -0.1081946 -0.05527627 0.9925918 0.8422389 0 0 0 1 0.4236141 -0.9058327 -0.004269897 -4.16892e-5 0.8993581 0.4200139 0.121422 0.009366631 -0.1081946 -0.05527627 0.9925918 0.8502405 0 0 0 1 0.4236141 -0.9058327 -0.004269897 -8.10623e-5 0.8993581 0.4200139 0.121422 0.009366631 -0.1081946 -0.05527627 0.9925918 0.8620803 0 0 0 1</float_array>
        <technique_common>
          <accessor source="#node-Bip01_matrix-output-array" count="21" stride="16">
            <param name="TRANSFORM" type="float4x4"/>
          </accessor>
        </technique_common>
      </source>
      <source id="node-Bip01_matrix-interpolation">
        <Name_array id="node-Bip01_matrix-interpolation-array" count="21">LINEAR LINEAR LINEAR LINEAR LINEAR LINEAR LINEAR LINEAR LINEAR LINEAR LINEAR LINEAR LINEAR LINEAR LINEAR LINEAR LINEAR LINEAR LINEAR LINEAR LINEAR</Name_array>
        <technique_common>
          <accessor source="#node-Bip01_matrix-interpolation-array" count="21" stride="1">
            <param name="INTERPOLATION" type="name"/>
          </accessor>
        </technique_common>
      </source>
      <source id="node-Bip01_Pelvis_matrix-input">
        <float_array id="node-Bip01_Pelvis_matrix-input-array" count="21">15 15.03333 15.06667 15.1 15.13333 15.16667 15.2 15.23333 15.26667 15.3 15.33333 15.36667 15.4 15.43333 15.46667 15.5 15.53333 15.56667 15.6 15.63333 15.66667</float_array>
        <technique_common>
          <accessor source="#node-Bip01_Pelvis_matrix-input-array" count="21" stride="1">
            <param name="TIME" type="float"/>
          </accessor>
        </technique_common>
      </source>
      <source id="node-Bip01_Pelvis_matrix-output">
        <float_array id="node-Bip01_Pelvis_matrix-output-array" count="336">-0.01362198 0.9946367 -0.10253 0 -0.08326685 0.1010549 0.9913902 0 0.9964342 0.02204203 0.08144366 0 0 0 0 1 -2.46175e-4 0.9946013 -0.1037704 0 -0.0914458 0.1033133 0.9904364 0 0.99581 0.0097332 0.09092664 0 0 0 0 1 0.01855051 0.994497 -0.10311 0 -0.105318 0.1044976 0.988933 0 0.9942656 -0.007485806 0.1066769 0 0 0 0 1 0.04005366 0.9938876 -0.1028754 0 -0.1201483 0.1070017 0.9869728 0 0.9919477 -0.02717161 0.1236997 0 0 0 0 1 0.06161087 0.9924925 -0.105654 0 -0.1311447 0.1129872 0.9849036 0 0.989447 -0.04682475 0.1371213 0 0 0 0 1 0.08058398 0.9901723 -0.1143025 0 -0.1334829 0.124363 0.9832172 0 0.9877696 -0.06397414 0.1421928 0 0 0 0 1 0.09415888 0.9867918 -0.1318185 0 -0.1223493 0.1428728 0.9821498 0 0.9880106 -0.07635021 0.134186 0 0 0 0 1 0.092875 0.9796248 -0.1780714 0 -0.06018525 0.1840409 0.9810743 0 0.993857 -0.08039999 0.07605177 0 0 0 0 1 0.07423186 0.966147 -0.2470822 0 0.03568536 0.2450336 0.9688576 0 0.9966024 -0.08073735 -0.01628798 0 0 0 0 1 0.05554223 0.9504534 -0.3058652 0 0.08792746 0.3004918 0.9497229 0 0.9945772 -0.07964366 -0.066881 0 0 0 0 1 0.05029058 0.9329104 -0.3565797 0 0.06809085 0.352998 0.9331432 0 0.9964109 -0.07120811 -0.04577016 0 0 0 0 1 0.05277794 0.9115065 -0.407885 0 0.01545953 0.4076595 0.9130032 0 0.9984866 -0.05449217 0.007423877 0 0 0 0 1 0.05875474 0.8946825 -0.4428219 0 -0.04249936 0.4454278 0.8943087 0 0.9973674 -0.0337252 0.06419444 0 0 0 0 1 0.05960202 0.8928356 -0.4464216 0 -0.07885563 0.4500303 0.8895249 0 0.9951028 -0.01781463 0.09722781 0 0 0 0 1 0.05250388 0.9063239 -0.4193093 0 -0.09184098 0.4224914 0.9017019 0 0.9943886 -0.00883305 0.1054201 0 0 0 0 1 0.04197573 0.9259989 -0.3751852 0 -0.09819722 0.3775216 0.9207794 0 0.9942814 -0.001808226 0.1067773 0 0 0 0 1 0.02944904 0.9472004 -0.3192871 0 -0.09915286 0.3206185 0.9420046 0 0.9946364 0.003917038 0.1033595 0 0 0 0 1 0.01643025 0.9661617 -0.257413 0 -0.09618091 0.2577812 0.9614043 0 0.9952283 0.008962035 0.09716171 0 0 0 0 1 0.004265725 0.9805902 -0.1960223 0 -0.09108889 0.1955903 0.9764462 0 0.9958336 0.01369017 0.09015518 0 0 0 0 1 -0.005999386 0.9898437 -0.1420337 0 -0.08600252 0.1409993 0.9862672 0 0.996277 0.01813226 0.08428311 0 0 0 0 1 -0.01362198 0.9946366 -0.1025298 0 -0.08326685 0.1010547 0.9913902 0 0.9964342 0.02204203 0.08144366 0 0 0 0 1</float_array>
        <technique_common>
          <accessor source="#node-Bip01_Pelvis_matrix-output-array" count="21" stride="16">
            <param name="TRANSFORM" type="float4x4"/>
          </accessor>
        </technique_common>
      </source>
      <source id="node-Bip01_Pelvis_matrix-interpolation">
        <Name_array id="node-Bip01_Pelvis_matrix-interpolation-array" count="21">LINEAR LINEAR LINEAR LINEAR LINEAR LINEAR LINEAR LINEAR LINEAR LINEAR LINEAR LINEAR LINEAR LINEAR LINEAR LINEAR LINEAR LINEAR LINEAR LINEAR LINEAR</Name_array>
        <technique_common>
          <accessor source="#node-Bip01_Pelvis_matrix-interpolation-array" count="21" stride="1">
            <param name="INTERPOLATION" type="name"/>
          </accessor>
        </technique_common>
      </source>
      <source id="node-Bip01_Spine_matrix-input">
        <float_array id="node-Bip01_Spine_matrix-input-array" count="21">15 15.03333 15.06667 15.1 15.13333 15.16667 15.2 15.23333 15.26667 15.3 15.33333 15.36667 15.4 15.43333 15.46667 15.5 15.53333 15.56667 15.6 15.63333 15.66667</float_array>
        <technique_common>
          <accessor source="#node-Bip01_Spine_matrix-input-array" count="21" stride="1">
            <param name="TIME" type="float"/>
          </accessor>
        </technique_common>
      </source>
      <source id="node-Bip01_Spine_matrix-output">
        <float_array id="node-Bip01_Spine_matrix-output-array" count="336">0.9949747 0.0794357 -0.06095486 0.1981672 -0.07609772 0.9955678 0.0552603 0.03078377 0.06507432 -0.05034404 0.9966097 0.01350253 0 0 0 1 0.9932834 0.09231436 -0.06975704 0.1983978 -0.08840101 0.9944384 0.05725085 0.02833044 0.07465416 -0.05069971 0.9959198 0.01535898 0 0 0 1 0.9903049 0.1102427 -0.08451646 0.198589 -0.1055557 0.9927167 0.05806571 0.02489691 0.09030222 -0.04858154 0.9947289 0.01851457 0 0 0 1 0.9863218 0.1307449 -0.100375 0.1986976 -0.1251506 0.9903115 0.06016856 0.0209586 0.1072693 -0.04678362 0.9931287 0.02191239 0 0 0 1 0.9820519 0.1514521 -0.1124111 0.1987717 -0.1447285 0.987282 0.06578558 0.01700586 0.1209448 -0.04833585 0.9914818 0.02451282 0 0 0 1 0.9786239 0.1700515 -0.1156628 0.1989409 -0.1618664 0.9838132 0.07688283 0.01352745 0.1268646 -0.05651742 0.9903088 0.02529376 0 0 0 1 0.9772719 0.1840633 -0.1051681 0.199349 -0.1743387 0.9800673 0.09525734 0.0109719 0.1206052 -0.07475733 0.9898816 0.02323371 0 0 0 1 0.9815951 0.1860941 -0.04289948 0.2004795 -0.1787524 0.9743633 0.1366162 0.009974718 0.06722319 -0.1264333 0.9896947 0.01042377 0 0 0 1 0.9836198 0.1720496 0.0537697 0.2005314 -0.1793827 0.9636181 0.1981469 0.009549617 -0.0177223 -0.2045466 0.9786966 -0.009804964 0 0 0 1 0.9820378 0.1555728 0.1067664 0.1996319 -0.1782324 0.9505645 0.254284 0.009350895 -0.06192868 -0.2687457 0.9612183 -0.02144479 0 0 0 1 0.9848822 0.1496545 0.08723908 0.199858 -0.1695224 0.9362543 0.3077179 0.01056587 -0.03562664 -0.3178548 0.9474699 -0.01858431 0 0 0 1 0.9880788 0.1500089 0.03460639 0.2003377 -0.1522588 0.9190034 0.3636624 0.01332819 0.02274918 -0.3645962 0.9308879 -0.009347319 0 0 0 1 0.9879002 0.1532881 -0.02357804 0.2002735 -0.1309639 0.905954 0.4026111 0.01701927 0.08307617 -0.3946517 0.9150673 0.001036584 0 0 0 1 0.9865117 0.1523084 -0.05997496 0.1998449 -0.1150747 0.905864 0.4076377 0.02014023 0.1164157 -0.3952378 0.9111721 0.007522583 0 0 0 1 0.9868197 0.1446089 -0.07262951 0.1995142 -0.1067147 0.9189327 0.3797037 0.02228772 0.1216501 -0.3669483 0.9222527 0.009874165 0 0 0 1 0.9878884 0.13385 -0.07849133 0.1992136 -0.1004415 0.9371949 0.3340323 0.02420955 0.1182719 -0.3221027 0.9392878 0.01131534 0 0 0 1 0.989468 0.121387 -0.07885694 0.198952 -0.09529709 0.9563224 0.2763441 0.02591305 0.1089572 -0.2659188 0.9578181 0.01211756 0 0 0 1 0.9912284 0.1086307 -0.07527214 0.1987245 -0.09046047 0.9728953 0.2128188 0.02742159 0.09635061 -0.2041428 0.974188 0.01252448 0 0 0 1 0.9928649 0.09681862 -0.0696094 0.1985221 -0.08552116 0.9849585 0.1501424 0.02874672 0.083099 -0.1431182 0.9862109 0.01275742 0 0 0 1 0.9941581 0.08687907 -0.06404393 0.1983382 -0.08056795 0.9921837 0.09528994 0.02987748 0.07182204 -0.08957344 0.9933873 0.01302003 0 0 0 1 0.9949747 0.0794357 -0.06095486 0.1981673 -0.07609766 0.9955679 0.05526012 0.03078377 0.06507432 -0.05034387 0.9966098 0.01350253 0 0 0 1</float_array>
        <technique_common>
          <accessor source="#node-Bip01_Spine_matrix-output-array" count="21" stride="16">
            <param name="TRANSFORM" type="float4x4"/>
          </accessor>
        </technique_common>
      </source>
      <source id="node-Bip01_Spine_matrix-interpolation">
        <Name_array id="node-Bip01_Spine_matrix-interpolation-array" count="21">LINEAR LINEAR LINEAR LINEAR LINEAR LINEAR LINEAR LINEAR LINEAR LINEAR LINEAR LINEAR LINEAR LINEAR LINEAR LINEAR LINEAR LINEAR LINEAR LINEAR LINEAR</Name_array>
        <technique_common>
          <accessor source="#node-Bip01_Spine_matrix-interpolation-array" count="21" stride="1">
            <param name="INTERPOLATION" type="name"/>
          </accessor>
        </technique_common>
      </source>
      <source id="node-Bip01_L_Clavicle_matrix-input">
        <float_array id="node-Bip01_L_Clavicle_matrix-input-array" count="21">15 15.03333 15.06667 15.1 15.13333 15.16667 15.2 15.23333 15.26667 15.3 15.33333 15.36667 15.4 15.43333 15.46667 15.5 15.53333 15.56667 15.6 15.63333 15.66667</float_array>
        <technique_common>
          <accessor source="#node-Bip01_L_Clavicle_matrix-input-array" count="21" stride="1">
            <param name="TIME" type="float"/>
          </accessor>
        </technique_common>
      </source>
      <source id="node-Bip01_L_Clavicle_matrix-output">
        <float_array id="node-Bip01_L_Clavicle_matrix-output-array" count="336">-0.5534259 -0.4308195 0.7128213 -0.02496194 0.23474 -0.9018177 -0.362797 -0.01206511 0.7991352 -0.03345352 0.6002201 0.06855243 0 0 0 1 -0.5536707 -0.4308196 0.7126312 -0.02496194 0.234865 -0.9018178 -0.3627162 -0.01206499 0.7989288 -0.03345322 0.6004945 0.06855243 0 0 0 1 -0.5539113 -0.4308196 0.712444 -0.02496194 0.2349877 -0.9018178 -0.3626366 -0.01206505 0.7987259 -0.03345286 0.6007646 0.06855243 0 0 0 1 -0.554148 -0.4308196 0.71226 -0.02496182 0.2351085 -0.9018177 -0.3625583 -0.01206505 0.7985261 -0.03345251 0.60103 0.06855243 0 0 0 1 -0.5543806 -0.4308196 0.7120789 -0.02496206 0.2352273 -0.9018177 -0.3624814 -0.01206505 0.7983297 -0.03345221 0.6012909 0.06855243 0 0 0 1 -0.5546091 -0.4308195 0.7119008 -0.02496194 0.2353438 -0.9018178 -0.3624054 -0.01206517 0.7981365 -0.03345191 0.6015471 0.06855243 0 0 0 1 -0.5548337 -0.4308196 0.7117261 -0.02496194 0.2354585 -0.9018177 -0.3623311 -0.01206517 0.7979466 -0.03345149 0.6017991 0.06855243 0 0 0 1 -0.5550541 -0.4308196 0.7115541 -0.02496206 0.2355711 -0.9018177 -0.3622579 -0.01206511 0.79776 -0.03345108 0.6020466 0.06855243 0 0 0 1 -0.5552708 -0.4308196 0.711385 -0.02496194 0.2356817 -0.9018178 -0.362186 -0.01206505 0.7975766 -0.03345084 0.6022895 0.06855243 0 0 0 1 -0.5554835 -0.4308196 0.711219 -0.02496194 0.2357902 -0.9018178 -0.3621153 -0.01206511 0.7973965 -0.03345048 0.6025281 0.06855243 0 0 0 1 -0.5556923 -0.4308196 0.7110559 -0.02496194 0.2358968 -0.9018179 -0.3620458 -0.01206517 0.7972195 -0.03345018 0.6027623 0.06855243 0 0 0 1 -0.555897 -0.4308195 0.7108956 -0.02496194 0.2360014 -0.9018178 -0.3619775 -0.01206517 0.7970455 -0.03344982 0.6029921 0.06855243 0 0 0 1 -0.5560981 -0.4308195 0.7107384 -0.02496194 0.2361041 -0.9018178 -0.3619105 -0.01206517 0.796875 -0.03344953 0.6032175 0.06855243 0 0 0 1 -0.5562952 -0.4308196 0.7105842 -0.02496206 0.2362049 -0.9018178 -0.361845 -0.01206505 0.7967075 -0.03344917 0.6034387 0.06855243 0 0 0 1 -0.5564885 -0.4308195 0.7104327 -0.02496206 0.2363035 -0.9018177 -0.3617802 -0.01206517 0.7965431 -0.03344881 0.6036556 0.06855243 0 0 0 1 -0.5566781 -0.4308197 0.7102843 -0.02496194 0.2364003 -0.9018178 -0.3617172 -0.01206505 0.7963821 -0.03344845 0.6038683 0.06855243 0 0 0 1 -0.5568639 -0.4308197 0.7101386 -0.02496206 0.2364953 -0.9018178 -0.3616551 -0.01206505 0.7962239 -0.0334481 0.6040768 0.06855243 0 0 0 1 -0.5570459 -0.4308197 0.7099959 -0.02496194 0.2365883 -0.9018179 -0.3615942 -0.01206505 0.7960689 -0.0334478 0.604281 0.06855243 0 0 0 1 -0.5572242 -0.4308198 0.7098559 -0.02496206 0.2366794 -0.9018179 -0.3615345 -0.01206517 0.7959172 -0.03344744 0.6044811 0.06855243 0 0 0 1 -0.5573987 -0.4308198 0.7097188 -0.02496194 0.2367687 -0.9018179 -0.3614761 -0.01206523 0.7957683 -0.03344714 0.604677 0.06855243 0 0 0 1 -0.5575695 -0.4308198 0.7095847 -0.02496194 0.2368559 -0.9018179 -0.3614189 -0.01206511 0.7956227 -0.03344678 0.6048685 0.06855243 0 0 0 1</float_array>
        <technique_common>
          <accessor source="#node-Bip01_L_Clavicle_matrix-output-array" count="21" stride="16">
            <param name="TRANSFORM" type="float4x4"/>
          </accessor>
        </technique_common>
      </source>
      <source id="node-Bip01_L_Clavicle_matrix-interpolation">
