<?xml version="1.0" encoding="utf-8"?>
<COLLADA xmlns="http://www.collada.org/2005/11/COLLADASchema" version="1.4.1">
  <asset>
    <contributor>
      <author>MattO</author>
      <authoring_tool>OpenCOLLADA for 3ds Max;  Version: 1.3.0;  Revision: 839M;  Platform: x64;  Configuration: Release_Max2012</authoring_tool>
      <source_data>file:///C:/Dropbox/Prj/GGStout/Turret/TP_Soldier_Turret_Animation_Master.max</source_data>
    </contributor>
    <created>2011-09-30T18:22:29</created>
    <modified>2011-09-30T18:22:29</modified>
    <unit name="meter" meter="1"/>
    <up_axis>Z_UP</up_axis>
  </asset>
  <library_effects>
    <effect id="ShapeBounds">
      <profile_COMMON>
        <technique sid="common">
          <blinn>
            <emission>
              <color>0 0 0 1</color>
            </emission>
            <ambient>
              <color>0.1647059 1 0 1</color>
            </ambient>
            <diffuse>
              <color>0.1647059 1 0 1</color>
            </diffuse>
            <specular>
              <color>0.9 0.9 0.9 1</color>
            </specular>
            <shininess>
              <float>10</float>
            </shininess>
            <reflective>
              <color>0 0 0 1</color>
            </reflective>
            <transparent opaque="A_ONE">
              <color>1 1 1 1</color>
            </transparent>
            <transparency>
              <float>1</float>
            </transparency>
          </blinn>
        </technique>
      </profile_COMMON>
      <extra>
        <technique profile="OpenCOLLADA3dsMax">
          <extended_shader>
            <apply_reflection_dimming>0</apply_reflection_dimming>
            <dim_level>0</dim_level>
            <falloff_type>0</falloff_type>
            <index_of_refraction>1.5</index_of_refraction>
            <opacity_type>0</opacity_type>
            <reflection_level>3</reflection_level>
            <wire_size>1</wire_size>
            <wire_units>0</wire_units>
          </extended_shader>
          <shader>
            <ambient_diffuse_lock>1</ambient_diffuse_lock>
            <ambient_diffuse_texture_lock>1</ambient_diffuse_texture_lock>
            <diffuse_specular_lock>0</diffuse_specular_lock>
            <soften>0.1</soften>
            <use_self_illum_color>0</use_self_illum_color>
          </shader>
        </technique>
      </extra>
    </effect>
  </library_effects>
  <library_materials>
    <material id="ShapeBounds-material" name="ShapeBounds">
      <instance_effect url="#ShapeBounds"/>
    </material>
  </library_materials>
  <library_geometries>
    <geometry id="geom-BOUNDS" name="BOUNDS">
      <mesh>
        <source id="geom-BOUNDS-positions">
          <float_array id="geom-BOUNDS-positions-array" count="24">-0.425 -0.425 0 0.425 -0.425 0 -0.425 0.425 0 0.425 0.425 0 -0.425 -0.425 1.84 0.425 -0.425 1.84 -0.425 0.425 1.84 0.425 0.425 1.84</float_array>
          <technique_common>
            <accessor source="#geom-BOUNDS-positions-array" count="8" stride="3">
              <param name="X" type="float"/>
              <param name="Y" type="float"/>
              <param name="Z" type="float"/>
            </accessor>
          </technique_common>
        </source>
        <source id="geom-BOUNDS-normals">
          <float_array id="geom-BOUNDS-normals-array" count="72">0 0 -1 0 0 -1 0 0 -1 0 0 -1 0 0 1 0 0 1 0 0 1 0 0 1 0 -1 0 0 -1 0 0 -1 0 0 -1 0 1 0 0 1 0 0 1 0 0 1 0 0 0 1 0 0 1 0 0 1 0 0 1 0 -1 0 0 -1 0 0 -1 0 0 -1 0 0</float_array>
          <technique_common>
            <accessor source="#geom-BOUNDS-normals-array" count="24" stride="3">
              <param name="X" type="float"/>
              <param name="Y" type="float"/>
              <param name="Z" type="float"/>
            </accessor>
          </technique_common>
        </source>
        <source id="geom-BOUNDS-map1">
          <float_array id="geom-BOUNDS-map1-array" count="36">0 0 0 1 0 0 0 1 0 1 1 0 0 0 0 1 0 0 0 1 0 1 1 0 0 0 0 1 0 0 0 1 0 1 1 0</float_array>
          <technique_common>
            <accessor source="#geom-BOUNDS-map1-array" count="12" stride="3">
              <param name="S" type="float"/>
              <param name="T" type="float"/>
              <param name="P" type="float"/>
            </accessor>
          </technique_common>
        </source>
        <vertices id="geom-BOUNDS-vertices">
          <input semantic="POSITION" source="#geom-BOUNDS-positions"/>
        </vertices>
        <triangles material="ShapeBounds" count="12">
          <input semantic="VERTEX" source="#geom-BOUNDS-vertices" offset="0"/>
          <input semantic="NORMAL" source="#geom-BOUNDS-normals" offset="1"/>
          <input semantic="TEXCOORD" source="#geom-BOUNDS-map1" offset="2" set="0"/>
          <p>0 0 9 2 1 11 3 2 10 3 2 10 1 3 8 0 0 9 4 4 8 5 5 9 7 6 11 7 6 11 6 7 10 4 4 8 0 8 4 1 9 5 5 10 7 5 10 7 4 11 6 0 8 4 1 12 0 3 13 1 7 14 3 7 14 3 5 15 2 1 12 0 3 16 4 2 17 5 6 18 7 6 18 7 7 19 6 3 16 4 2 20 0 0 21 1 4 22 3 4 22 3 6 23 2 2 20 0</p>
        </triangles>
      </mesh>
      <extra>
        <technique profile="OpenCOLLADA3dsMax">
          <max_box>
            <generateuvs>1</generateuvs>
            <height>1.84</height>
            <heightsegments>1</heightsegments>
            <length>0.85</length>
            <lengthsegments>1</lengthsegments>
            <width>0.85</width>
            <widthsegments>1</widthsegments>
          </max_box>
        </technique>
      </extra>
    </geometry>
  </library_geometries>
  <library_lights>
    <light id="EnvironmentAmbientLight" name="EnvironmentAmbientLight">
      <technique_common>
        <ambient>
          <color>0 0 0</color>
        </ambient>
      </technique_common>
    </light>
  </library_lights>
  <library_visual_scenes>
    <visual_scene id="MaxScene">
      <node name="EnvironmentAmbientLight">
        <instance_light url="#EnvironmentAmbientLight"/>
      </node>
      <node id="node-Bip01" name="Bip01">
        <matrix sid="matrix">0.145833 -0.5237659 -0.8392866 -8.10623e-5 0.9234055 0.3765216 -0.07452315 0.009366653 0.3550422 -0.7641339 0.5385576 0.8041388 0 0 0 1</matrix>
        <node id="node-Bip01_Pelvis" name="Bip01_Pelvis">
          <matrix sid="matrix">-0.02669419 0.9978371 0.06007271 0 -0.1206839 -0.06287152 0.9906982 0 0.992332 0.01919608 0.1221011 0 0 0 0 1</matrix>
          <node id="node-Bip01_Spine" name="Bip01_Spine">
            <matrix sid="matrix">0.9858773 -0.06348303 0.1549708 0.1970137 0.1364505 0.8410004 -0.5235451 0.03031451 -0.09709412 0.5372972 0.8377855 0.02588338 0 0 0 1</matrix>
            <node id="node-Bip01_Spine1" name="Bip01_Spine1">
              <matrix sid="matrix">0.9639943 0.1250203 0.2347016 0.1022171 -0.2074659 0.9057003 0.3696819 -9.1482e-5 -0.1663517 -0.4050638 0.8990274 4.09484e-5 0 0 0 1</matrix>
              <node id="node-Bip01_Spine2" name="Bip01_Spine2">
                <matrix>0.938154 -0.2995817 0.1735454 0.1269174 0.1590401 0.8181464 0.5525785 -1.4016e-4 -0.3075279 -0.4908029 0.8151928 8.41022e-5 0 0 0 1</matrix>
                <node id="node-Bip01_Neck" name="Bip01_Neck">
                  <matrix>0.840708 -0.4308255 0.3280236 0.2151072 0.413622 0.9019012 0.1244631 -4.96656e-5 -0.3494668 0.0310407 0.9364346 -1.72853e-6 0 0 0 1</matrix>
                  <node id="node-Bip01_Head" name="Bip01_Head">
                    <matrix sid="matrix">0.9085599 -0.05659708 -0.4139033 0.07051814 -0.2667489 0.6839045 -0.679058 -0.01395911 0.3215032 0.7273729 0.6062709 -5.96046e-8 0 0 0 1</matrix>
                    <node id="node-ALTEYE" name="ALTEYE">
                      <matrix>0.4506335 0.3792478 0.8081463 0.06454682 0.04412804 0.8947042 -0.4444741 0.2214611 -0.8916174 0.2359568 0.3864483 0.04716268 0 0 0 1</matrix>
                    </node>
                  </node>
                  <node id="node-Bip01_L_Clavicle" name="Bip01_L_Clavicle">
                    <matrix>-0.7814926 -0.3934345 0.4842303 -0.04690349 0.2257733 -0.9018468 -0.3683733 -0.01204765 0.5816322 -0.1785547 0.7936135 0.055884 0 0 0 1</matrix>
                    <node id="node-Bip01_L_UpperArm" name="Bip01_L_UpperArm">
                      <matrix sid="matrix">-0.4431433 0.5798679 0.6836499 0.1824007 -0.8692486 -0.09150742 -0.4858329 0 -0.2191598 -0.8095552 0.5446004 0 0 0 0 1</matrix>
                      <node id="node-Bip01_L_Forearm" name="Bip01_L_Forearm">
                        <matrix sid="matrix">0.5421692 0.8402693 2.23517e-8 0.2843689 -0.8402693 0.5421692 -7.45058e-9 0 -2.98023e-8 -8.3819e-8 1 -2.98023e-8 0 0 0 1</matrix>
                        <node id="node-Bip01_L_Hand" name="Bip01_L_Hand">
                          <matrix sid="matrix">0.9323698 -0.2473727 0.2636158 0.2810678 0.1063445 0.8846327 0.4539999 5.96046e-8 -0.3455104 -0.3952617 0.8511115 0 0 0 0 1</matrix>
                          <node id="node-Bip01_L_Finger0" name="Bip01_L_Finger0">
                            <matrix>0.5215105 0.269013 0.8097275 0.0211966 0.7250717 0.3605265 -0.5867637 -0.004734218 -0.4497753 0.893114 -0.007035479 -0.02572185 0 0 0 1</matrix>
                            <node id="node-Bip01_L_Finger01" name="Bip01_L_Finger01">
                              <matrix>0.6423534 -0.7636238 -0.06527567 0.04982854 0.7605616 0.6456373 -0.06854744 0 0.09448884 -0.005614489 0.9955101 0 0 0 0 1</matrix>
                              <node id="node-Bip01_L_Finger02" name="Bip01_L_Finger02">
                                <matrix>0.9505157 -0.3106765 -1.49012e-8 0.05202237 0.3106765 0.9505157 0 0 0 -2.23517e-8 0.9999999 0 0 0 0 1</matrix>
                              </node>
                            </node>
                          </node>
                          <node id="node-Bip01_L_Finger1" name="Bip01_L_Finger1">
                            <matrix>0.6408503 -0.7640201 0.07472669 0.1199946 0.7674397 0.635257 -0.08651486 -0.008367598 0.01862845 0.1127913 0.9934441 -0.04101381 0 0 0 1</matrix>
                            <node id="node-Bip01_L_Finger11" name="Bip01_L_Finger11">
                              <matrix>0.8240547 -0.5665103 -7.45058e-9 0.03644173 0.5665102 0.8240547 2.98023e-8 2.38419e-7 -1.49012e-8 0 1 -5.96046e-8 0 0 0 1</matrix>
                              <node id="node-Bip01_L_Finger12" name="Bip01_L_Finger12">
                                <matrix>0.8146398 -0.5796779 -0.01831836 0.03117549 0.5799671 0.8142334 0.02573049 0 2.98023e-8 -0.03158514 0.9995011 0 0 0 0 1</matrix>
                              </node>
                            </node>
                          </node>
                          <node id="node-Bip01_L_Finger2" name="Bip01_L_Finger2">
                            <matrix>0.6754013 -0.7374503 1.52126e-4 0.1229537 0.7368313 0.6748428 0.04082686 -0.008801997 -0.03021042 -0.02746242 0.9991663 -0.01328242 0 0 0 1</matrix>
                            <node id="node-Bip01_L_Finger21" name="Bip01_L_Finger21">
                              <matrix>0.5508357 -0.8338858 0.03484869 0.0389552 0.8322221 0.5519371 0.05265062 0 -0.06313893 -2.98023e-8 0.9980047 0 0 0 0 1</matrix>
                              <node id="node-Bip01_L_Finger22" name="Bip01_L_Finger22">
                                <matrix>0.1984733 -0.9799247 -0.01886612 0.03800547 0.9755274 0.1993681 -0.09272984 0 0.09462956 -2.23517e-8 0.9955125 0 0 0 0 1</matrix>
                              </node>
                            </node>
                          </node>
                          <node id="node-Bip01_L_Finger3" name="Bip01_L_Finger3">
                            <matrix>0.7159052 -0.6949217 -0.06755456 0.121188 0.6883788 0.6863561 0.234627 -0.001191258 -0.1166809 -0.2144738 0.9697352 0.01196873 0 0 0 1</matrix>
                            <node id="node-Bip01_L_Finger31" name="Bip01_L_Finger31">
                              <matrix>0.4441953 -0.8949345 -0.04222352 0.03155847 0.8909185 0.4461976 -0.08468727 0 0.09462962 -1.11759e-8 0.9955126 -1.49012e-8 0 0 0 1</matrix>
                              <node id="node-Bip01_L_Finger32" name="Bip01_L_Finger32">
                                <matrix>0.1993679 -0.9794358 0.03095102 0.0336659 0.9799247 0.1992683 -0.006297059 1.19209e-7 2.23517e-8 0.0315851 0.9995011 0 0 0 0 1</matrix>
                              </node>
                            </node>
                          </node>
                          <node id="node-Bip01_L_Finger4" name="Bip01_L_Finger4">
                            <matrix>0.5925789 -0.789795 0.1583476 0.1136796 0.7783521 0.6120422 0.1399001 0.005147457 -0.2074079 0.04034826 0.9774221 0.03886575 0 0 0 1</matrix>
                            <node id="node-Bip01_L_Finger41" name="Bip01_L_Finger41">
                              <matrix>0.4202556 -0.9064696 -0.04120624 0.03661619 0.906853 0.421151 -0.01578781 0 0.03166527 -0.03073297 0.9990261 0 0 0 0 1</matrix>
                              <node id="node-Bip01_L_Finger42" name="Bip01_L_Finger42">
                                <matrix>0.402447 -0.9138246 0.05441482 0.0177263 0.915423 0.4021218 -0.01728318 5.96046e-8 -0.006087616 0.05676815 0.9983689 0 0 0 0 1</matrix>
                              </node>
                            </node>
                          </node>
                        </node>
                      </node>
                    </node>
                  </node>
                  <node id="node-Bip01_R_Clavicle" name="Bip01_R_Clavicle">
                    <matrix>0.621044 -0.1918167 -0.7599414 8.6689e-4 0.3462852 -0.8026726 0.4855958 -0.01629031 -0.7031294 -0.5647327 -0.4320717 -0.07212156 0 0 0 1</matrix>
                    <node id="node-Bip01_R_UpperArm" name="Bip01_R_UpperArm">
                      <matrix sid="matrix">0.9310904 -0.1745231 -0.3203319 0.1824006 0.07180261 0.9486315 -0.3081283 -4.47035e-8 0.3576525 0.2638946 0.8957925 -1.19209e-7 0 0 0 1</matrix>
                      <node id="node-Bip01_R_Forearm" name="Bip01_R_Forearm">
                        <matrix>-0.1801303 0.9836428 7.45058e-9 0.2843689 -0.9836427 -0.1801304 -2.98023e-8 0 -2.98023e-8 3.72529e-8 1 0 0 0 0 1</matrix>
                        <node id="node-Bip01_R_Hand" name="Bip01_R_Hand">
                          <matrix>0.2867863 0.06188232 -0.9559938 0.2810681 -0.3821528 -0.9076854 -0.1733963 2.98023e-8 -0.8784719 0.4150635 -0.2366633 0 0 0 0 1</matrix>
                          <node id="node-Bip01_R_Finger0" name="Bip01_R_Finger0">
                            <matrix>0.5215105 0.2690131 -0.8097275 0.02119672 0.7250716 0.3605264 0.5867639 -0.004734159 0.4497753 -0.8931141 -0.007035464 0.02572191 0 0 0 1</matrix>
                            <node id="node-Bip01_R_Finger01" name="Bip01_R_Finger01">
                              <matrix>0.6423533 -0.7636238 0.06527567 0.04982855 0.7605616 0.6456371 0.06854749 5.96046e-8 -0.0944888 0.005614504 0.9955101 -2.38419e-7 0 0 0 1</matrix>
                              <node id="node-Bip01_R_Finger02" name="Bip01_R_Finger02">
                                <matrix>0.9505159 -0.3106765 0 0.0520224 0.3106765 0.9505158 7.45058e-9 -2.98023e-8 -2.98023e-8 2.65427e-8 1 0 0 0 0 1</matrix>
                              </node>
                            </node>
                          </node>
                          <node id="node-Bip01_R_Finger1" name="Bip01_R_Finger1">
                            <matrix>0.9820224 -0.1733427 -0.07472673 0.1199948 0.1795577 0.9799358 0.08651488 -0.008367538 0.05823062 -0.09837736 0.993444 0.0410139 0 0 0 1</matrix>
                            <node id="node-Bip01_R_Finger11" name="Bip01_R_Finger11">
                              <matrix>0.8240547 -0.5665103 2.98023e-8 0.03644168 0.5665103 0.8240547 1.49012e-8 0 -1.49012e-8 2.98023e-8 1 0 0 0 0 1</matrix>
                              <node id="node-Bip01_R_Finger12" name="Bip01_R_Finger12">
                                <matrix>0.8146398 -0.5796779 0.01831834 0.03117543 0.5799671 0.8142335 -0.02573049 1.19209e-7 -3.35276e-8 0.03158513 0.9995011 5.96046e-8 0 0 0 1</matrix>
                              </node>
                            </node>
                          </node>
                          <node id="node-Bip01_R_Finger2" name="Bip01_R_Finger2">
                            <matrix>0.6754013 -0.7374504 -1.52156e-4 0.1229539 0.7368313 0.6748428 -0.04082682 -0.008801997 0.03021042 0.02746241 0.9991663 0.01328245 0 0 0 1</matrix>
                            <node id="node-Bip01_R_Finger21" name="Bip01_R_Finger21">
                              <matrix>0.5508357 -0.8338858 -0.0348487 0.03895515 0.832222 0.5519371 -0.05265062 0 0.06313892 -2.98023e-8 0.9980049 0 0 0 0 1</matrix>
                              <node id="node-Bip01_R_Finger22" name="Bip01_R_Finger22">
                                <matrix>0.1984734 -0.9799247 0.01886617 0.03800541 0.9755273 0.1993679 0.09272985 1.19209e-7 -0.09462959 0 0.9955124 0 0 0 0 1</matrix>
                              </node>
                            </node>
                          </node>
                          <node id="node-Bip01_R_Finger3" name="Bip01_R_Finger3">
                            <matrix>0.7159052 -0.6949215 0.06755492 0.1211882 0.6883785 0.6863562 -0.2346271 -0.001191199 0.1166807 0.2144742 0.9697353 -0.01196864 0 0 0 1</matrix>
                            <node id="node-Bip01_R_Finger31" name="Bip01_R_Finger31">
                              <matrix>0.4441954 -0.8949347 0.04222358 0.03155842 0.8909187 0.4461976 0.08468759 0 -0.09462992 -5.96046e-8 0.9955126 0 0 0 0 1</matrix>
                              <node id="node-Bip01_R_Finger32" name="Bip01_R_Finger32">
                                <matrix>0.1993681 -0.9794358 -0.030951 0.03366601 0.9799248 0.1992685 0.006297089 0 -1.49012e-8 -0.03158511 0.9995011 0 0 0 0 1</matrix>
                              </node>
                            </node>
                          </node>
                          <node id="node-Bip01_R_Finger4" name="Bip01_R_Finger4">
                            <matrix>0.592579 -0.789795 -0.1583476 0.1136798 0.7783521 0.6120424 -0.1399001 0.005147457 0.2074078 -0.04034828 0.9774221 -0.03886575 0 0 0 1</matrix>
                            <node id="node-Bip01_R_Finger41" name="Bip01_R_Finger41">
                              <matrix>0.4202556 -0.9064698 0.04120623 0.03661619 0.906853 0.421151 0.01578778 1.19209e-7 -0.03166525 0.03073305 0.999026 5.96046e-8 0 0 0 1</matrix>
                              <node id="node-Bip01_R_Finger42" name="Bip01_R_Finger42">
                                <matrix>0.4024471 -0.9138247 -0.05441488 0.01772654 0.915423 0.4021218 0.01728316 5.96046e-8 0.006087661 -0.05676819 0.9983689 0 0 0 0 1</matrix>
                              </node>
                            </node>
                          </node>
                          <node id="node-MOUNT0" name="MOUNT0">
                            <matrix>-6.25849e-7 1 -1.19209e-7 0.1095392 -0.9999999 -6.85453e-7 4.32134e-7 0.02518266 5.06639e-7 8.9407e-8 0.9999999 0.01321676 0 0 0 1</matrix>
                          </node>
                        </node>
                      </node>
                    </node>
                  </node>
                </node>
                <node id="node-Bip01_L_Pauldron_Upper" name="Bip01_L_Pauldron_Upper">
                  <matrix>0.7291969 -0.277326 0.62559 0.2295039 -0.5504749 -0.7808023 0.295509 -0.03790648 0.4065098 -0.5598561 -0.7220194 0.2195491 0 0 0 1</matrix>
                </node>
                <node id="node-Bip01_R_Pauldron_Lower" name="Bip01_R_Pauldron_Lower">
                  <matrix>0.04346895 -0.1221881 -0.9915552 0.2653015 0.7924992 -0.6001097 0.1086932 -0.05056335 -0.6083229 -0.7905311 0.07074764 -0.2106076 0 0 0 1</matrix>
                </node>
                <node id="node-Bip01_L_Pauldron_Lower" name="Bip01_L_Pauldron_Lower">
                  <matrix>-0.6002203 -0.6322484 0.489896 0.196116 0.7361853 -0.6761434 0.0293594 -0.03321506 0.3126771 0.3782765 0.8712864 0.2596653 0 0 0 1</matrix>
                </node>
              </node>
            </node>
            <node id="node-Bip01_L_Thigh" name="Bip01_L_Thigh">
              <matrix sid="matrix">-0.8161647 0.5367084 0.2140541 -0.208233 0.5762472 0.7833413 0.2330565 0.04160369 -0.04259399 0.3135605 -0.9486125 0.07046106 0 0 0 1</matrix>
              <node id="node-Bip01_L_Calf" name="Bip01_L_Calf">
                <matrix sid="matrix">0.5122988 0.8588073 0 0.4629987 -0.8588071 0.5122989 -2.98023e-8 1.49012e-8 8.9407e-8 5.96046e-8 1 5.96046e-8 0 0 0 1</matrix>
                <node id="node-Bip01_L_Foot" name="Bip01_L_Foot">
                  <matrix sid="matrix">0.8140748 0.5763059 -0.07179184 0.3610501 -0.5642482 0.8141302 0.1371717 1.49012e-8 0.1375007 -0.07115972 0.9879421 0 0 0 0 1</matrix>
                  <node id="node-Bip01_L_Toe0" name="Bip01_L_Toe0">
                    <matrix sid="matrix">5.05708e-7 -1 1.35787e-6 0.1486307 1 4.9267e-7 0 0.1543275 2.98023e-8 1.40816e-6 1 0 0 0 0 1</matrix>
                  </node>
                </node>
              </node>
            </node>
            <node id="node-Bip01_R_Thigh" name="Bip01_R_Thigh">
              <matrix sid="matrix">-0.8978491 0.2128944 0.3854127 -0.1834764 0.1057319 0.9539706 -0.2806439 -0.09539283 -0.4274196 -0.2112255 -0.8790314 -0.1431512 0 0 0 1</matrix>
              <node id="node-Bip01_R_Calf" name="Bip01_R_Calf">
                <matrix sid="matrix">0.7818699 0.6234417 -2.98023e-8 0.4629987 -0.6234414 0.7818699 -1.49012e-8 1.49012e-8 2.98023e-8 4.47035e-8 0.9999999 0 0 0 0 1</matrix>
                <node id="node-Bip01_R_Foot" name="Bip01_R_Foot">
                  <matrix sid="matrix">0.7349755 0.6750607 0.06406003 0.3610501 -0.6771809 0.7356029 0.01771269 -2.98023e-8 -0.03516543 -0.05639848 0.9977886 0 0 0 0 1</matrix>
                  <node id="node-Bip01_R_Toe0" name="Bip01_R_Toe0">
                    <matrix sid="matrix">-0.1805802 -0.9786912 0.09774527 0.1486306 0.9833315 -0.1817874 -0.003514081 0.1543275 0.02120802 0.09548151 0.9952053 0 0 0 0 1</matrix>
                  </node>
                </node>
              </node>
            </node>
          </node>
          <node id="node-Bip01_FannyPack" name="Bip01_FannyPack">
            <matrix>-0.9629917 -0.2062316 0.1735377 0.2299505 -0.2083319 0.9780381 0.006226689 -0.1378937 -0.1710106 -0.03015664 -0.9848074 0.01013958 0 0 0 1</matrix>
          </node>
        </node>
        <node id="node-EYE" name="EYE">
          <matrix sid="matrix">0.1458329 0.9234049 0.355042 0.3598451 -0.523766 0.3765217 -0.7641336 -0.5518504 -0.8392866 -0.07452312 0.5385575 0.4023485 0 0 0 1</matrix>
          <node id="node-CAM" name="CAM">
            <matrix>1 -6.03104e-8 0 4.84288e-8 6.03104e-8 1 -2.32831e-9 -0.104 0 2.32831e-9 1 0.30056 0 0 0 1</matrix>
          </node>
        </node>
      </node>
      <node id="node-BOUNDS" name="BOUNDS">
        <matrix>0.9999915 0.001706907 0.003750479 0 -0.001711356 0.9999978 0.001183292 0.1035326 -0.003748451 -0.0011897 0.9999923 -8.93474e-5 0 0 0 1</matrix>
        <instance_geometry url="#geom-BOUNDS">
          <bind_material>
            <technique_common>
              <instance_material symbol="ShapeBounds" target="#ShapeBounds-material"/>
            </technique_common>
          </bind_material>
        </instance_geometry>
      </node>
    </visual_scene>
  </library_visual_scenes>
  <library_animations>
    <animation>
      <source id="node-Bip01_matrix-input">
        <float_array id="node-Bip01_matrix-input-array" count="61">37.76667 37.8 37.83333 37.86666 37.9 37.93333 37.96667 38 38.03333 38.06667 38.1 38.13334 38.16667 38.2 38.23333 38.26667 38.3 38.33333 38.36666 38.4 38.43333 38.46667 38.5 38.53333 38.56667 38.6 38.63334 38.66667 38.7 38.73333 38.76667 38.8 38.83333 38.86666 38.9 38.93333 38.96667 39 39.03333 39.06667 39.1 39.13334 39.16667 39.2 39.23333 39.26667 39.3 39.33333 39.36666 39.4 39.43333 39.46667 39.5 39.53333 39.56667 39.6 39.63334 39.66667 39.7 39.73333 39.76667</float_array>
        <technique_common>
          <accessor source="#node-Bip01_matrix-input-array" count="61" stride="1">
            <param name="TIME" type="float"/>
          </accessor>
        </technique_common>
      </source>
      <source id="node-Bip01_matrix-output">
        <float_array id="node-Bip01_matrix-output-array" count="976">0.145833 -0.5237659 -0.8392866 -8.10623e-5 0.9234055 0.3765217 -0.07452315 0.009366631 0.3550422 -0.7641339 0.5385577 0.8041388 0 0 0 1 0.145833 -0.5237659 -0.8392866 -8.10623e-5 0.9234055 0.3765217 -0.07452315 0.009366631 0.3550422 -0.7641339 0.5385577 0.8070508 0 0 0 1 0.1458328 -0.5237659 -0.8392866 -8.10623e-5 0.9234055 0.3765216 -0.07452315 0.009366631 0.3550422 -0.764134 0.5385576 0.8102062 0 0 0 1 0.1458328 -0.523766 -0.8392866 -8.10623e-5 0.9234056 0.3765216 -0.07452315 0.009366631 0.3550422 -0.764134 0.5385577 0.8135821 0 0 0 1 0.1458328 -0.523766 -0.8392866 -8.10623e-5 0.9234056 0.3765216 -0.07452315 0.009366631 0.3550422 -0.764134 0.5385577 0.8171561 0 0 0 1 0.145833 -0.5237659 -0.8392866 -8.10623e-5 0.9234055 0.3765217 -0.07452315 0.009366631 0.3550422 -0.7641339 0.5385577 0.820904 0 0 0 1 0.145833 -0.5237659 -0.8392866 -8.10623e-5 0.9234055 0.3765217 -0.07452315 0.009366631 0.3550422 -0.7641339 0.5385577 0.8248032 0 0 0 1 0.145833 -0.5237659 -0.8392866 -8.10623e-5 0.9234055 0.3765217 -0.07452315 0.009366631 0.3550422 -0.7641339 0.5385577 0.8288311 0 0 0 1 0.1458329 -0.5237659 -0.8392866 -8.10623e-5 0.9234055 0.3765216 -0.07452309 0.009366631 0.3550421 -0.7641339 0.5385577 0.8329645 0 0 0 1 0.145833 -0.5237659 -0.8392866 -8.10623e-5 0.9234055 0.3765217 -0.07452315 0.009366631 0.3550422 -0.7641339 0.5385577 0.8371805 0 0 0 1 0.1458329 -0.5237661 -0.8392866 -8.10623e-5 0.9234055 0.3765216 -0.07452309 0.009366631 0.3550422 -0.7641339 0.5385577 0.8414559 0 0 0 1 0.1458327 -0.5237661 -0.8392867 -8.10623e-5 0.9234057 0.3765214 -0.07452315 0.009366631 0.3550421 -0.7641341 0.5385576 0.8457682 0 0 0 1 0.1458328 -0.5237661 -0.8392866 -8.10623e-5 0.9234055 0.3765216 -0.07452315 0.009366631 0.3550422 -0.7641339 0.5385577 0.8500949 0 0 0 1 0.1458328 -0.523766 -0.8392866 -8.10623e-5 0.9234056 0.3765216 -0.07452315 0.009366631 0.3550422 -0.764134 0.5385577 0.8544114 0 0 0 1 0.1458328 -0.5237661 -0.8392866 -8.10623e-5 0.9234055 0.3765216 -0.07452315 0.009366631 0.3550422 -0.7641339 0.5385577 0.8586955 0 0 0 1 0.1458329 -0.523766 -0.8392866 -8.10623e-5 0.9234056 0.3765216 -0.07452309 0.009366631 0.3550422 -0.764134 0.5385577 0.8629243 0 0 0 1 0.145833 -0.5237661 -0.8392866 -8.10623e-5 0.9234055 0.3765216 -0.07452309 0.009366631 0.3550421 -0.7641339 0.5385577 0.8670749 0 0 0 1 0.1458328 -0.523766 -0.8392866 -8.10623e-5 0.9234056 0.3765216 -0.07452315 0.009366631 0.3550422 -0.764134 0.5385577 0.8711243 0 0 0 1 0.1458327 -0.5237661 -0.8392866 -8.10623e-5 0.9234057 0.3765215 -0.07452321 0.009366631 0.3550422 -0.7641341 0.5385577 0.8750492 0 0 0 1 0.1458327 -0.523766 -0.8392866 -8.10623e-5 0.9234056 0.3765215 -0.07452321 0.009366631 0.3550422 -0.7641341 0.5385576 0.8788272 0 0 0 1 0.1458328 -0.5237659 -0.8392865 -8.10623e-5 0.9234055 0.3765216 -0.07452321 0.009366631 0.3550422 -0.7641339 0.5385577 0.8824357 0 0 0 1 0.1458328 -0.523766 -0.8392866 -8.10623e-5 0.9234056 0.3765216 -0.07452315 0.009366631 0.3550422 -0.764134 0.5385577 0.8858502 0 0 0 1 0.1458328 -0.5237659 -0.8392865 -8.10623e-5 0.9234055 0.3765216 -0.07452321 0.009366631 0.3550422 -0.7641339 0.5385577 0.8890486 0 0 0 1 0.1458328 -0.5237661 -0.8392866 -8.10623e-5 0.9234055 0.3765216 -0.07452315 0.009366631 0.3550422 -0.7641339 0.5385577 0.8920078 0 0 0 1 0.1458328 -0.5237661 -0.8392866 -8.10623e-5 0.9234057 0.3765215 -0.07452315 0.009366631 0.3550422 -0.7641341 0.5385577 0.894705 0 0 0 1 0.1458328 -0.5237661 -0.8392866 -8.10623e-5 0.9234057 0.3765215 -0.07452315 0.009366631 0.3550422 -0.7641341 0.5385577 0.8971171 0 0 0 1 0.1458328 -0.5237661 -0.8392866 -8.10623e-5 0.9234055 0.3765216 -0.07452315 0.009366631 0.3550422 -0.7641339 0.5385577 0.8992213 0 0 0 1 0.1458328 -0.523766 -0.8392867 -8.10623e-5 0.9234056 0.3765216 -0.07452315 0.009366631 0.3550422 -0.7641341 0.5385575 0.9009943 0 0 0 1 0.1458328 -0.5237661 -0.8392866 -8.10623e-5 0.9234055 0.3765216 -0.07452315 0.009366631 0.3550422 -0.7641339 0.5385577 0.9024137 0 0 0 1 0.1458327 -0.5237661 -0.8392866 -8.10623e-5 0.9234057 0.3765215 -0.07452321 0.009366631 0.3550422 -0.7641341 0.5385577 0.9034556 0 0 0 1 0.1458328 -0.5237661 -0.8392866 -8.10623e-5 0.9234057 0.3765215 -0.07452315 0.009366631 0.3550422 -0.7641341 0.5385577 0.9040976 0 0 0 1 0.1458327 -0.5237661 -0.8392866 -8.10623e-5 0.9234057 0.3765215 -0.07452321 0.009366631 0.3550422 -0.7641341 0.5385577 0.9043168 0 0 0 1 0.1458328 -0.5237661 -0.8392866 -8.10623e-5 0.9234055 0.3765216 -0.07452315 0.009366631 0.3550422 -0.7641339 0.5385577 0.9040657 0 0 0 1 0.1458328 -0.523766 -0.8392867 -8.10623e-5 0.9234056 0.3765216 -0.07452321 0.009366631 0.3550422 -0.764134 0.5385576 0.9033316 0 0 0 1 0.1458327 -0.5237661 -0.8392866 -8.10623e-5 0.9234057 0.3765215 -0.07452321 0.009366631 0.3550422 -0.7641341 0.5385577 0.9021423 0 0 0 1 0.1458328 -0.5237661 -0.8392866 -8.10623e-5 0.9234057 0.3765215 -0.07452315 0.009366631 0.3550422 -0.7641341 0.5385577 0.9005263 0 0 0 1 0.1458328 -0.5237661 -0.8392866 -8.10623e-5 0.9234057 0.3765215 -0.07452321 0.009366631 0.3550422 -0.7641339 0.5385577 0.8985117 0 0 0 1 0.1458328 -0.523766 -0.8392866 -8.10623e-5 0.9234056 0.3765216 -0.07452321 0.009366631 0.3550423 -0.764134 0.5385576 0.8961275 0 0 0 1 0.1458328 -0.5237661 -0.8392867 -8.10623e-5 0.9234057 0.3765216 -0.07452315 0.009366631 0.3550422 -0.764134 0.5385577 0.893401 0 0 0 1 0.1458327 -0.5237661 -0.8392866 -8.10623e-5 0.9234057 0.3765215 -0.07452321 0.009366631 0.3550422 -0.7641341 0.5385577 0.8903608 0 0 0 1 0.1458327 -0.5237661 -0.8392866 -8.10623e-5 0.9234057 0.3765215 -0.07452321 0.009366631 0.3550422 -0.7641341 0.5385577 0.8870351 0 0 0 1 0.1458328 -0.5237661 -0.8392866 -8.10623e-5 0.9234055 0.3765216 -0.07452315 0.009366631 0.3550422 -0.7641339 0.5385577 0.8834533 0 0 0 1 0.1458328 -0.5237661 -0.8392866 -8.10623e-5 0.9234055 0.3765216 -0.07452315 0.009366631 0.3550422 -0.7641339 0.5385577 0.8796418 0 0 0 1 0.145833 -0.5237661 -0.8392865 -8.10623e-5 0.9234055 0.3765216 -0.07452315 0.009366631 0.3550422 -0.7641339 0.5385578 0.8756297 0 0 0 1 0.1458327 -0.5237661 -0.8392866 -8.10623e-5 0.9234057 0.3765215 -0.07452321 0.009366631 0.3550422 -0.7641341 0.5385577 0.8714463 0 0 0 1 0.1458327 -0.5237661 -0.8392866 -8.10623e-5 0.9234057 0.3765215 -0.07452321 0.009366631 0.3550422 -0.7641341 0.5385577 0.8671179 0 0 0 1 0.145833 -0.5237659 -0.8392866 -8.10623e-5 0.9234054 0.3765217 -0.07452315 0.009366631 0.3550422 -0.7641339 0.5385577 0.8626738 0 0 0 1 0.1458327 -0.5237661 -0.8392866 -8.10623e-5 0.9234057 0.3765215 -0.07452321 0.009366631 0.3550422 -0.7641341 0.5385577 0.8581421 0 0 0 1 0.1458328 -0.5237661 -0.8392866 -8.10623e-5 0.9234055 0.3765216 -0.07452321 0.009366631 0.3550422 -0.7641339 0.5385577 0.8535524 0 0 0 1 0.1458328 -0.5237661 -0.8392866 -8.10623e-5 0.9234055 0.3765216 -0.07452315 0.009366631 0.3550422 -0.7641339 0.5385577 0.8489307 0 0 0 1 0.1458328 -0.5237661 -0.8392866 -8.10623e-5 0.9234055 0.3765216 -0.07452315 0.009366631 0.3550422 -0.7641339 0.5385577 0.8443064 0 0 0 1 0.1458328 -0.523766 -0.8392866 -8.10623e-5 0.9234056 0.3765216 -0.07452321 0.009366631 0.3550423 -0.764134 0.5385576 0.8397086 0 0 0 1 0.1458328 -0.5237661 -0.8392867 -8.10623e-5 0.9234057 0.3765216 -0.07452321 0.009366631 0.3550423 -0.764134 0.5385576 0.8351637 0 0 0 1 0.1458328 -0.5237661 -0.8392866 -8.10623e-5 0.9234055 0.3765216 -0.07452321 0.009366631 0.3550422 -0.7641339 0.5385577 0.830701 0 0 0 1 0.1458328 -0.5237661 -0.8392866 -8.10623e-5 0.9234055 0.3765216 -0.07452321 0.009366631 0.3550422 -0.7641339 0.5385577 0.8263487 0 0 0 1 0.1458328 -0.5237661 -0.8392866 -8.10623e-5 0.9234055 0.3765216 -0.07452315 0.009366631 0.3550422 -0.7641339 0.5385577 0.8221361 0 0 0 1 0.1458328 -0.5237661 -0.8392866 -8.10623e-5 0.9234055 0.3765216 -0.07452315 0.009366631 0.3550422 -0.7641339 0.5385577 0.8180894 0 0 0 1 0.1458328 -0.5237661 -0.8392866 -8.10623e-5 0.9234055 0.3765216 -0.07452315 0.009366631 0.3550422 -0.7641339 0.5385577 0.8142381 0 0 0 1 0.1458328 -0.5237661 -0.8392866 -8.10623e-5 0.9234055 0.3765216 -0.07452321 0.009366631 0.3550422 -0.7641339 0.5385577 0.8106102 0 0 0 1 0.1458328 -0.523766 -0.8392866 -8.10623e-5 0.9234056 0.3765216 -0.07452321 0.009366631 0.3550423 -0.7641339 0.5385576 0.8072348 0 0 0 1 0.1458328 -0.523766 -0.8392866 -8.10623e-5 0.9234056 0.3765216 -0.07452315 0.009366631 0.3550423 -0.7641339 0.5385577 0.8041388 0 0 0 1</float_array>
        <technique_common>
          <accessor source="#node-Bip01_matrix-output-array" count="61" stride="16">
            <param name="TRANSFORM" type="float4x4"/>
          </accessor>
        </technique_common>
      </source>
      <source id="node-Bip01_matrix-interpolation">
        <Name_array id="node-Bip01_matrix-interpolation-array" count="61">LINEAR LINEAR LINEAR LINEAR LINEAR LINEAR LINEAR LINEAR LINEAR LINEAR LINEAR LINEAR LINEAR LINEAR LINEAR LINEAR LINEAR LINEAR LINEAR LINEAR LINEAR LINEAR LINEAR LINEAR LINEAR LINEAR LINEAR LINEAR LINEAR LINEAR LINEAR LINEAR LINEAR LINEAR LINEAR LINEAR LINEAR LINEAR LINEAR LINEAR LINEAR LINEAR LINEAR LINEAR LINEAR LINEAR LINEAR LINEAR LINEAR LINEAR LINEAR LINEAR LINEAR LINEAR LINEAR LINEAR LINEAR LINEAR LINEAR LINEAR LINEAR</Name_array>
        <technique_common>
          <accessor source="#node-Bip01_matrix-interpolation-array" count="61" stride="1">
            <param name="INTERPOLATION" type="name"/>
          </accessor>
        </technique_common>
      </source>
      <source id="node-Bip01_Pelvis_matrix-input">
        <float_array id="node-Bip01_Pelvis_matrix-input-array" count="61">37.76667 37.8 37.83333 37.86666 37.9 37.93333 37.96667 38 38.03333 38.06667 38.1 38.13334 38.16667 38.2 38.23333 38.26667 38.3 38.33333 38.36666 38.4 38.43333 38.46667 38.5 38.53333 38.56667 38.6 38.63334 38.66667 38.7 38.73333 38.76667 38.8 38.83333 38.86666 38.9 38.93333 38.96667 39 39.03333 39.06667 39.1 39.13334 39.16667 39.2 39.23333 39.26667 39.3 39.33333 39.36666 39.4 39.43333 39.46667 39.5 39.53333 39.56667 39.6 39.63334 39.66667 39.7 39.73333 39.76667</float_array>
        <technique_common>
          <accessor source="#node-Bip01_Pelvis_matrix-input-array" count="61" stride="1">
            <param name="TIME" type="float"/>
          </accessor>
        </technique_common>
      </source>
      <source id="node-Bip01_Pelvis_matrix-output">
