<?xml version="1.0" encoding="utf-8"?>
<COLLADA xmlns="http://www.collada.org/2005/11/COLLADASchema" version="1.4.1">
  <asset>
    <contributor>
      <author>MattO</author>
      <authoring_tool>OpenCOLLADA for 3ds Max;  Version: 1.3.0;  Revision: 839M;  Platform: x64;  Configuration: Release_Max2012</authoring_tool>
      <source_data>file:///C:/Dropbox/Prj/GGStout/Turret/TP_Soldier_Turret_Animation_Master.max</source_data>
    </contributor>
    <created>2011-09-30T18:22:24</created>
    <modified>2011-09-30T18:22:24</modified>
    <unit name="meter" meter="1"/>
    <up_axis>Z_UP</up_axis>
  </asset>
  <library_effects>
    <effect id="ShapeBounds">
      <profile_COMMON>
        <technique sid="common">
          <blinn>
            <emission>
              <color>0 0 0 1</color>
            </emission>
            <ambient>
              <color>0.1647059 1 0 1</color>
            </ambient>
            <diffuse>
              <color>0.1647059 1 0 1</color>
            </diffuse>
            <specular>
              <color>0.9 0.9 0.9 1</color>
            </specular>
            <shininess>
              <float>10</float>
            </shininess>
            <reflective>
              <color>0 0 0 1</color>
            </reflective>
            <transparent opaque="A_ONE">
              <color>1 1 1 1</color>
            </transparent>
            <transparency>
              <float>1</float>
            </transparency>
          </blinn>
        </technique>
      </profile_COMMON>
      <extra>
        <technique profile="OpenCOLLADA3dsMax">
          <extended_shader>
            <apply_reflection_dimming>0</apply_reflection_dimming>
            <dim_level>0</dim_level>
            <falloff_type>0</falloff_type>
            <index_of_refraction>1.5</index_of_refraction>
            <opacity_type>0</opacity_type>
            <reflection_level>3</reflection_level>
            <wire_size>1</wire_size>
            <wire_units>0</wire_units>
          </extended_shader>
          <shader>
            <ambient_diffuse_lock>1</ambient_diffuse_lock>
            <ambient_diffuse_texture_lock>1</ambient_diffuse_texture_lock>
            <diffuse_specular_lock>0</diffuse_specular_lock>
            <soften>0.1</soften>
            <use_self_illum_color>0</use_self_illum_color>
          </shader>
        </technique>
      </extra>
    </effect>
  </library_effects>
  <library_materials>
    <material id="ShapeBounds-material" name="ShapeBounds">
      <instance_effect url="#ShapeBounds"/>
    </material>
  </library_materials>
  <library_geometries>
    <geometry id="geom-BOUNDS" name="BOUNDS">
      <mesh>
        <source id="geom-BOUNDS-positions">
          <float_array id="geom-BOUNDS-positions-array" count="24">-0.425 -0.425 0 0.425 -0.425 0 -0.425 0.425 0 0.425 0.425 0 -0.425 -0.425 1.84 0.425 -0.425 1.84 -0.425 0.425 1.84 0.425 0.425 1.84</float_array>
          <technique_common>
            <accessor source="#geom-BOUNDS-positions-array" count="8" stride="3">
              <param name="X" type="float"/>
              <param name="Y" type="float"/>
              <param name="Z" type="float"/>
            </accessor>
          </technique_common>
        </source>
        <source id="geom-BOUNDS-normals">
          <float_array id="geom-BOUNDS-normals-array" count="72">0 0 -1 0 0 -1 0 0 -1 0 0 -1 0 0 1 0 0 1 0 0 1 0 0 1 0 -1 0 0 -1 0 0 -1 0 0 -1 0 1 0 0 1 0 0 1 0 0 1 0 0 0 1 0 0 1 0 0 1 0 0 1 0 -1 0 0 -1 0 0 -1 0 0 -1 0 0</float_array>
          <technique_common>
            <accessor source="#geom-BOUNDS-normals-array" count="24" stride="3">
              <param name="X" type="float"/>
              <param name="Y" type="float"/>
              <param name="Z" type="float"/>
            </accessor>
          </technique_common>
        </source>
        <source id="geom-BOUNDS-map1">
          <float_array id="geom-BOUNDS-map1-array" count="36">0 0 0 1 0 0 0 1 0 1 1 0 0 0 0 1 0 0 0 1 0 1 1 0 0 0 0 1 0 0 0 1 0 1 1 0</float_array>
          <technique_common>
            <accessor source="#geom-BOUNDS-map1-array" count="12" stride="3">
              <param name="S" type="float"/>
              <param name="T" type="float"/>
              <param name="P" type="float"/>
            </accessor>
          </technique_common>
        </source>
        <vertices id="geom-BOUNDS-vertices">
          <input semantic="POSITION" source="#geom-BOUNDS-positions"/>
        </vertices>
        <triangles material="ShapeBounds" count="12">
          <input semantic="VERTEX" source="#geom-BOUNDS-vertices" offset="0"/>
          <input semantic="NORMAL" source="#geom-BOUNDS-normals" offset="1"/>
          <input semantic="TEXCOORD" source="#geom-BOUNDS-map1" offset="2" set="0"/>
          <p>0 0 9 2 1 11 3 2 10 3 2 10 1 3 8 0 0 9 4 4 8 5 5 9 7 6 11 7 6 11 6 7 10 4 4 8 0 8 4 1 9 5 5 10 7 5 10 7 4 11 6 0 8 4 1 12 0 3 13 1 7 14 3 7 14 3 5 15 2 1 12 0 3 16 4 2 17 5 6 18 7 6 18 7 7 19 6 3 16 4 2 20 0 0 21 1 4 22 3 4 22 3 6 23 2 2 20 0</p>
        </triangles>
      </mesh>
      <extra>
        <technique profile="OpenCOLLADA3dsMax">
          <max_box>
            <generateuvs>1</generateuvs>
            <height>1.84</height>
            <heightsegments>1</heightsegments>
            <length>0.85</length>
            <lengthsegments>1</lengthsegments>
            <width>0.85</width>
            <widthsegments>1</widthsegments>
          </max_box>
        </technique>
      </extra>
    </geometry>
  </library_geometries>
  <library_lights>
    <light id="EnvironmentAmbientLight" name="EnvironmentAmbientLight">
      <technique_common>
        <ambient>
          <color>0 0 0</color>
        </ambient>
      </technique_common>
    </light>
  </library_lights>
  <library_visual_scenes>
    <visual_scene id="MaxScene">
      <node name="EnvironmentAmbientLight">
        <instance_light url="#EnvironmentAmbientLight"/>
      </node>
      <node id="node-Bip01" name="Bip01">
        <matrix sid="matrix">0.4236141 -0.9058327 -0.004269943 -8.10623e-5 0.8993581 0.4200139 0.1214221 0.009366653 -0.1081946 -0.0552763 0.9925918 0.5661784 0 0 0 1</matrix>
        <node id="node-Bip01_Pelvis" name="Bip01_Pelvis">
          <matrix sid="matrix">-0.009626731 0.9912359 0.1317526 0 -0.1217413 -0.1319404 0.9837534 0 0.9925152 -0.0065694 0.1219445 0 0 0 0 1</matrix>
          <node id="node-Bip01_Spine" name="Bip01_Spine">
            <matrix sid="matrix">0.9916931 0.08133212 -0.09964906 0.1974927 -0.09817781 0.9791404 -0.1778911 0.02499387 0.08310217 0.1861967 0.9789917 0.02778858 0 0 0 1</matrix>
            <node id="node-Bip01_Spine1" name="Bip01_Spine1">
              <matrix>0.9768804 -0.1934979 -0.09090087 0.1022493 0.1920003 0.9810756 -0.02502521 -9.91225e-5 0.09402294 0.006993679 0.9955453 -7.07805e-7 0 0 0 1</matrix>
              <node id="node-Bip01_Spine2" name="Bip01_Spine2">
                <matrix>0.9832346 -0.1803838 0.02667584 0.126897 0.1810793 0.9831128 -0.02645708 -1.68368e-4 -0.02145293 0.03084394 0.999294 -5.27501e-6 0 0 0 1</matrix>
                <node id="node-Bip01_Neck" name="Bip01_Neck">
                  <matrix>0.9021776 -0.4308735 0.02058497 0.2151071 0.4312887 0.9018877 -0.02426412 -4.97103e-5 -0.008110601 0.03076866 0.9994937 -1.68756e-6 0 0 0 1</matrix>
                  <node id="node-Bip01_Head" name="Bip01_Head">
                    <matrix>0.8249742 0.5162327 -0.230046 0.07051814 -0.5614573 0.7951709 -0.2290605 -0.01395923 0.06467739 0.31813 0.9458385 -1.49012e-8 0 0 0 1</matrix>
                    <node id="node-ALTEYE" name="ALTEYE">
                      <matrix>0.4506335 0.3792478 0.8081463 0.06454694 0.04412808 0.8947043 -0.4444741 0.2214611 -0.8916175 0.2359567 0.3864483 0.04716265 0 0 0 1</matrix>
                    </node>
                  </node>
                  <node id="node-Bip01_L_Clavicle" name="Bip01_L_Clavicle">
                    <matrix sid="matrix">-0.5455624 -0.430822 0.7188559 -0.02496195 0.2308114 -0.9018193 -0.365305 -0.01206511 0.8056598 -0.03337663 0.5914375 0.06855243 0 0 0 1</matrix>
                    <node id="node-Bip01_L_UpperArm" name="Bip01_L_UpperArm">
                      <matrix sid="matrix">-0.3769226 0.7740765 0.5086602 0.1824006 -0.912151 -0.4056424 -0.05860905 2.98023e-8 0.1609661 -0.4860657 0.8589705 5.96046e-8 0 0 0 1</matrix>
                      <node id="node-Bip01_L_Forearm" name="Bip01_L_Forearm">
                        <matrix sid="matrix">0.8401921 0.542289 3.53903e-8 0.2843688 -0.5422888 0.840192 0 5.96046e-8 4.47035e-8 -1.49012e-8 0.9999999 -5.96046e-8 0 0 0 1</matrix>
                        <node id="node-Bip01_L_Hand" name="Bip01_L_Hand">
                          <matrix sid="matrix">0.7471467 0.05140802 0.662668 0.281068 -0.5514498 0.6045225 0.5748529 -2.38419e-7 -0.3710456 -0.7949277 0.480016 5.96046e-8 0 0 0 1</matrix>
                          <node id="node-Bip01_L_Finger0" name="Bip01_L_Finger0">
                            <matrix>0.5215106 0.269013 0.8097275 0.02119672 0.7250716 0.3605265 -0.5867639 -0.004734218 -0.4497752 0.8931139 -0.007035502 -0.02572191 0 0 0 1</matrix>
                            <node id="node-Bip01_L_Finger01" name="Bip01_L_Finger01">
                              <matrix>0.6423534 -0.7636238 -0.06527571 0.04982856 0.7605616 0.6456372 -0.06854743 0 0.09448887 -0.005614497 0.9955102 1.19209e-7 0 0 0 1</matrix>
                              <node id="node-Bip01_L_Finger02" name="Bip01_L_Finger02">
                                <matrix>0.9505157 -0.3106765 -3.72529e-9 0.0520224 0.3106765 0.9505157 0 5.96046e-8 -6.51926e-9 7.45058e-9 1 -1.19209e-7 0 0 0 1</matrix>
                              </node>
                            </node>
                          </node>
                          <node id="node-Bip01_L_Finger1" name="Bip01_L_Finger1">
                            <matrix>0.6408504 -0.7640202 0.0747267 0.1199947 0.7674398 0.6352569 -0.0865149 -0.008367538 0.01862846 0.1127913 0.993444 -0.04101384 0 0 0 1</matrix>
                            <node id="node-Bip01_L_Finger11" name="Bip01_L_Finger11">
                              <matrix>0.8240547 -0.5665103 9.31323e-10 0.03644172 0.5665103 0.8240548 0 0 -7.45058e-9 -7.45058e-9 1 5.96046e-8 0 0 0 1</matrix>
                              <node id="node-Bip01_L_Finger12" name="Bip01_L_Finger12">
                                <matrix>0.8146398 -0.5796779 -0.01831833 0.03117549 0.5799671 0.8142333 0.02573049 0 2.23517e-8 -0.03158512 0.9995011 0 0 0 0 1</matrix>
                              </node>
                            </node>
                          </node>
                          <node id="node-Bip01_L_Finger2" name="Bip01_L_Finger2">
                            <matrix>0.6754014 -0.7374503 1.52118e-4 0.1229538 0.7368312 0.6748428 0.04082685 -0.008801997 -0.03021042 -0.02746242 0.9991662 -0.01328236 0 0 0 1</matrix>
                            <node id="node-Bip01_L_Finger21" name="Bip01_L_Finger21">
                              <matrix>0.5508357 -0.8338857 0.0348487 0.0389552 0.832222 0.5519371 0.05265061 0 -0.0631389 1.11759e-8 0.9980048 5.96046e-8 0 0 0 1</matrix>
                              <node id="node-Bip01_L_Finger22" name="Bip01_L_Finger22">
                                <matrix>0.1984736 -0.9799247 -0.01886612 0.03800535 0.9755272 0.1993684 -0.09272985 0 0.09462957 -1.11759e-8 0.9955125 0 0 0 0 1</matrix>
                              </node>
                            </node>
                          </node>
                          <node id="node-Bip01_L_Finger3" name="Bip01_L_Finger3">
                            <matrix>0.7159052 -0.6949216 -0.06755454 0.1211883 0.6883787 0.6863562 0.234627 -0.001191318 -0.1166809 -0.2144738 0.9697353 0.01196867 0 0 0 1</matrix>
                            <node id="node-Bip01_L_Finger31" name="Bip01_L_Finger31">
                              <matrix>0.4441953 -0.8949344 -0.04222351 0.03155845 0.8909185 0.4461977 -0.08468725 0 0.09462956 0 0.9955125 -5.96046e-8 0 0 0 1</matrix>
                              <node id="node-Bip01_L_Finger32" name="Bip01_L_Finger32">
                                <matrix>0.1993681 -0.9794358 0.03095102 0.03366613 0.9799246 0.1992685 -0.006297074 5.96046e-8 1.49012e-8 0.03158508 0.9995009 0 0 0 0 1</matrix>
                              </node>
                            </node>
                          </node>
                          <node id="node-Bip01_L_Finger4" name="Bip01_L_Finger4">
                            <matrix>0.5925791 -0.7897949 0.1583476 0.1136796 0.7783523 0.6120424 0.1399001 0.005147517 -0.2074079 0.04034829 0.9774221 0.03886575 0 0 0 1</matrix>
                            <node id="node-Bip01_L_Finger41" name="Bip01_L_Finger41">
                              <matrix>0.4202556 -0.9064697 -0.04120624 0.03661621 0.9068531 0.4211511 -0.01578782 0 0.03166524 -0.03073306 0.999026 5.96046e-8 0 0 0 1</matrix>
                              <node id="node-Bip01_L_Finger42" name="Bip01_L_Finger42">
                                <matrix>0.402447 -0.9138244 0.05441485 0.0177263 0.915423 0.4021218 -0.01728317 -2.98023e-8 -0.006087605 0.05676818 0.9983687 5.96046e-8 0 0 0 1</matrix>
                              </node>
                            </node>
                          </node>
                        </node>
                      </node>
                    </node>
                  </node>
                  <node id="node-Bip01_R_Clavicle" name="Bip01_R_Clavicle">
                    <matrix>-0.07751408 -0.3624381 -0.9287788 -0.02385312 0.5681534 -0.7815726 0.2575766 -0.0162707 -0.8192639 -0.5077232 0.2665033 -0.06807297 0 0 0 1</matrix>
                    <node id="node-Bip01_R_UpperArm" name="Bip01_R_UpperArm">
                      <matrix>0.7005728 -0.04837945 -0.7119393 0.1824007 -0.6460729 0.3805888 -0.6616208 0 0.302965 0.9234781 0.2353735 0 0 0 0 1</matrix>
                      <node id="node-Bip01_R_Forearm" name="Bip01_R_Forearm">
                        <matrix>-0.1981754 0.9801665 -7.45058e-9 0.2843689 -0.9801666 -0.1981755 -7.45058e-9 -5.96046e-8 -1.49012e-8 3.72529e-8 0.9999999 2.98023e-8 0 0 0 1</matrix>
                        <node id="node-Bip01_R_Hand" name="Bip01_R_Hand">
                          <matrix>0.8251113 -0.2495067 -0.5068904 0.2810679 -0.5635476 -0.299842 -0.7697461 8.9407e-8 0.04006979 0.9207829 -0.3880119 -2.98023e-8 0 0 0 1</matrix>
                          <node id="node-Bip01_R_Finger0" name="Bip01_R_Finger0">
                            <matrix>0.5215105 0.269013 -0.8097275 0.02119684 0.7250715 0.3605264 0.5867638 -0.004734278 0.4497753 -0.893114 -0.007035494 0.02572194 0 0 0 1</matrix>
                            <node id="node-Bip01_R_Finger01" name="Bip01_R_Finger01">
                              <matrix>0.6423534 -0.7636237 0.06527567 0.0498285 0.7605616 0.6456372 0.06854741 2.98023e-8 -0.09448889 0.00561443 0.99551 0 0 0 0 1</matrix>
                              <node id="node-Bip01_R_Finger02" name="Bip01_R_Finger02">
                                <matrix>0.9505158 -0.3106765 2.98023e-8 0.05202243 0.3106764 0.9505157 0 -5.96046e-8 5.96046e-8 8.9407e-8 1 -2.38419e-7 0 0 0 1</matrix>
                              </node>
                            </node>
                          </node>
                          <node id="node-Bip01_R_Finger1" name="Bip01_R_Finger1">
                            <matrix>0.9820224 -0.1733427 -0.07472672 0.1199946 0.1795577 0.9799357 0.08651491 -0.008367509 0.05823067 -0.09837733 0.993444 0.04101385 0 0 0 1</matrix>
                            <node id="node-Bip01_R_Finger11" name="Bip01_R_Finger11">
                              <matrix>0.8240547 -0.5665103 0 0.03644168 0.5665102 0.8240547 -7.45058e-9 0 -1.11759e-8 7.45058e-9 1 -2.98023e-8 0 0 0 1</matrix>
                              <node id="node-Bip01_R_Finger12" name="Bip01_R_Finger12">
                                <matrix>0.8146397 -0.5796779 0.0183183 0.03117543 0.5799672 0.8142334 -0.02573051 0 -4.19095e-9 0.03158511 0.999501 0 0 0 0 1</matrix>
                              </node>
                            </node>
                          </node>
                          <node id="node-Bip01_R_Finger2" name="Bip01_R_Finger2">
                            <matrix>0.6754013 -0.7374504 -1.52096e-4 0.1229539 0.7368312 0.6748427 -0.04082684 -0.008802086 0.03021045 0.02746241 0.9991662 0.01328248 0 0 0 1</matrix>
                            <node id="node-Bip01_R_Finger21" name="Bip01_R_Finger21">
                              <matrix>0.5508358 -0.8338858 -0.0348487 0.03895515 0.832222 0.551937 -0.05265061 0 0.06313887 -1.49012e-8 0.9980047 -2.98023e-8 0 0 0 1</matrix>
                              <node id="node-Bip01_R_Finger22" name="Bip01_R_Finger22">
                                <matrix>0.1984735 -0.9799246 0.01886614 0.03800535 0.9755272 0.199368 0.09272984 0 -0.09462956 -5.58794e-9 0.9955126 0 0 0 0 1</matrix>
                              </node>
                            </node>
                          </node>
                          <node id="node-Bip01_R_Finger3" name="Bip01_R_Finger3">
                            <matrix>0.7159052 -0.6949215 0.06755455 0.1211882 0.6883785 0.6863562 -0.234627 -0.001191258 0.1166809 0.2144738 0.9697352 -0.01196867 0 0 0 1</matrix>
                            <node id="node-Bip01_R_Finger31" name="Bip01_R_Finger31">
                              <matrix>0.4441954 -0.8949345 0.04222352 0.03155839 0.8909186 0.4461977 0.08468725 1.19209e-7 -0.09462957 0 0.9955126 -5.96046e-8 0 0 0 1</matrix>
                              <node id="node-Bip01_R_Finger32" name="Bip01_R_Finger32">
                                <matrix>0.1993681 -0.9794358 -0.03095104 0.03366601 0.9799247 0.1992686 0.006297097 0 0 -0.03158511 0.9995011 2.98023e-8 0 0 0 1</matrix>
                              </node>
                            </node>
                          </node>
                          <node id="node-Bip01_R_Finger4" name="Bip01_R_Finger4">
                            <matrix>0.5925791 -0.7897949 -0.1583475 0.1136795 0.7783521 0.6120424 -0.1399001 0.005147427 0.2074078 -0.04034826 0.977422 -0.03886575 0 0 0 1</matrix>
                            <node id="node-Bip01_R_Finger41" name="Bip01_R_Finger41">
                              <matrix>0.4202555 -0.9064696 0.04120621 0.03661624 0.906853 0.421151 0.01578784 0 -0.03166522 0.03073305 0.999026 2.98023e-8 0 0 0 1</matrix>
                              <node id="node-Bip01_R_Finger42" name="Bip01_R_Finger42">
                                <matrix>0.402447 -0.9138247 -0.05441486 0.01772636 0.9154232 0.4021217 0.01728317 -5.96046e-8 0.006087605 -0.05676819 0.9983689 -2.98023e-8 0 0 0 1</matrix>
                              </node>
                            </node>
                          </node>
                          <node id="node-MOUNT0" name="MOUNT0">
                            <matrix>-6.33299e-7 1 -1.49012e-7 0.1095392 -0.9999998 -6.48201e-7 4.65661e-7 0.02518257 5.01052e-7 1.49012e-7 0.9999998 0.01321673 0 0 0 1</matrix>
                          </node>
                        </node>
                      </node>
                    </node>
                  </node>
                </node>
                <node id="node-Bip01_L_Pauldron_Upper" name="Bip01_L_Pauldron_Upper">
                  <matrix sid="matrix">0.7229645 -0.270065 0.6359152 0.176903 -0.5510214 -0.7806391 0.2949222 -0.03908375 0.4167718 -0.5636212 -0.7131855 0.2290198 0 0 0 1</matrix>
                </node>
                <node id="node-Bip01_R_Pauldron_Lower" name="Bip01_R_Pauldron_Lower">
                  <matrix sid="matrix">-0.2772104 -0.9060032 -0.319866 0.1729062 0.8560929 -0.384044 0.3458561 -0.1133294 -0.4361892 -0.17796 0.8820829 -0.2351095 0 0 0 1</matrix>
                </node>
                <node id="node-Bip01_L_Pauldron_Lower" name="Bip01_L_Pauldron_Lower">
                  <matrix sid="matrix">-0.3015728 -0.9289848 0.2145742 0.1529202 0.6634326 -0.3660941 -0.6525589 -0.1054226 0.6847712 -0.05443852 0.7267222 0.2344799 0 0 0 1</matrix>
                </node>
              </node>
            </node>
            <node id="node-Bip01_L_Thigh" name="Bip01_L_Thigh">
              <matrix sid="matrix">-0.8623204 0.4918365 -0.1204167 -0.1851134 0.2102189 0.5640717 0.7985179 -0.02197146 0.4606639 0.6632645 -0.589804 0.1217295 0 0 0 1</matrix>
              <node id="node-Bip01_L_Calf" name="Bip01_L_Calf">
                <matrix sid="matrix">-0.6854237 0.7281445 -2.98023e-8 0.4629987 -0.7281444 -0.6854237 1.49012e-8 2.98023e-8 4.47035e-8 5.21541e-8 1 0 0 0 0 1</matrix>
                <node id="node-Bip01_L_Foot" name="Bip01_L_Foot">
                  <matrix sid="matrix">0.6452041 -0.7581668 0.09431281 0.3610501 0.763259 0.6451124 -0.03557453 2.98023e-8 -0.033871 0.09493802 0.9949068 -2.23517e-8 0 0 0 1</matrix>
                  <node id="node-Bip01_L_Toe0" name="Bip01_L_Toe0">
                    <matrix sid="matrix">-0.4999999 -0.8660254 1.21258e-6 0.1486307 0.8660254 -0.4999999 2.79397e-7 0.1543275 3.39001e-7 1.20327e-6 0.9999999 0 0 0 0 1</matrix>
                  </node>
                </node>
              </node>
            </node>
            <node id="node-Bip01_R_Thigh" name="Bip01_R_Thigh">
              <matrix sid="matrix">-0.4203821 0.9000728 -0.114664 -0.2063019 0.8809145 0.4351442 0.1861153 -0.06944689 0.2174127 -0.0227697 -0.9758141 -0.1278868 0 0 0 1</matrix>
              <node id="node-Bip01_R_Calf" name="Bip01_R_Calf">
                <matrix sid="matrix">-0.4829327 0.8756576 -3.72529e-9 0.4629987 -0.8756574 -0.4829326 -1.49012e-8 0 -1.11759e-8 4.47035e-8 0.9999999 7.45058e-9 0 0 0 1</matrix>
                <node id="node-Bip01_R_Foot" name="Bip01_R_Foot">
                  <matrix sid="matrix">0.6782535 -0.7209352 -0.1422132 0.3610501 0.6929287 0.6919048 -0.2027745 1.49012e-8 0.2445852 0.03898888 0.9688436 2.23517e-8 0 0 0 1</matrix>
                  <node id="node-Bip01_R_Toe0" name="Bip01_R_Toe0">
                    <matrix sid="matrix">-0.04958412 -0.9939756 0.09774525 0.1486307 0.9987347 -0.05016699 -0.003512991 0.1543275 0.008395385 0.09744737 0.9952053 0 0 0 0 1</matrix>
                  </node>
                </node>
              </node>
            </node>
          </node>
          <node id="node-Bip01_FannyPack" name="Bip01_FannyPack">
            <matrix sid="matrix">-0.9629917 -0.2062316 0.1735378 0.2299505 -0.2083319 0.9780381 0.006226717 -0.1378937 -0.1710107 -0.03015659 -0.9848074 0.01013958 0 0 0 1</matrix>
          </node>
        </node>
        <node id="node-EYE" name="EYE">
          <matrix sid="matrix">0.4236141 0.8993576 -0.1081947 0.03411195 -0.9058326 0.4200137 -0.05527613 0.01160577 -0.004269974 0.1214217 0.9925912 0.4805326 0 0 0 1</matrix>
          <node id="node-CAM" name="CAM">
            <matrix>1 -6.03104e-8 0 4.84288e-8 6.03104e-8 1 -2.32831e-9 -0.104 0 2.32833e-9 1 0.3005601 0 0 0 1</matrix>
          </node>
        </node>
      </node>
      <node id="node-BOUNDS" name="BOUNDS">
        <matrix>0.9999914 0.001706907 0.003750479 0 -0.001711356 0.9999977 0.001183292 0.1035326 -0.003748451 -0.0011897 0.9999922 -8.93474e-5 0 0 0 1</matrix>
        <instance_geometry url="#geom-BOUNDS">
          <bind_material>
            <technique_common>
              <instance_material symbol="ShapeBounds" target="#ShapeBounds-material"/>
            </technique_common>
          </bind_material>
        </instance_geometry>
      </node>
    </visual_scene>
  </library_visual_scenes>
  <library_animations>
    <animation>
      <source id="node-Bip01_matrix-input">
        <float_array id="node-Bip01_matrix-input-array" count="31">22.33333 22.36667 22.4 22.43333 22.46667 22.5 22.53333 22.56667 22.6 22.63333 22.66667 22.7 22.73333 22.76667 22.8 22.83333 22.86667 22.9 22.93333 22.96667 23 23.03333 23.06667 23.1 23.13333 23.16667 23.2 23.23333 23.26667 23.3 23.33333</float_array>
        <technique_common>
          <accessor source="#node-Bip01_matrix-input-array" count="31" stride="1">
            <param name="TIME" type="float"/>
          </accessor>
        </technique_common>
      </source>
      <source id="node-Bip01_matrix-output">
        <float_array id="node-Bip01_matrix-output-array" count="496">0.4236141 -0.9058327 -0.004269897 -8.10623e-5 0.8993581 0.4200139 0.121422 0.009366631 -0.1081946 -0.05527627 0.9925918 0.5661784 0 0 0 1 0.4236141 -0.9058327 -0.004269897 -7.33961e-5 0.8993581 0.4200139 0.121422 0.009366631 -0.1081946 -0.05527627 0.9925918 0.5697593 0 0 0 1 0.4236141 -0.9058327 -0.004269897 -6.34079e-5 0.8993581 0.4200139 0.121422 0.009366631 -0.1081946 -0.05527627 0.9925918 0.5744404 0 0 0 1 0.4236141 -0.9058327 -0.004269897 -5.19062e-5 0.8993581 0.4200139 0.121422 0.009366631 -0.1081946 -0.05527627 0.9925918 0.5796849 0 0 0 1 0.4236141 -0.9058327 -0.004269897 -3.96998e-5 0.8993581 0.4200139 0.121422 0.009366631 -0.1081946 -0.05527627 0.9925918 0.5849562 0 0 0 1 0.4236141 -0.9058327 -0.004269897 -2.75972e-5 0.8993581 0.4200139 0.121422 0.009366631 -0.1081946 -0.05527627 0.9925918 0.589718 0 0 0 1 0.4236141 -0.9058327 -0.004269897 -1.64073e-5 0.8993581 0.4200139 0.121422 0.009366631 -0.1081946 -0.05527627 0.9925918 0.5934335 0 0 0 1 0.4236141 -0.9058327 -0.004269897 -6.93869e-6 0.8993581 0.4200139 0.121422 0.009366631 -0.1081946 -0.05527627 0.9925918 0.5955662 0 0 0 1 0.4236141 -0.9058327 -0.004269897 0 0.8993581 0.4200139 0.121422 0.009366631 -0.1081946 -0.05527627 0.9925918 0.5955798 0 0 0 1 0.4236141 -0.9058327 -0.004269897 3.97046e-6 0.8993581 0.4200139 0.121422 0.009366631 -0.1081946 -0.05527627 0.9925918 0.5920296 0 0 0 1 0.4236141 -0.9058327 -0.004269897 5.51444e-6 0.8993581 0.4200139 0.121422 0.009366631 -0.1081946 -0.05527627 0.9925918 0.5848466 0 0 0 1 0.4236141 -0.9058327 -0.004269897 5.29385e-6 0.8993581 0.4200139 0.121422 0.009366631 -0.1081946 -0.05527627 0.9925918 0.5755547 0 0 0 1 0.4236141 -0.9058327 -0.004269897 3.97042e-6 0.8993581 0.4200139 0.121422 0.009366631 -0.1081946 -0.05527627 0.9925918 0.56568 0 0 0 1 0.4236141 -0.9058327 -0.004269897 2.20576e-6 0.8993581 0.4200139 0.121422 0.009366631 -0.1081946 -0.05527627 0.9925918 0.5567461 0 0 0 1 0.4236141 -0.9058327 -0.004269897 6.61761e-7 0.8993581 0.4200139 0.121422 0.009366631 -0.1081946 -0.05527627 0.9925918 0.5502789 0 0 0 1 0.4236141 -0.9058327 -0.004269897 0 0.8993581 0.4200139 0.121422 0.009366631 -0.1081946 -0.05527627 0.9925918 0.5478026 0 0 0 1 0.4236141 -0.9058327 -0.004269897 5.91079e-7 0.8993581 0.4200139 0.121422 0.009366631 -0.1081946 -0.05527627 0.9925918 0.5497606 0 0 0 1 0.4236141 -0.9058327 -0.004269897 2.02656e-6 0.8993581 0.4200139 0.121422 0.009366631 -0.1081946 -0.05527627 0.9925918 0.5549044 0 0 0 1 0.4236141 -0.9058327 -0.004269897 3.7998e-6 0.8993581 0.4200139 0.121422 0.009366631 -0.1081946 -0.05527627 0.9925918 0.562222 0 0 0 1 0.4236141 -0.9058327 -0.004269897 5.40415e-6 0.8993581 0.4200139 0.121422 0.009366631 -0.1081946 -0.05527627 0.9925918 0.5707014 0 0 0 1 0.4236141 -0.9058327 -0.004269897 6.33299e-6 0.8993581 0.4200139 0.121422 0.009366631 -0.1081946 -0.05527627 0.9925918 0.5793305 0 0 0 1 0.4236141 -0.9058327 -0.004269897 6.07967e-6 0.8993581 0.4200139 0.121422 0.009366631 -0.1081946 -0.05527627 0.9925918 0.5870971 0 0 0 1 0.4236141 -0.9058327 -0.004269897 4.13756e-6 0.8993581 0.4200139 0.121422 0.009366631 -0.1081946 -0.05527627 0.9925918 0.5929893 0 0 0 1 0.4236141 -0.9058327 -0.004269897 0 0.8993581 0.4200139 0.121422 0.009366631 -0.1081946 -0.05527627 0.9925918 0.595995 0 0 0 1 0.4236141 -0.9058327 -0.004269897 -7.63379e-6 0.8993581 0.4200139 0.121422 0.009366631 -0.1081946 -0.05527627 0.9925918 0.5955476 0 0 0 1 0.4236141 -0.9058327 -0.004269897 -1.88278e-5 0.8993581 0.4200139 0.121422 0.009366631 -0.1081946 -0.05527627 0.9925918 0.592348 0 0 0 1 0.4236141 -0.9058327 -0.004269897 -3.22361e-5 0.8993581 0.4200139 0.121422 0.009366631 -0.1081946 -0.05527627 0.9925918 0.5872851 0 0 0 1 0.4236141 -0.9058327 -0.004269897 -4.65102e-5 0.8993581 0.4200139 0.121422 0.009366631 -0.1081946 -0.05527627 0.9925918 0.5812479 0 0 0 1 0.4236141 -0.9058327 -0.004269897 -6.03045e-5 0.8993581 0.4200139 0.121422 0.009366631 -0.1081946 -0.05527627 0.9925918 0.575125 0 0 0 1 0.4236141 -0.9058327 -0.004269897 -7.22705e-5 0.8993581 0.4200139 0.121422 0.009366631 -0.1081946 -0.05527627 0.9925918 0.5698057 0 0 0 1 0.4236141 -0.9058327 -0.004269897 -8.10623e-5 0.8993581 0.4200139 0.121422 0.009366631 -0.1081946 -0.05527627 0.9925918 0.5661784 0 0 0 1</float_array>
        <technique_common>
          <accessor source="#node-Bip01_matrix-output-array" count="31" stride="16">
            <param name="TRANSFORM" type="float4x4"/>
          </accessor>
        </technique_common>
      </source>
      <source id="node-Bip01_matrix-interpolation">
        <Name_array id="node-Bip01_matrix-interpolation-array" count="31">LINEAR LINEAR LINEAR LINEAR LINEAR LINEAR LINEAR LINEAR LINEAR LINEAR LINEAR LINEAR LINEAR LINEAR LINEAR LINEAR LINEAR LINEAR LINEAR LINEAR LINEAR LINEAR LINEAR LINEAR LINEAR LINEAR LINEAR LINEAR LINEAR LINEAR LINEAR</Name_array>
        <technique_common>
          <accessor source="#node-Bip01_matrix-interpolation-array" count="31" stride="1">
            <param name="INTERPOLATION" type="name"/>
          </accessor>
        </technique_common>
      </source>
      <source id="node-Bip01_Pelvis_matrix-input">
        <float_array id="node-Bip01_Pelvis_matrix-input-array" count="31">22.33333 22.36667 22.4 22.43333 22.46667 22.5 22.53333 22.56667 22.6 22.63333 22.66667 22.7 22.73333 22.76667 22.8 22.83333 22.86667 22.9 22.93333 22.96667 23 23.03333 23.06667 23.1 23.13333 23.16667 23.2 23.23333 23.26667 23.3 23.33333</float_array>
        <technique_common>
          <accessor source="#node-Bip01_Pelvis_matrix-input-array" count="31" stride="1">
            <param name="TIME" type="float"/>
          </accessor>
        </technique_common>
      </source>
      <source id="node-Bip01_Pelvis_matrix-output">
        <float_array id="node-Bip01_Pelvis_matrix-output-array" count="496">-0.009626686 0.9912359 0.1317526 0 -0.1217413 -0.1319404 0.9837535 0 0.9925152 -0.006569385 0.1219445 0 0 0 0 1 -0.005043148 0.9930221 0.1178199 0 -0.1000073 -0.1177316 0.9879969 0 0.994974 -0.006800174 0.09990322 0 0 0 0 1 7.84799e-4 0.9949009 0.100854 0 -0.07005631 -0.1005516 0.9924623 0 0.9975427 -0.007844328 0.06962013 0 0 0 0 1 0.006914794 0.9966645 0.0813148 0 -0.03510582 -0.0810247 0.9960936 0 0.9993597 -0.009742379 0.03442841 0 0 0 0 1 0.01252168 0.9981346 0.05975383 0 0.001542687 -0.05977773 0.9982106 0 0.9999204 -0.01240706 -0.002288281 0 0 0 0 1 0.01694852 0.9991782 0.03682124 0 0.0365262 -0.03742074 0.998632 0 0.999189 -0.01558041 -0.03713041 0 0 0 0 1 0.01973903 0.9997174 0.01324313 0 0.06646388 -0.01452839 0.9976831 0 0.9975936 -0.01881307 -0.06673187 0 0 0 0 1 0.02064538 0.9997346 -0.01021748 0 0.08799332 0.008363008 0.996086 0 0.9959071 -0.02146357 -0.08779734 0 0 0 0 1 0.01961016 0.9992694 -0.03280454 0 0.09777808 0.0307368 0.9947335 0 0.9950151 -0.02271443 -0.09710389 0 0 0 0 1 0.01108288 0.9976861 -0.06708008 0 0.05003201 0.06644684 0.9965349 0 0.9986861 -0.01440066 -0.04917979 0 0 0 0 1 -5.86882e-5 0.9945743 -0.1040287 0 -0.04261255 0.1039316 0.9936712 0 0.9990918 0.004491209 0.04237526 0 0 0 0 1 -0.005906403 0.9940372 -0.1088817 0 -0.09394544 0.1078504 0.9897184 0 0.9955599 0.01607465 0.09274822 0 0 0 0 1 -0.00708127 0.9980515 -0.06199324 0 -0.06828528 0.06136745 0.9957768 0 0.9976407 0.01128458 0.06771767 0 0 0 0 1 -0.002958118 0.9999098 0.01310092 0 -0.008664548 -0.01312613 0.9998763 0 0.9999582 0.002844214 0.008702576 0 0 0 0 1 0.007420241 0.9961852 0.08694851 0 0.05236238 -0.08721882 0.9948122 0 0.9986006 -0.002828955 -0.05280983 0 0 0 0 1 0.0176382 0.9912359 0.130921 0 0.08289796 -0.1319403 0.9877852 0 0.996402 -0.006569683 -0.08449864 0 0 0 0 1 0.02483409 0.9886881 0.1479161 0 0.08391427 -0.1495013 0.9851944 0 0.9961636 -0.01205414 -0.08667778 0 0 0 0 1 0.03235936 0.9867047 0.1592699 0 0.07772064 -0.1613551 0.9838314 0 0.99645 -0.01945757 -0.0819087 0 0 0 0 1 0.03957861 0.9854075 0.1655469 0 0.06579035 -0.1678872 0.9836085 0 0.9970483 -0.0280385 -0.07147502 0 0 0 0 1 0.04596573 0.9848389 0.1672708 0 0.04959398 -0.1694912 0.9842831 0 0.9977112 -0.03694766 -0.05663287 0 0 0 0 1 0.05105507 0.9849854 0.1649154 0 0.03059363 -0.1665958 0.9855506 0 0.9982271 -0.04527205 -0.03863984 0 0 0 0 1 0.05440175 0.9857941 0.1589037 0 0.01023626 -0.1596816 0.9871155 0 0.9984667 -0.05207419 -0.01877784 0 0 0 0 1 0.05554878 0.9871824 0.1496169 0 -0.01005423 -0.1492875 0.9887428 0 0.9984053 -0.05642771 0.00163263 0 0 0 0 1 0.05400121 0.9890417 0.1374059 0 -0.02888631 -0.1360017 0.9902874 0 0.9981229 -0.05744588 0.02122551 0 0 0 0 1 0.03721719 0.9952276 0.09020531 0 -0.05549496 -0.08807027 0.9945673 0 0.9977652 -0.04202091 0.05195242 0 0 0 0 1 0.009401857 0.9998357 0.01550114 0 -0.0905165 -0.0145871 0.9957881 0 0.9958506 -0.01076537 0.09036445 0 0 0 0 1 -0.008875668 0.9996628 -0.02440357 0 -0.1161357 0.02320879 0.9929622 0 0.9931938 0.01164728 0.1158905 0 0 0 0 1 -0.01350551 0.9999012 -0.003911137 0 -0.1246815 0.002196967 0.9921945 0 0.9921049 0.01388776 0.1246395 0 0 0 0 1 -0.01334255 0.9989192 0.0445255 0 -0.1254631 -0.04585009 0.9910383 0 0.9920085 0.007636666 0.1259393 0 0 0 0 1 -0.01104664 0.9951739 0.09750384 0 -0.1230435 -0.09812158 0.9875387 0 0.9923399 -0.001088201 0.1235336 0 0 0 0 1 -0.009626686 0.9912359 0.1317526 0 -0.1217413 -0.1319404 0.9837535 0 0.9925152 -0.006569385 0.1219445 0 0 0 0 1</float_array>
        <technique_common>
          <accessor source="#node-Bip01_Pelvis_matrix-output-array" count="31" stride="16">
            <param name="TRANSFORM" type="float4x4"/>
          </accessor>
        </technique_common>
      </source>
      <source id="node-Bip01_Pelvis_matrix-interpolation">
        <Name_array id="node-Bip01_Pelvis_matrix-interpolation-array" count="31">LINEAR LINEAR LINEAR LINEAR LINEAR LINEAR LINEAR LINEAR LINEAR LINEAR LINEAR LINEAR LINEAR LINEAR LINEAR LINEAR LINEAR LINEAR LINEAR LINEAR LINEAR LINEAR LINEAR LINEAR LINEAR LINEAR LINEAR LINEAR LINEAR LINEAR LINEAR</Name_array>
        <technique_common>
          <accessor source="#node-Bip01_Pelvis_matrix-interpolation-array" count="31" stride="1">
            <param name="INTERPOLATION" type="name"/>
          </accessor>
        </technique_common>
      </source>
      <source id="node-Bip01_Spine_matrix-input">
        <float_array id="node-Bip01_Spine_matrix-input-array" count="31">22.33333 22.36667 22.4 22.43333 22.46667 22.5 22.53333 22.56667 22.6 22.63333 22.66667 22.7 22.73333 22.76667 22.8 22.83333 22.86667 22.9 22.93333 22.96667 23 23.03333 23.06667 23.1 23.13333 23.16667 23.2 23.23333 23.26667 23.3 23.33333</float_array>
        <technique_common>
          <accessor source="#node-Bip01_Spine_matrix-input-array" count="31" stride="1">
            <param name="TIME" type="float"/>
          </accessor>
        </technique_common>
      </source>
      <source id="node-Bip01_Spine_matrix-output">
        <float_array id="node-Bip01_Spine_matrix-output-array" count="496">0.9916931 0.08133208 -0.09964907 0.1974927 -0.09817779 0.9791404 -0.1778911 0.02499383 0.08310216 0.1861967 0.9789918 0.02778857 0 0 0 1 0.9931344 0.08708614 -0.07810294 0.1981041 -0.09894859 0.9815206 -0.1637888 0.0249952 0.06239587 0.1703925 0.9833989 0.02302736 0 0 0 1 0.994352 0.09445041 -0.04840588 0.1987704 -0.1006148 0.9840446 -0.146741 0.02483695 0.03377383 0.1507827 0.9879899 0.01654356 0 0 0 1 0.9946625 0.1022624 -0.01374626 0.1992951 -0.1031808 0.9864748 -0.1273627 0.02450555 5.35965e-4 0.1281013 0.991761 0.009013533 0 0 0 1 0.9937289 0.1095073 0.02260619 0.1995554 -0.1065263 0.9886146 -0.1062695 0.02401351 -0.03398609 0.103195 0.9940804 0.001125991 0 0 0 1 0.9916659 0.1153802 0.05732262 0.199527 -0.1103658 0.9903299 -0.08405882 0.02340888 -0.06646704 0.07703185 0.9948107 -0.006424367 0 0 0 1 0.9890318 0.1193197 0.08705705 0.1992831 -0.1142299 0.9915618 -0.06129169 0.02277904 -0.09363579 0.05067479 0.9943161 -0.01294779 0 0 0 1 0.9867066 0.1210064 0.1084797 0.198971 -0.1174648 0.992331 -0.03848826 0.02225136 -0.1123052 0.0252341 0.9933534 -0.01776736 0 0 0 1 0.9856634 0.1203219 0.1182804 0.1987658 -0.119247 0.9927332 -0.0161494 0.0219897 -0.119364 0.001813232 0.9928489 -0.02022093 0 0 0 1 0.9913768 0.1100946 0.07107198 0.199271 -0.1117519 0.9935394 0.01976728 0.02360397 -0.06843656 -0.02753919 0.9972753 -0.01158207 0 0 0 1 0.9952601 0.09497177 -0.02092552 0.1990566 -0.09363055 0.9939304 0.05775624 0.02728527 0.02628374 -0.05552321 0.9981114 0.005678832 0 0 0 1 0.9936426 0.08655184 -0.07199627 0.198198 -0.08215492 0.9946926 0.06194549 0.02957892 0.07697564 -0.05563688 0.9954795 0.01558631 0 0 0 1 0.9951578 0.08671665 -0.04627025 0.1985812 -0.08609658 0.9961703 0.01523357 0.02873122 0.04741406 -0.0111761 0.9988127 0.01184338 0 0 0 1 0.9955167 0.09366929 0.0131312 0.1991521 -0.09273475 0.9939156 -0.05943119 0.02709913 -0.01861816 0.05794703 0.9981461 0.002077877 0 0 0 1 0.9915823 0.1065472 0.07356733 0.1991568 -0.09609442 0.9863957 -0.1333767 0.02587026 -0.08677738 0.1251847 0.988331 -0.008218169 0 0 0 1 0.9876199 0.1178398 0.1035413 0.1989898 -0.09817808 0.9791405 -0.1778911 0.02499377 -0.1223441 0.1655233 0.9785878 -0.01336503 0 0 0 1 0.9866659 0.1250164 0.1042173 0.1991332 -0.102934 0.9753009 -0.1954295 0.02383351 -0.1260752 0.1820962 0.9751646 -0.01334822 0 0 0 1 0.9863902 0.1322535 0.09768891 0.19939 -0.109802 0.972088 -0.207336 0.0223059 -0.1223832 0.1937878 0.97338 -0.01209676 0 0 0 1 0.9866038 0.1389639 0.08545231 0.1997008 -0.1180461 0.9696781 -0.2139852 0.02056187 -0.1125975 0.2010313 0.9730921 -0.009851396 0 0 0 1 0.9870724 0.144665 0.06899523 0.2000025 -0.1268149 0.968178 -0.2157536 0.0187717 -0.09801167 0.2042148 0.9740073 -0.006848514 0 0 0 1 0.9875921 0.1489378 0.04979491 0.2002404 -0.1351875 0.9676439 -0.2130489 0.01711702 -0.07991474 0.2036738 0.975772 -0.003326117 0 0 0 1 0.9880394 0.1513913 0.02931416 0.2003771 -0.1422135 0.968093 -0.2063287 0.01578325 -0.05961519 0.199692 0.9780437 4.71637e-4 0 0 0 1 0.9883963 0.1516314 0.008995652 0.2003952 -0.1469491 0.9695092 -0.196107 0.01495265 -0.03845733 0.1925094 0.9805413 0.004291772 0 0 0 1 0.9887539 0.1492351 -0.009746015 0.2002981 -0.1484863 0.9718449 -0.1829468 0.01479905 -0.01783043 0.1823365 0.9830746 0.007871389 0 0 0 1 0.9907 0.1313389 -0.03554892 0.1997814 -0.1349784 0.9816046 -0.1350311 0.01803624 0.01716017 0.1385737 0.9902035 0.01274091 0 0 0 1 0.9923742 0.1019524 -0.06927567 0.1986621 -0.1062319 0.9924573 -0.06118154 0.02438563 0.06251555 0.06807422 0.9957197 0.01841181 0 0 0 1 0.9921503 0.08239179 -0.09407091 0.1976478 -0.08489716 0.9961256 -0.02294182 0.02884638 0.09181618 0.03074812 0.9953011 0.02243876 0 0 0 1 0.9917334 0.07730597 -0.1024143 0.197308 -0.08214384 0.9956535 -0.04388874 0.02929913 0.0985763 0.05193859 0.9937731 0.02472567 0 0 0 1 0.9916424 0.07742422 -0.1032046 0.1972932 -0.08701944 0.991953 -0.09196257 0.02802783 0.09525394 0.1001748 0.9903998 0.02626991 0 0 0 1 0.9916887 0.07984584 -0.1008875 0.1974201 -0.09398156 0.9850785 -0.1441807 0.02619028 0.08786988 0.1524639 0.9843951 0.0271964 0 0 0 1 0.9916931 0.08133208 -0.09964907 0.1974927 -0.09817779 0.9791404 -0.1778911 0.02499383 0.08310216 0.1861968 0.9789918 0.02778857 0 0 0 1</float_array>
        <technique_common>
          <accessor source="#node-Bip01_Spine_matrix-output-array" count="31" stride="16">
            <param name="TRANSFORM" type="float4x4"/>
          </accessor>
        </technique_common>
      </source>
      <source id="node-Bip01_Spine_matrix-interpolation">
