<?xml version="1.0" encoding="utf-8"?>
<COLLADA xmlns="http://www.collada.org/2005/11/COLLADASchema" version="1.4.1">
  <asset>
    <contributor>
      <author>MattO</author>
      <authoring_tool>OpenCOLLADA for 3ds Max;  Version: 1.3.0;  Revision: 839M;  Platform: x64;  Configuration: Release_Max2012</authoring_tool>
      <source_data>file:///C:/Dropbox/Prj/GGStout/Turret/TP_Soldier_Turret_Animation_Master.max</source_data>
    </contributor>
    <created>2011-09-30T18:22:30</created>
    <modified>2011-09-30T18:22:30</modified>
    <unit name="meter" meter="1"/>
    <up_axis>Z_UP</up_axis>
  </asset>
  <library_effects>
    <effect id="ShapeBounds">
      <profile_COMMON>
        <technique sid="common">
          <blinn>
            <emission>
              <color>0 0 0 1</color>
            </emission>
            <ambient>
              <color>0.1647059 1 0 1</color>
            </ambient>
            <diffuse>
              <color>0.1647059 1 0 1</color>
            </diffuse>
            <specular>
              <color>0.9 0.9 0.9 1</color>
            </specular>
            <shininess>
              <float>10</float>
            </shininess>
            <reflective>
              <color>0 0 0 1</color>
            </reflective>
            <transparent opaque="A_ONE">
              <color>1 1 1 1</color>
            </transparent>
            <transparency>
              <float>1</float>
            </transparency>
          </blinn>
        </technique>
      </profile_COMMON>
      <extra>
        <technique profile="OpenCOLLADA3dsMax">
          <extended_shader>
            <apply_reflection_dimming>0</apply_reflection_dimming>
            <dim_level>0</dim_level>
            <falloff_type>0</falloff_type>
            <index_of_refraction>1.5</index_of_refraction>
            <opacity_type>0</opacity_type>
            <reflection_level>3</reflection_level>
            <wire_size>1</wire_size>
            <wire_units>0</wire_units>
          </extended_shader>
          <shader>
            <ambient_diffuse_lock>1</ambient_diffuse_lock>
            <ambient_diffuse_texture_lock>1</ambient_diffuse_texture_lock>
            <diffuse_specular_lock>0</diffuse_specular_lock>
            <soften>0.1</soften>
            <use_self_illum_color>0</use_self_illum_color>
          </shader>
        </technique>
      </extra>
    </effect>
  </library_effects>
  <library_materials>
    <material id="ShapeBounds-material" name="ShapeBounds">
      <instance_effect url="#ShapeBounds"/>
    </material>
  </library_materials>
  <library_geometries>
    <geometry id="geom-BOUNDS" name="BOUNDS">
      <mesh>
        <source id="geom-BOUNDS-positions">
          <float_array id="geom-BOUNDS-positions-array" count="24">-0.425 -0.425 0 0.425 -0.425 0 -0.425 0.425 0 0.425 0.425 0 -0.425 -0.425 1.84 0.425 -0.425 1.84 -0.425 0.425 1.84 0.425 0.425 1.84</float_array>
          <technique_common>
            <accessor source="#geom-BOUNDS-positions-array" count="8" stride="3">
              <param name="X" type="float"/>
              <param name="Y" type="float"/>
              <param name="Z" type="float"/>
            </accessor>
          </technique_common>
        </source>
        <source id="geom-BOUNDS-normals">
          <float_array id="geom-BOUNDS-normals-array" count="72">0 0 -1 0 0 -1 0 0 -1 0 0 -1 0 0 1 0 0 1 0 0 1 0 0 1 0 -1 0 0 -1 0 0 -1 0 0 -1 0 1 0 0 1 0 0 1 0 0 1 0 0 0 1 0 0 1 0 0 1 0 0 1 0 -1 0 0 -1 0 0 -1 0 0 -1 0 0</float_array>
          <technique_common>
            <accessor source="#geom-BOUNDS-normals-array" count="24" stride="3">
              <param name="X" type="float"/>
              <param name="Y" type="float"/>
              <param name="Z" type="float"/>
            </accessor>
          </technique_common>
        </source>
        <source id="geom-BOUNDS-map1">
          <float_array id="geom-BOUNDS-map1-array" count="36">0 0 0 1 0 0 0 1 0 1 1 0 0 0 0 1 0 0 0 1 0 1 1 0 0 0 0 1 0 0 0 1 0 1 1 0</float_array>
          <technique_common>
            <accessor source="#geom-BOUNDS-map1-array" count="12" stride="3">
              <param name="S" type="float"/>
              <param name="T" type="float"/>
              <param name="P" type="float"/>
            </accessor>
          </technique_common>
        </source>
        <vertices id="geom-BOUNDS-vertices">
          <input semantic="POSITION" source="#geom-BOUNDS-positions"/>
        </vertices>
        <triangles material="ShapeBounds" count="12">
          <input semantic="VERTEX" source="#geom-BOUNDS-vertices" offset="0"/>
          <input semantic="NORMAL" source="#geom-BOUNDS-normals" offset="1"/>
          <input semantic="TEXCOORD" source="#geom-BOUNDS-map1" offset="2" set="0"/>
          <p>0 0 9 2 1 11 3 2 10 3 2 10 1 3 8 0 0 9 4 4 8 5 5 9 7 6 11 7 6 11 6 7 10 4 4 8 0 8 4 1 9 5 5 10 7 5 10 7 4 11 6 0 8 4 1 12 0 3 13 1 7 14 3 7 14 3 5 15 2 1 12 0 3 16 4 2 17 5 6 18 7 6 18 7 7 19 6 3 16 4 2 20 0 0 21 1 4 22 3 4 22 3 6 23 2 2 20 0</p>
        </triangles>
      </mesh>
      <extra>
        <technique profile="OpenCOLLADA3dsMax">
          <max_box>
            <generateuvs>1</generateuvs>
            <height>1.84</height>
            <heightsegments>1</heightsegments>
            <length>0.85</length>
            <lengthsegments>1</lengthsegments>
            <width>0.85</width>
            <widthsegments>1</widthsegments>
          </max_box>
        </technique>
      </extra>
    </geometry>
  </library_geometries>
  <library_lights>
    <light id="EnvironmentAmbientLight" name="EnvironmentAmbientLight">
      <technique_common>
        <ambient>
          <color>0 0 0</color>
        </ambient>
      </technique_common>
    </light>
  </library_lights>
  <library_visual_scenes>
    <visual_scene id="MaxScene">
      <node name="EnvironmentAmbientLight">
        <instance_light url="#EnvironmentAmbientLight"/>
      </node>
      <node id="node-Bip01" name="Bip01">
        <matrix sid="matrix">0.4799176 -0.2270291 0.8474296 -8.10623e-5 0.638314 0.7530162 -0.1597555 0.009366653 -0.601859 0.6175956 0.5063015 0.8041388 0 0 0 1</matrix>
        <node id="node-Bip01_Pelvis" name="Bip01_Pelvis">
          <matrix sid="matrix">-0.009626716 0.9981476 0.06007257 0 -0.1217414 -0.06079835 0.990698 0 0.9925152 0.002223849 0.1221012 0 0 0 0 1</matrix>
          <node id="node-Bip01_Spine" name="Bip01_Spine">
            <matrix sid="matrix">0.7705344 -0.03786565 -0.6362727 0.1975024 0.03273559 0.9992675 -0.0198247 0.02692825 0.6365572 -0.005553097 0.7712095 0.02592754 0 0 0 1</matrix>
            <node id="node-Bip01_Spine1" name="Bip01_Spine1">
              <matrix sid="matrix">0.9713835 0.2342764 -0.03909878 0.1022061 -0.235096 0.9718088 -0.01781575 -9.82285e-5 0.0338228 0.0264978 0.9990765 -2.65241e-6 0 0 0 1</matrix>
              <node id="node-Bip01_Spine2" name="Bip01_Spine2">
                <matrix>0.949597 -0.2811753 0.1385858 0.1269141 0.2879944 0.9571148 -0.03147188 -1.63913e-4 -0.1237935 0.06979752 0.9898502 -1.19656e-5 0 0 0 1</matrix>
                <node id="node-Bip01_Neck" name="Bip01_Neck">
                  <matrix>0.840708 -0.4308255 0.3280236 0.2151071 0.413622 0.9019013 0.124463 -4.96507e-5 -0.3494668 0.03104076 0.9364344 -1.71363e-6 0 0 0 1</matrix>
                  <node id="node-Bip01_Head" name="Bip01_Head">
                    <matrix sid="matrix">0.5166634 -0.04243603 -0.855136 0.07051814 -0.4682887 0.8221326 -0.323733 -0.01395917 0.7167733 0.5677118 0.4048939 0 0 0 0 1</matrix>
                    <node id="node-ALTEYE" name="ALTEYE">
                      <matrix>0.4506335 0.3792478 0.8081463 0.06454682 0.04412803 0.8947043 -0.444474 0.2214611 -0.8916176 0.2359568 0.3864483 0.04716271 0 0 0 1</matrix>
                    </node>
                  </node>
                  <node id="node-Bip01_L_Clavicle" name="Bip01_L_Clavicle">
                    <matrix>-0.7814923 -0.3934343 0.4842301 -0.04690337 0.2257732 -0.9018466 -0.3683732 -0.01204789 0.5816323 -0.1785546 0.7936133 0.05588406 0 0 0 1</matrix>
                    <node id="node-Bip01_L_UpperArm" name="Bip01_L_UpperArm">
                      <matrix sid="matrix">-0.2367989 0.9132067 0.331632 0.1824007 -0.9538152 -0.2834492 0.09946349 -5.96046e-8 0.1848316 -0.2927628 0.9381509 -1.19209e-7 0 0 0 1</matrix>
                      <node id="node-Bip01_L_Forearm" name="Bip01_L_Forearm">
                        <matrix sid="matrix">0.4428526 0.8965945 0 0.2843689 -0.8965942 0.4428526 2.98023e-8 5.96046e-8 -1.49012e-8 0 0.9999999 0 0 0 0 1</matrix>
                        <node id="node-Bip01_L_Hand" name="Bip01_L_Hand">
                          <matrix sid="matrix">0.9516354 -0.07941336 0.2967886 0.281068 -0.2593894 0.3100037 0.9146665 0 -0.1646423 -0.947413 0.2744115 0 0 0 0 1</matrix>
                          <node id="node-Bip01_L_Finger0" name="Bip01_L_Finger0">
                            <matrix>0.5215107 0.2690131 0.8097275 0.02119672 0.7250717 0.3605265 -0.5867639 -0.004734278 -0.4497754 0.893114 -0.007035539 -0.02572197 0 0 0 1</matrix>
                            <node id="node-Bip01_L_Finger01" name="Bip01_L_Finger01">
                              <matrix>0.6423534 -0.7636238 -0.06527567 0.04982859 0.7605616 0.6456372 -0.0685474 0 0.09448883 -0.005614471 0.9955101 0 0 0 0 1</matrix>
                              <node id="node-Bip01_L_Finger02" name="Bip01_L_Finger02">
                                <matrix>0.9505159 -0.3106765 5.96046e-8 0.05202246 0.3106765 0.9505159 -7.45058e-9 0 -2.98023e-8 -7.45058e-9 1 -1.19209e-7 0 0 0 1</matrix>
                              </node>
                            </node>
                          </node>
                          <node id="node-Bip01_L_Finger1" name="Bip01_L_Finger1">
                            <matrix>0.6408503 -0.7640202 0.07472671 0.1199946 0.7674397 0.6352569 -0.08651489 -0.008367658 0.01862846 0.1127913 0.993444 -0.04101387 0 0 0 1</matrix>
                            <node id="node-Bip01_L_Finger11" name="Bip01_L_Finger11">
                              <matrix>0.8240547 -0.5665103 1.49012e-8 0.03644177 0.5665103 0.8240547 0 0 -2.98023e-8 3.72529e-8 1 -2.98023e-8 0 0 0 1</matrix>
                              <node id="node-Bip01_L_Finger12" name="Bip01_L_Finger12">
                                <matrix>0.8146399 -0.579678 -0.01831833 0.03117549 0.5799673 0.8142334 0.02573049 -5.96046e-8 -4.47035e-8 -0.03158512 0.999501 -2.98023e-8 0 0 0 1</matrix>
                              </node>
                            </node>
                          </node>
                          <node id="node-Bip01_L_Finger2" name="Bip01_L_Finger2">
                            <matrix>0.6754014 -0.7374503 1.52133e-4 0.1229538 0.7368313 0.6748428 0.04082683 -0.008802056 -0.03021044 -0.02746241 0.9991662 -0.01328245 0 0 0 1</matrix>
                            <node id="node-Bip01_L_Finger21" name="Bip01_L_Finger21">
                              <matrix>0.5508358 -0.8338857 0.0348487 0.03895497 0.8322219 0.5519371 0.05265063 0 -0.06313896 2.41271e-8 0.9980047 -8.9407e-8 0 0 0 1</matrix>
                              <node id="node-Bip01_L_Finger22" name="Bip01_L_Finger22">
                                <matrix>0.1984734 -0.9799247 -0.01886609 0.03800535 0.9755275 0.199368 -0.09272985 -1.19209e-7 0.09462959 0 0.9955125 5.96046e-8 0 0 0 1</matrix>
                              </node>
                            </node>
                          </node>
                          <node id="node-Bip01_L_Finger3" name="Bip01_L_Finger3">
                            <matrix>0.7159052 -0.6949216 -0.0675545 0.1211882 0.6883787 0.6863562 0.234627 -0.001191378 -0.116681 -0.2144738 0.9697351 0.01196861 0 0 0 1</matrix>
                            <node id="node-Bip01_L_Finger31" name="Bip01_L_Finger31">
                              <matrix>0.4441953 -0.8949345 -0.04222351 0.03155848 0.8909185 0.4461977 -0.08468723 0 0.09462962 -3.72529e-9 0.9955127 1.19209e-7 0 0 0 1</matrix>
                              <node id="node-Bip01_L_Finger32" name="Bip01_L_Finger32">
                                <matrix>0.1993681 -0.9794358 0.03095105 0.03366578 0.9799246 0.1992686 -0.006297061 -2.98023e-8 1.11759e-8 0.0315851 0.999501 -1.19209e-7 0 0 0 1</matrix>
                              </node>
                            </node>
                          </node>
                          <node id="node-Bip01_L_Finger4" name="Bip01_L_Finger4">
                            <matrix>0.5925791 -0.789795 0.1583477 0.1136796 0.7783523 0.6120424 0.1399001 0.005147338 -0.2074079 0.04034832 0.977422 0.03886572 0 0 0 1</matrix>
                            <node id="node-Bip01_L_Finger41" name="Bip01_L_Finger41">
                              <matrix>0.4202557 -0.9064696 -0.04120623 0.03661624 0.906853 0.4211511 -0.01578778 0 0.03166521 -0.03073298 0.999026 5.96046e-8 0 0 0 1</matrix>
                              <node id="node-Bip01_L_Finger42" name="Bip01_L_Finger42">
                                <matrix>0.4024471 -0.9138246 0.05441487 0.0177263 0.915423 0.4021218 -0.01728317 1.49012e-8 -0.006087646 0.05676821 0.9983687 -5.96046e-8 0 0 0 1</matrix>
                              </node>
                            </node>
                          </node>
                        </node>
                      </node>
                    </node>
                  </node>
                  <node id="node-Bip01_R_Clavicle" name="Bip01_R_Clavicle">
                    <matrix>0.2073931 -0.1669672 -0.9639034 8.67009e-4 0.5679264 -0.7817279 0.2576056 -0.01629055 -0.7965221 -0.600852 -0.06729984 -0.0721215 0 0 0 1</matrix>
                    <node id="node-Bip01_R_UpperArm" name="Bip01_R_UpperArm">
                      <matrix sid="matrix">0.974084 -0.0547276 -0.2194656 0.1824006 -0.1547712 0.546294 -0.8231698 2.98023e-8 0.164943 0.8358036 0.5236662 -5.96046e-8 0 0 0 1</matrix>
                      <node id="node-Bip01_R_Forearm" name="Bip01_R_Forearm">
                        <matrix>-0.5309324 0.8474141 -2.98023e-8 0.2843689 -0.8474142 -0.5309325 3.1665e-8 0 1.49012e-8 0 0.9999999 0 0 0 0 1</matrix>
                        <node id="node-Bip01_R_Hand" name="Bip01_R_Hand">
                          <matrix>0.8153622 0.1923398 -0.546068 0.2810681 -0.3359033 -0.6110554 -0.7167847 2.98023e-8 -0.471544 0.7678651 -0.4336239 0 0 0 0 1</matrix>
                          <node id="node-Bip01_R_Finger0" name="Bip01_R_Finger0">
                            <matrix>0.5215106 0.269013 -0.8097275 0.02119684 0.7250717 0.3605264 0.5867639 -0.004734188 0.4497753 -0.8931139 -0.007035464 0.02572194 0 0 0 1</matrix>
                            <node id="node-Bip01_R_Finger01" name="Bip01_R_Finger01">
                              <matrix>0.6423534 -0.7636238 0.06527573 0.04982853 0.7605617 0.6456371 0.06854739 0 -0.09448883 0.005614549 0.99551 -1.19209e-7 0 0 0 1</matrix>
                              <node id="node-Bip01_R_Finger02" name="Bip01_R_Finger02">
                                <matrix>0.950516 -0.3106765 0 0.05202234 0.3106765 0.9505158 -2.98023e-8 5.96046e-8 -1.49012e-8 0 1 1.19209e-7 0 0 0 1</matrix>
                              </node>
                            </node>
                          </node>
                          <node id="node-Bip01_R_Finger1" name="Bip01_R_Finger1">
                            <matrix>0.9820225 -0.1733428 -0.07472673 0.1199948 0.1795577 0.9799358 0.08651496 -0.008367509 0.05823061 -0.09837728 0.9934441 0.0410139 0 0 0 1</matrix>
                            <node id="node-Bip01_R_Finger11" name="Bip01_R_Finger11">
                              <matrix>0.8240547 -0.5665103 2.98023e-8 0.0364418 0.5665102 0.8240548 7.45058e-9 5.96046e-8 0 -1.49012e-8 1 0 0 0 0 1</matrix>
                              <node id="node-Bip01_R_Finger12" name="Bip01_R_Finger12">
                                <matrix>0.8146399 -0.5796779 0.0183183 0.03117543 0.5799673 0.8142334 -0.02573052 0 -2.98023e-8 0.03158516 0.9995012 0 0 0 0 1</matrix>
                              </node>
                            </node>
                          </node>
                          <node id="node-Bip01_R_Finger2" name="Bip01_R_Finger2">
                            <matrix>0.6754014 -0.7374504 -1.52141e-4 0.1229539 0.7368313 0.6748427 -0.04082684 -0.008802086 0.03021047 0.02746242 0.9991663 0.01328242 0 0 0 1</matrix>
                            <node id="node-Bip01_R_Finger21" name="Bip01_R_Finger21">
                              <matrix>0.5508358 -0.8338858 -0.03484869 0.03895521 0.8322221 0.551937 -0.05265059 0 0.06313888 5.96046e-8 0.9980048 0 0 0 0 1</matrix>
                              <node id="node-Bip01_R_Finger22" name="Bip01_R_Finger22">
                                <matrix>0.1984733 -0.9799249 0.0188661 0.03800547 0.9755275 0.199368 0.09272987 0 -0.09462962 7.45058e-8 0.9955127 -2.98023e-8 0 0 0 1</matrix>
                              </node>
                            </node>
                          </node>
                          <node id="node-Bip01_R_Finger3" name="Bip01_R_Finger3">
                            <matrix>0.7159052 -0.6949215 0.06755479 0.1211882 0.6883786 0.6863562 -0.234627 -0.001191348 0.1166808 0.2144741 0.9697351 -0.0119687 0 0 0 1</matrix>
                            <node id="node-Bip01_R_Finger31" name="Bip01_R_Finger31">
                              <matrix>0.4441953 -0.8949347 0.04222351 0.03155863 0.8909186 0.4461977 0.08468766 -1.19209e-7 -0.09462989 -1.19209e-7 0.9955127 2.98023e-8 0 0 0 1</matrix>
                              <node id="node-Bip01_R_Finger32" name="Bip01_R_Finger32">
                                <matrix>0.1993681 -0.9794358 -0.03095099 0.03366596 0.9799247 0.1992686 0.006297052 1.19209e-7 0 -0.03158512 0.9995009 -5.96046e-8 0 0 0 1</matrix>
                              </node>
                            </node>
                          </node>
                          <node id="node-Bip01_R_Finger4" name="Bip01_R_Finger4">
                            <matrix>0.5925791 -0.789795 -0.1583476 0.1136798 0.7783522 0.6120425 -0.1399001 0.005147487 0.2074078 -0.04034825 0.9774221 -0.03886569 0 0 0 1</matrix>
                            <node id="node-Bip01_R_Finger41" name="Bip01_R_Finger41">
                              <matrix>0.4202556 -0.9064697 0.04120632 0.03661627 0.906853 0.421151 0.01578787 -1.19209e-7 -0.03166521 0.03073308 0.9990258 0 0 0 0 1</matrix>
                              <node id="node-Bip01_R_Finger42" name="Bip01_R_Finger42">
                                <matrix>0.4024471 -0.9138247 -0.05441493 0.0177263 0.9154232 0.4021218 0.01728317 1.19209e-7 0.006087542 -0.05676815 0.9983689 -8.9407e-8 0 0 0 1</matrix>
                              </node>
                            </node>
                          </node>
                          <node id="node-MOUNT0" name="MOUNT0">
                            <matrix>-6.25849e-7 1 -1.19209e-7 0.1095392 -0.9999999 -6.55651e-7 5.51343e-7 0.02518255 4.09782e-7 8.9407e-8 0.9999998 0.01321673 0 0 0 1</matrix>
                          </node>
                        </node>
                      </node>
                    </node>
                  </node>
                </node>
                <node id="node-Bip01_L_Pauldron_Upper" name="Bip01_L_Pauldron_Upper">
                  <matrix>0.7291968 -0.2773261 0.6255902 0.2167908 -0.5504752 -0.7808024 0.2955092 -0.05140221 0.4065096 -0.5598564 -0.7220195 0.2310461 0 0 0 1</matrix>
                </node>
                <node id="node-Bip01_R_Pauldron_Lower" name="Bip01_R_Pauldron_Lower">
                  <matrix sid="matrix">-0.1588869 -0.8015251 -0.5764667 0.1729062 0.7810885 -0.4591744 0.4231555 -0.1133295 -0.6038681 -0.3830374 0.6990184 -0.2351095 0 0 0 1</matrix>
                </node>
                <node id="node-Bip01_L_Pauldron_Lower" name="Bip01_L_Pauldron_Lower">
                  <matrix>-0.1728511 -0.9378854 0.3008227 0.1279377 0.795745 -0.3129625 -0.5185026 -0.09512609 0.580442 0.1497545 0.8004129 0.2421941 0 0 0 1</matrix>
                </node>
              </node>
            </node>
            <node id="node-Bip01_L_Thigh" name="Bip01_L_Thigh">
              <matrix sid="matrix">-0.4097293 0.8345186 -0.3683756 -0.08841604 0.4395791 0.534476 0.7218764 -0.01999378 0.7993071 0.1338436 -0.5858276 0.2045225 0 0 0 1</matrix>
              <node id="node-Bip01_L_Calf" name="Bip01_L_Calf">
                <matrix sid="matrix">0.5122989 0.8588073 2.98023e-8 0.4629988 -0.8588072 0.5122989 -1.49012e-8 -2.98023e-8 5.96046e-8 7.45058e-8 1 5.96046e-8 0 0 0 1</matrix>
                <node id="node-Bip01_L_Foot" name="Bip01_L_Foot">
                  <matrix sid="matrix">0.8140748 0.576306 -0.07179177 0.3610501 -0.5642483 0.8141302 0.1371718 2.98023e-8 0.1375008 -0.07115969 0.9879423 0 0 0 0 1</matrix>
                  <node id="node-Bip01_L_Toe0" name="Bip01_L_Toe0">
                    <matrix sid="matrix">4.91738e-7 -1 1.40071e-6 0.1486307 1 4.91738e-7 5.96046e-8 0.1543275 -2.98023e-8 1.40071e-6 1 0 0 0 0 1</matrix>
                  </node>
                </node>
              </node>
            </node>
            <node id="node-Bip01_R_Thigh" name="Bip01_R_Thigh">
              <matrix sid="matrix">-0.865213 0.3333514 -0.374544 -0.2507206 0.2437546 0.9324204 0.2667882 -0.01857823 0.4381666 0.1395317 -0.8879983 0.007884786 0 0 0 1</matrix>
              <node id="node-Bip01_R_Calf" name="Bip01_R_Calf">
                <matrix sid="matrix">0.7818695 0.6234422 0 0.4629987 -0.6234422 0.7818695 -2.98023e-8 0 4.47035e-8 -5.96046e-8 1 0 0 0 0 1</matrix>
                <node id="node-Bip01_R_Foot" name="Bip01_R_Foot">
                  <matrix sid="matrix">0.7349802 0.6750678 0.06393221 0.3610501 -0.677192 0.7355853 0.01803267 0 -0.03485437 -0.056548 0.9977913 0 0 0 0 1</matrix>
                  <node id="node-Bip01_R_Toe0" name="Bip01_R_Toe0">
                    <matrix sid="matrix">-0.1805803 -0.9786914 0.09774534 0.1486306 0.9833317 -0.1817874 -0.003513902 0.1543274 0.02120799 0.09548146 0.9952053 0 0 0 0 1</matrix>
                  </node>
                </node>
              </node>
            </node>
          </node>
          <node id="node-Bip01_FannyPack" name="Bip01_FannyPack">
            <matrix>-0.9629917 -0.2062316 0.1735378 0.2299505 -0.2083318 0.9780383 0.006226689 -0.1378937 -0.1710107 -0.03015649 -0.9848074 0.01013958 0 0 0 1</matrix>
          </node>
        </node>
        <node id="node-EYE" name="EYE">
          <matrix sid="matrix">0.4799175 0.6383137 -0.6018589 -0.3989364 -0.227029 0.7530156 0.6175953 0.5434633 0.8474295 -0.1597556 0.5063012 0.3760439 0 0 0 1</matrix>
          <node id="node-CAM" name="CAM">
            <matrix>1 -6.03104e-8 0 4.84288e-8 6.03104e-8 1 -2.32831e-9 -0.104 0 2.32832e-9 1 0.30056 0 0 0 1</matrix>
          </node>
        </node>
      </node>
      <node id="node-BOUNDS" name="BOUNDS">
        <matrix>0.9999915 0.001706907 0.00375048 0 -0.001711356 0.9999978 0.001183292 0.1035326 -0.003748452 -0.0011897 0.9999923 -8.93474e-5 0 0 0 1</matrix>
        <instance_geometry url="#geom-BOUNDS">
          <bind_material>
            <technique_common>
              <instance_material symbol="ShapeBounds" target="#ShapeBounds-material"/>
            </technique_common>
          </bind_material>
        </instance_geometry>
      </node>
    </visual_scene>
  </library_visual_scenes>
  <library_animations>
    <animation>
      <source id="node-Bip01_matrix-input">
        <float_array id="node-Bip01_matrix-input-array" count="61">40.76667 40.8 40.83333 40.86666 40.9 40.93333 40.96667 41 41.03333 41.06667 41.1 41.13334 41.16667 41.2 41.23333 41.26667 41.3 41.33333 41.36666 41.4 41.43333 41.46667 41.5 41.53333 41.56667 41.6 41.63334 41.66667 41.7 41.73333 41.76667 41.8 41.83333 41.86666 41.9 41.93333 41.96667 42 42.03333 42.06667 42.1 42.13334 42.16667 42.2 42.23333 42.26667 42.3 42.33333 42.36666 42.4 42.43333 42.46667 42.5 42.53333 42.56667 42.6 42.63334 42.66667 42.7 42.73333 42.76667</float_array>
        <technique_common>
          <accessor source="#node-Bip01_matrix-input-array" count="61" stride="1">
            <param name="TIME" type="float"/>
          </accessor>
        </technique_common>
      </source>
      <source id="node-Bip01_matrix-output">
        <float_array id="node-Bip01_matrix-output-array" count="976">0.4799176 -0.227029 0.8474296 -8.10623e-5 0.638314 0.7530162 -0.1597555 0.009366631 -0.601859 0.6175956 0.5063015 0.8041388 0 0 0 1 0.4799176 -0.227029 0.8474296 -8.1005e-5 0.638314 0.7530162 -0.1597555 0.00936681 -0.6018591 0.6175957 0.5063015 0.8070508 0 0 0 1 0.4799176 -0.227029 0.8474296 -8.0837e-5 0.638314 0.7530162 -0.1597555 0.009367346 -0.6018591 0.6175957 0.5063015 0.8102062 0 0 0 1 0.4799176 -0.227029 0.8474296 -8.0564e-5 0.638314 0.7530162 -0.1597555 0.009368181 -0.601859 0.6175956 0.5063015 0.8135821 0 0 0 1 0.4799175 -0.227029 0.8474296 -8.0192e-5 0.638314 0.7530162 -0.1597555 0.009369313 -0.6018591 0.6175957 0.5063015 0.8171553 0 0 0 1 0.4799176 -0.227029 0.8474296 -7.97267e-5 0.638314 0.7530162 -0.1597555 0.009370744 -0.601859 0.6175956 0.5063015 0.8209031 0 0 0 1 0.4799176 -0.227029 0.8474296 -7.91741e-5 0.638314 0.7530162 -0.1597555 0.009372472 -0.601859 0.6175956 0.5063015 0.8248024 0 0 0 1 0.4799176 -0.227029 0.8474296 -7.85397e-5 0.638314 0.7530162 -0.1597555 0.009374439 -0.601859 0.6175956 0.5063015 0.8288303 0 0 0 1 0.4799175 -0.227029 0.8474296 -7.78299e-5 0.638314 0.7530162 -0.1597555 0.009376645 -0.6018591 0.6175957 0.5063015 0.8329656 0 0 0 1 0.4799176 -0.2270291 0.8474296 -7.70498e-5 0.638314 0.7530162 -0.1597555 0.009379029 -0.6018591 0.6175956 0.5063016 0.8371815 0 0 0 1 0.4799175 -0.227029 0.8474296 -7.62059e-5 0.638314 0.7530162 -0.1597555 0.009381651 -0.6018591 0.6175957 0.5063015 0.841457 0 0 0 1 0.4799175 -0.227029 0.8474296 -7.53034e-5 0.638314 0.7530162 -0.1597555 0.009384453 -0.6018591 0.6175957 0.5063015 0.8457692 0 0 0 1 0.4799176 -0.227029 0.8474296 -7.43488e-5 0.638314 0.7530162 -0.1597555 0.009387433 -0.601859 0.6175956 0.5063016 0.8500949 0 0 0 1 0.4799176 -0.227029 0.8474296 -7.33472e-5 0.638314 0.7530162 -0.1597555 0.009390532 -0.6018591 0.6175957 0.5063015 0.8544114 0 0 0 1 0.4799176 -0.227029 0.8474296 -7.23052e-5 0.638314 0.7530162 -0.1597555 0.009393751 -0.601859 0.6175956 0.5063016 0.8586955 0 0 0 1 0.4799176 -0.227029 0.8474296 -7.12278e-5 0.638314 0.7530162 -0.1597555 0.009397089 -0.6018591 0.6175957 0.5063015 0.8629243 0 0 0 1 0.4799175 -0.227029 0.8474296 -7.01213e-5 0.638314 0.7530162 -0.1597555 0.009400546 -0.6018591 0.6175957 0.5063015 0.8670749 0 0 0 1 0.4799176 -0.227029 0.8474296 -6.89919e-5 0.638314 0.7530162 -0.1597555 0.009404003 -0.601859 0.6175957 0.5063015 0.8711243 0 0 0 1 0.4799175 -0.227029 0.8474296 -6.78445e-5 0.638314 0.7530162 -0.1597555 0.009407579 -0.6018591 0.6175957 0.5063015 0.8750492 0 0 0 1 0.4799175 -0.227029 0.8474296 -6.6686e-5 0.638314 0.7530162 -0.1597555 0.009411156 -0.6018591 0.6175957 0.5063015 0.8788272 0 0 0 1 0.4799175 -0.227029 0.8474296 -6.55212e-5 0.638314 0.7530162 -0.1597555 0.009414792 -0.6018591 0.6175957 0.5063015 0.8824349 0 0 0 1 0.4799176 -0.227029 0.8474296 -6.43569e-5 0.638314 0.7530162 -0.1597555 0.009418368 -0.601859 0.6175956 0.5063016 0.8858495 0 0 0 1 0.4799176 -0.227029 0.8474296 -6.31979e-5 0.638314 0.7530162 -0.1597555 0.009422004 -0.601859 0.6175956 0.5063015 0.8890479 0 0 0 1 0.4799176 -0.227029 0.8474296 -6.2051e-5 0.638314 0.7530162 -0.1597555 0.00942552 -0.601859 0.6175956 0.5063015 0.8920071 0 0 0 1 0.4799175 -0.227029 0.8474296 -6.09212e-5 0.638314 0.7530162 -0.1597555 0.009429037 -0.6018591 0.6175957 0.5063015 0.8947057 0 0 0 1 0.4799175 -0.227029 0.8474296 -5.98151e-5 0.638314 0.7530162 -0.1597555 0.009432435 -0.6018591 0.6175957 0.5063015 0.8971177 0 0 0 1 0.4799175 -0.227029 0.8474296 -5.87377e-5 0.638314 0.7530162 -0.1597555 0.009435772 -0.6018591 0.6175957 0.5063015 0.8992217 0 0 0 1 0.4799175 -0.227029 0.8474296 -5.76957e-5 0.638314 0.7530162 -0.1597555 0.009439051 -0.6018591 0.6175957 0.5063015 0.9009947 0 0 0 1 0.4799175 -0.227029 0.8474296 -5.66941e-5 0.638314 0.7530162 -0.1597555 0.00944215 -0.6018591 0.6175957 0.5063015 0.9024137 0 0 0 1 0.4799175 -0.227029 0.8474296 -5.57395e-5 0.638314 0.7530162 -0.1597555 0.009445071 -0.6018591 0.6175957 0.5063015 0.9034556 0 0 0 1 0.4799175 -0.227029 0.8474296 -5.4837e-5 0.638314 0.7530162 -0.1597555 0.009447872 -0.6018591 0.6175957 0.5063015 0.9040976 0 0 0 1 0.4799175 -0.227029 0.8474296 -5.39927e-5 0.638314 0.7530162 -0.1597555 0.009450495 -0.6018591 0.6175957 0.5063015 0.9043168 0 0 0 1 0.4799175 -0.227029 0.8474296 -5.3213e-5 0.638314 0.7530162 -0.1597555 0.009452939 -0.6018591 0.6175957 0.5063015 0.9040667 0 0 0 1 0.4799175 -0.227029 0.8474296 -5.25028e-5 0.638314 0.7530162 -0.1597555 0.009455084 -0.6018591 0.6175957 0.5063015 0.903335 0 0 0 1 0.4799175 -0.227029 0.8474296 -5.18687e-5 0.638314 0.7530162 -0.1597555 0.009457051 -0.6018591 0.6175957 0.5063015 0.9021499 0 0 0 1 0.4799175 -0.227029 0.8474296 -5.13159e-5 0.638314 0.7530162 -0.1597555 0.00945878 -0.6018591 0.6175957 0.5063015 0.9005402 0 0 0 1 0.4799175 -0.227029 0.8474296 -5.08508e-5 0.638314 0.7530162 -0.1597555 0.00946021 -0.6018591 0.6175957 0.5063015 0.8985326 0 0 0 1 0.4799175 -0.227029 0.8474296 -5.04787e-5 0.638314 0.7530162 -0.1597555 0.009461402 -0.6018591 0.6175957 0.5063015 0.8961557 0 0 0 1 0.4799175 -0.227029 0.8474296 -5.02058e-5 0.638314 0.7530162 -0.1597555 0.009462237 -0.6018591 0.6175957 0.5063015 0.8934378 0 0 0 1 0.4799175 -0.227029 0.8474296 -5.00377e-5 0.638314 0.7530162 -0.1597555 0.009462773 -0.6018591 0.6175957 0.5063015 0.8904065 0 0 0 1 0.4799175 -0.227029 0.8474296 -4.99804e-5 0.638314 0.7530162 -0.1597555 0.009462952 -0.6018591 0.6175957 0.5063015 0.8870903 0 0 0 1 0.4799175 -0.227029 0.8474296 -5.00397e-5 0.638314 0.7530162 -0.1597555 0.009462773 -0.6018591 0.6175957 0.5063015 0.8835172 0 0 0 1 0.4799176 -0.227029 0.8474296 -5.02213e-5 0.638314 0.7530162 -0.1597555 0.009462177 -0.601859 0.6175956 0.5063016 0.8797168 0 0 0 1 0.4799176 -0.227029 0.8474296 -5.05312e-5 0.638314 0.7530162 -0.1597555 0.009461224 -0.601859 0.6175957 0.5063015 0.875714 0 0 0 1 0.4799175 -0.227029 0.8474296 -5.0975e-5 0.638314 0.7530162 -0.1597555 0.009459853 -0.6018591 0.6175957 0.5063015 0.8715384 0 0 0 1 0.4799175 -0.227029 0.8474296 -5.15588e-5 0.638314 0.7530162 -0.1597555 0.009458065 -0.6018591 0.6175957 0.5063015 0.867218 0 0 0 1 0.4799175 -0.227029 0.8474296 -5.22884e-5 0.638314 0.7530162 -0.1597555 0.0094558 -0.6018591 0.6175957 0.5063015 0.8627811 0 0 0 1 0.4799175 -0.227029 0.8474296 -5.31692e-5 0.638314 0.7530162 -0.1597555 0.009453058 -0.6018591 0.6175957 0.5063015 0.8582555 0 0 0 1 0.4799175 -0.227029 0.8474296 -5.42078e-5 0.638314 0.7530162 -0.1597555 0.009449839 -0.6018591 0.6175957 0.5063015 0.8536695 0 0 0 1 0.4799176 -0.227029 0.8474295 -5.5409e-5 0.638314 0.7530162 -0.1597554 0.009446084 -0.6018591 0.6175956 0.5063016 0.8490511 0 0 0 1 0.4799175 -0.227029 0.8474296 -5.67798e-5 0.638314 0.7530162 -0.1597555 0.009441852 -0.6018591 0.6175957 0.5063015 0.8444303 0 0 0 1 0.4799175 -0.227029 0.8474296 -5.83248e-5 0.638314 0.7530162 -0.1597555 0.009437084 -0.6018591 0.6175957 0.5063015 0.8398312 0 0 0 1 0.4799175 -0.227029 0.8474296 -6.00512e-5 0.638314 0.7530162 -0.1597555 0.009431719 -0.6018591 0.6175957 0.5063015 0.8352839 0 0 0 1 0.4799175 -0.227029 0.8474296 -6.19632e-5 0.638314 0.7530162 -0.1597555 0.009425818 -0.6018591 0.6175957 0.5063015 0.8308164 0 0 0 1 0.4799175 -0.227029 0.8474296 -6.40685e-5 0.638314 0.7530162 -0.1597555 0.009419262 -0.6018591 0.6175957 0.5063015 0.8264569 0 0 0 1 0.4799175 -0.227029 0.8474296 -6.63709e-5 0.638314 0.7530162 -0.1597555 0.009412169 -0.6018591 0.6175957 0.5063015 0.8222332 0 0 0 1 0.4799175 -0.227029 0.8474297 -6.88784e-5 0.6383141 0.7530162 -0.1597555 0.009404361 -0.6018592 0.6175957 0.5063015 0.8181738 0 0 0 1 0.4799175 -0.227029 0.8474296 -7.15945e-5 0.638314 0.7530162 -0.1597555 0.009395956 -0.6018591 0.6175957 0.5063015 0.8143079 0 0 0 1 0.4799176 -0.227029 0.8474296 -7.45274e-5 0.638314 0.7530162 -0.1597554 0.009386897 -0.601859 0.6175956 0.5063015 0.8106607 0 0 0 1 0.4799176 -0.227029 0.8474296 -7.76805e-5 0.638314 0.7530162 -0.1597555 0.009377121 -0.601859 0.6175956 0.5063016 0.8072615 0 0 0 1 0.4799175 -0.227029 0.8474296 -8.10623e-5 0.638314 0.7530162 -0.1597555 0.009366631 -0.6018591 0.6175957 0.5063015 0.8041388 0 0 0 1</float_array>
        <technique_common>
          <accessor source="#node-Bip01_matrix-output-array" count="61" stride="16">
            <param name="TRANSFORM" type="float4x4"/>
          </accessor>
        </technique_common>
      </source>
      <source id="node-Bip01_matrix-interpolation">
        <Name_array id="node-Bip01_matrix-interpolation-array" count="61">LINEAR LINEAR LINEAR LINEAR LINEAR LINEAR LINEAR LINEAR LINEAR LINEAR LINEAR LINEAR LINEAR LINEAR LINEAR LINEAR LINEAR LINEAR LINEAR LINEAR LINEAR LINEAR LINEAR LINEAR LINEAR LINEAR LINEAR LINEAR LINEAR LINEAR LINEAR LINEAR LINEAR LINEAR LINEAR LINEAR LINEAR LINEAR LINEAR LINEAR LINEAR LINEAR LINEAR LINEAR LINEAR LINEAR LINEAR LINEAR LINEAR LINEAR LINEAR LINEAR LINEAR LINEAR LINEAR LINEAR LINEAR LINEAR LINEAR LINEAR LINEAR</Name_array>
        <technique_common>
          <accessor source="#node-Bip01_matrix-interpolation-array" count="61" stride="1">
            <param name="INTERPOLATION" type="name"/>
          </accessor>
        </technique_common>
      </source>
      <source id="node-Bip01_Pelvis_matrix-input">
        <float_array id="node-Bip01_Pelvis_matrix-input-array" count="61">40.76667 40.8 40.83333 40.86666 40.9 40.93333 40.96667 41 41.03333 41.06667 41.1 41.13334 41.16667 41.2 41.23333 41.26667 41.3 41.33333 41.36666 41.4 41.43333 41.46667 41.5 41.53333 41.56667 41.6 41.63334 41.66667 41.7 41.73333 41.76667 41.8 41.83333 41.86666 41.9 41.93333 41.96667 42 42.03333 42.06667 42.1 42.13334 42.16667 42.2 42.23333 42.26667 42.3 42.33333 42.36666 42.4 42.43333 42.46667 42.5 42.53333 42.56667 42.6 42.63334 42.66667 42.7 42.73333 42.76667</float_array>
        <technique_common>
          <accessor source="#node-Bip01_Pelvis_matrix-input-array" count="61" stride="1">
            <param name="TIME" type="float"/>
          </accessor>
        </technique_common>
      </source>
      <source id="node-Bip01_Pelvis_matrix-output">
