<?xml version="1.0" encoding="utf-8"?>
<COLLADA xmlns="http://www.collada.org/2005/11/COLLADASchema" version="1.4.1">
  <asset>
    <contributor>
      <author>MattO</author>
      <authoring_tool>OpenCOLLADA for 3ds Max;  Version: 1.3.0;  Revision: 839M;  Platform: x64;  Configuration: Release_Max2012</authoring_tool>
      <source_data>file:///C:/Dropbox/Prj/GGStout/Turret/TP_Soldier_Turret_Animation_Master.max</source_data>
    </contributor>
    <created>2011-09-30T18:22:25</created>
    <modified>2011-09-30T18:22:25</modified>
    <unit name="meter" meter="1"/>
    <up_axis>Z_UP</up_axis>
  </asset>
  <library_effects>
    <effect id="ShapeBounds">
      <profile_COMMON>
        <technique sid="common">
          <blinn>
            <emission>
              <color>0 0 0 1</color>
            </emission>
            <ambient>
              <color>0.1647059 1 0 1</color>
            </ambient>
            <diffuse>
              <color>0.1647059 1 0 1</color>
            </diffuse>
            <specular>
              <color>0.9 0.9 0.9 1</color>
            </specular>
            <shininess>
              <float>10</float>
            </shininess>
            <reflective>
              <color>0 0 0 1</color>
            </reflective>
            <transparent opaque="A_ONE">
              <color>1 1 1 1</color>
            </transparent>
            <transparency>
              <float>1</float>
            </transparency>
          </blinn>
        </technique>
      </profile_COMMON>
      <extra>
        <technique profile="OpenCOLLADA3dsMax">
          <extended_shader>
            <apply_reflection_dimming>0</apply_reflection_dimming>
            <dim_level>0</dim_level>
            <falloff_type>0</falloff_type>
            <index_of_refraction>1.5</index_of_refraction>
            <opacity_type>0</opacity_type>
            <reflection_level>3</reflection_level>
            <wire_size>1</wire_size>
            <wire_units>0</wire_units>
          </extended_shader>
          <shader>
            <ambient_diffuse_lock>1</ambient_diffuse_lock>
            <ambient_diffuse_texture_lock>1</ambient_diffuse_texture_lock>
            <diffuse_specular_lock>0</diffuse_specular_lock>
            <soften>0.1</soften>
            <use_self_illum_color>0</use_self_illum_color>
          </shader>
        </technique>
      </extra>
    </effect>
  </library_effects>
  <library_materials>
    <material id="ShapeBounds-material" name="ShapeBounds">
      <instance_effect url="#ShapeBounds"/>
    </material>
  </library_materials>
  <library_geometries>
    <geometry id="geom-BOUNDS" name="BOUNDS">
      <mesh>
        <source id="geom-BOUNDS-positions">
          <float_array id="geom-BOUNDS-positions-array" count="24">-0.425 -0.425 0 0.425 -0.425 0 -0.425 0.425 0 0.425 0.425 0 -0.425 -0.425 1.84 0.425 -0.425 1.84 -0.425 0.425 1.84 0.425 0.425 1.84</float_array>
          <technique_common>
            <accessor source="#geom-BOUNDS-positions-array" count="8" stride="3">
              <param name="X" type="float"/>
              <param name="Y" type="float"/>
              <param name="Z" type="float"/>
            </accessor>
          </technique_common>
        </source>
        <source id="geom-BOUNDS-normals">
          <float_array id="geom-BOUNDS-normals-array" count="72">0 0 -1 0 0 -1 0 0 -1 0 0 -1 0 0 1 0 0 1 0 0 1 0 0 1 0 -1 0 0 -1 0 0 -1 0 0 -1 0 1 0 0 1 0 0 1 0 0 1 0 0 0 1 0 0 1 0 0 1 0 0 1 0 -1 0 0 -1 0 0 -1 0 0 -1 0 0</float_array>
          <technique_common>
            <accessor source="#geom-BOUNDS-normals-array" count="24" stride="3">
              <param name="X" type="float"/>
              <param name="Y" type="float"/>
              <param name="Z" type="float"/>
            </accessor>
          </technique_common>
        </source>
        <source id="geom-BOUNDS-map1">
          <float_array id="geom-BOUNDS-map1-array" count="36">0 0 0 1 0 0 0 1 0 1 1 0 0 0 0 1 0 0 0 1 0 1 1 0 0 0 0 1 0 0 0 1 0 1 1 0</float_array>
          <technique_common>
            <accessor source="#geom-BOUNDS-map1-array" count="12" stride="3">
              <param name="S" type="float"/>
              <param name="T" type="float"/>
              <param name="P" type="float"/>
            </accessor>
          </technique_common>
        </source>
        <vertices id="geom-BOUNDS-vertices">
          <input semantic="POSITION" source="#geom-BOUNDS-positions"/>
        </vertices>
        <triangles material="ShapeBounds" count="12">
          <input semantic="VERTEX" source="#geom-BOUNDS-vertices" offset="0"/>
          <input semantic="NORMAL" source="#geom-BOUNDS-normals" offset="1"/>
          <input semantic="TEXCOORD" source="#geom-BOUNDS-map1" offset="2" set="0"/>
          <p>0 0 9 2 1 11 3 2 10 3 2 10 1 3 8 0 0 9 4 4 8 5 5 9 7 6 11 7 6 11 6 7 10 4 4 8 0 8 4 1 9 5 5 10 7 5 10 7 4 11 6 0 8 4 1 12 0 3 13 1 7 14 3 7 14 3 5 15 2 1 12 0 3 16 4 2 17 5 6 18 7 6 18 7 7 19 6 3 16 4 2 20 0 0 21 1 4 22 3 4 22 3 6 23 2 2 20 0</p>
        </triangles>
      </mesh>
      <extra>
        <technique profile="OpenCOLLADA3dsMax">
          <max_box>
            <generateuvs>1</generateuvs>
            <height>1.84</height>
            <heightsegments>1</heightsegments>
            <length>0.85</length>
            <lengthsegments>1</lengthsegments>
            <width>0.85</width>
            <widthsegments>1</widthsegments>
          </max_box>
        </technique>
      </extra>
    </geometry>
  </library_geometries>
  <library_lights>
    <light id="EnvironmentAmbientLight" name="EnvironmentAmbientLight">
      <technique_common>
        <ambient>
          <color>0 0 0</color>
        </ambient>
      </technique_common>
    </light>
  </library_lights>
  <library_visual_scenes>
    <visual_scene id="MaxScene">
      <node name="EnvironmentAmbientLight">
        <instance_light url="#EnvironmentAmbientLight"/>
      </node>
      <node id="node-Bip01" name="Bip01">
        <matrix sid="matrix">0.4228698 -0.9061871 0.002467189 -8.10623e-5 0.8993582 0.4200137 0.1214221 0.009366653 -0.1110674 -0.04912684 0.9925979 0.91602 0 0 0 1</matrix>
        <node id="node-Bip01_Pelvis" name="Bip01_Pelvis">
          <matrix sid="matrix">0.1747649 0.9844435 0.01811776 0 0.2778893 -0.06696893 0.9582759 0 0.9445817 -0.1624383 -0.2852701 0 0 0 0 1</matrix>
          <node id="node-Bip01_Spine" name="Bip01_Spine">
            <matrix sid="matrix">0.9159111 0.2776415 0.2898664 0.192834 -0.2543144 0.9601319 -0.1160641 -0.006241783 -0.3105341 0.0325872 0.9500036 -0.05635962 0 0 0 1</matrix>
            <node id="node-Bip01_Spine1" name="Bip01_Spine1">
              <matrix>0.9768806 -0.1934979 -0.09090088 0.1022494 0.1920003 0.9810758 -0.02502527 -9.91151e-5 0.09402297 0.006993676 0.9955455 -7.10599e-7 0 0 0 1</matrix>
              <node id="node-Bip01_Spine2" name="Bip01_Spine2">
                <matrix>0.9832345 -0.1803838 0.02667584 0.126897 0.1810793 0.9831126 -0.02645707 -1.68398e-4 -0.0214529 0.03084391 0.999294 -5.27501e-6 0 0 0 1</matrix>
                <node id="node-Bip01_Neck" name="Bip01_Neck">
                  <matrix>0.9021776 -0.4308737 0.02058499 0.2151072 0.4312887 0.9018876 -0.02426411 -4.97699e-5 -0.008110616 0.03076867 0.9994935 -1.71363e-6 0 0 0 1</matrix>
                  <node id="node-Bip01_Head" name="Bip01_Head">
                    <matrix>0.8249741 0.5162329 -0.230046 0.07051802 -0.5614574 0.795171 -0.2290605 -0.01395917 0.06467739 0.3181301 0.9458385 -7.45058e-9 0 0 0 1</matrix>
                    <node id="node-ALTEYE" name="ALTEYE">
                      <matrix>0.4506336 0.3792479 0.8081465 0.0645467 0.04412807 0.8947044 -0.4444742 0.2214611 -0.8916175 0.2359568 0.3864483 0.04716266 0 0 0 1</matrix>
                    </node>
                  </node>
                  <node id="node-Bip01_L_Clavicle" name="Bip01_L_Clavicle">
                    <matrix>-0.5354222 -0.4308191 0.7264419 -0.02496207 0.2255765 -0.9018174 -0.3685654 -0.01206505 0.8139033 -0.03346983 0.5800359 0.06855244 0 0 0 1</matrix>
                    <node id="node-Bip01_L_UpperArm" name="Bip01_L_UpperArm">
                      <matrix sid="matrix">-0.3853677 0.7290514 0.5656641 0.1824006 -0.9069406 -0.4122815 -0.08650229 5.96046e-8 0.1701483 -0.5463589 0.8200864 1.19209e-7 0 0 0 1</matrix>
                      <node id="node-Bip01_L_Forearm" name="Bip01_L_Forearm">
                        <matrix sid="matrix">0.8299875 0.5577822 -2.91038e-8 0.284369 -0.5577821 0.8299876 0 0 -4.47035e-8 -2.98023e-8 1 0 0 0 0 1</matrix>
                        <node id="node-Bip01_L_Hand" name="Bip01_L_Hand">
                          <matrix sid="matrix">0.7834369 -0.2463238 0.5705709 0.2810681 -0.3785237 0.5390227 0.7524455 0 -0.4928961 -0.8054683 0.3290509 0 0 0 0 1</matrix>
                          <node id="node-Bip01_L_Finger0" name="Bip01_L_Finger0">
                            <matrix>0.5215106 0.269013 0.8097276 0.02119684 0.7250717 0.3605264 -0.5867637 -0.004734278 -0.4497752 0.8931141 -0.007035479 -0.02572185 0 0 0 1</matrix>
                            <node id="node-Bip01_L_Finger01" name="Bip01_L_Finger01">
                              <matrix>0.6423535 -0.7636237 -0.06527568 0.04982856 0.7605615 0.6456373 -0.06854743 2.98023e-8 0.09448887 -0.005614489 0.9955101 -1.19209e-7 0 0 0 1</matrix>
                              <node id="node-Bip01_L_Finger02" name="Bip01_L_Finger02">
                                <matrix>0.9505157 -0.3106765 -1.49012e-8 0.05202234 0.3106765 0.9505157 -1.49012e-8 -5.96046e-8 2.98023e-8 -3.35276e-8 1 1.19209e-7 0 0 0 1</matrix>
                              </node>
                            </node>
                          </node>
                          <node id="node-Bip01_L_Finger1" name="Bip01_L_Finger1">
                            <matrix>0.6408503 -0.7640203 0.0747267 0.1199946 0.7674398 0.6352568 -0.08651491 -0.008367658 0.01862848 0.1127913 0.993444 -0.04101387 0 0 0 1</matrix>
                            <node id="node-Bip01_L_Finger11" name="Bip01_L_Finger11">
                              <matrix>0.8240547 -0.5665102 3.72529e-9 0.03644174 0.5665103 0.8240546 0 -1.19209e-7 -1.49012e-8 -1.49012e-8 0.9999999 5.96046e-8 0 0 0 1</matrix>
                              <node id="node-Bip01_L_Finger12" name="Bip01_L_Finger12">
                                <matrix>0.8146398 -0.5796778 -0.0183183 0.03117549 0.5799672 0.8142334 0.0257305 1.19209e-7 7.45058e-9 -0.03158512 0.999501 -2.98023e-8 0 0 0 1</matrix>
                              </node>
                            </node>
                          </node>
                          <node id="node-Bip01_L_Finger2" name="Bip01_L_Finger2">
                            <matrix>0.6754013 -0.7374504 1.52096e-4 0.1229538 0.7368314 0.6748427 0.04082684 -0.008802056 -0.0302104 -0.02746241 0.9991662 -0.01328242 0 0 0 1</matrix>
                            <node id="node-Bip01_L_Finger21" name="Bip01_L_Finger21">
                              <matrix>0.5508358 -0.8338857 0.03484872 0.0389552 0.8322219 0.551937 0.05265063 -1.19209e-7 -0.0631389 3.72529e-8 0.9980047 -5.96046e-8 0 0 0 1</matrix>
                              <node id="node-Bip01_L_Finger22" name="Bip01_L_Finger22">
                                <matrix>0.1984735 -0.9799247 -0.01886612 0.03800547 0.9755273 0.1993681 -0.09272985 5.96046e-8 0.09462958 -1.49012e-8 0.9955126 1.78814e-7 0 0 0 1</matrix>
                              </node>
                            </node>
                          </node>
                          <node id="node-Bip01_L_Finger3" name="Bip01_L_Finger3">
                            <matrix>0.7159053 -0.6949217 -0.06755456 0.1211883 0.6883787 0.6863562 0.234627 -0.001191497 -0.1166809 -0.2144739 0.9697351 0.01196873 0 0 0 1</matrix>
                            <node id="node-Bip01_L_Finger31" name="Bip01_L_Finger31">
                              <matrix>0.4441953 -0.8949345 -0.04222348 0.03155846 0.8909185 0.4461976 -0.0846872 0 0.09462959 -1.49012e-8 0.9955125 0 0 0 0 1</matrix>
                              <node id="node-Bip01_L_Finger32" name="Bip01_L_Finger32">
                                <matrix>0.1993681 -0.9794357 0.03095102 0.03366601 0.9799246 0.1992685 -0.006297052 0 4.47035e-8 0.03158507 0.999501 -5.96046e-8 0 0 0 1</matrix>
                              </node>
                            </node>
                          </node>
                          <node id="node-Bip01_L_Finger4" name="Bip01_L_Finger4">
                            <matrix>0.5925789 -0.789795 0.1583476 0.1136798 0.7783523 0.6120423 0.1399001 0.005147338 -0.2074079 0.04034831 0.9774221 0.0388658 0 0 0 1</matrix>
                            <node id="node-Bip01_L_Finger41" name="Bip01_L_Finger41">
                              <matrix>0.4202555 -0.9064696 -0.04120623 0.03661621 0.906853 0.421151 -0.0157878 -1.19209e-7 0.03166521 -0.03073311 0.9990259 5.96046e-8 0 0 0 1</matrix>
                              <node id="node-Bip01_L_Finger42" name="Bip01_L_Finger42">
                                <matrix>0.402447 -0.9138246 0.05441484 0.01772642 0.915423 0.4021218 -0.01728319 -2.98023e-8 -0.006087579 0.05676815 0.9983687 2.98023e-8 0 0 0 1</matrix>
                              </node>
                            </node>
                          </node>
                        </node>
                      </node>
                    </node>
                  </node>
                  <node id="node-Bip01_R_Clavicle" name="Bip01_R_Clavicle">
                    <matrix>-0.07751399 -0.3624381 -0.9287788 -0.02385318 0.5681535 -0.7815726 0.2575766 -0.01627064 -0.8192639 -0.5077232 0.2665033 -0.06807299 0 0 0 1</matrix>
                    <node id="node-Bip01_R_UpperArm" name="Bip01_R_UpperArm">
                      <matrix>0.7005728 -0.04837948 -0.7119392 0.1824007 -0.646073 0.3805889 -0.6616209 0 0.302965 0.9234781 0.2353735 0 0 0 0 1</matrix>
                      <node id="node-Bip01_R_Forearm" name="Bip01_R_Forearm">
                        <matrix>-0.1981755 0.9801664 2.23517e-8 0.2843689 -0.9801666 -0.1981755 -4.47035e-8 0 3.72529e-8 -2.98023e-8 0.9999999 -2.98023e-8 0 0 0 1</matrix>
                        <node id="node-Bip01_R_Hand" name="Bip01_R_Hand">
                          <matrix>0.8251114 -0.2495067 -0.5068902 0.2810681 -0.5635474 -0.2998421 -0.7697462 0 0.0400698 0.920783 -0.3880119 0 0 0 0 1</matrix>
                          <node id="node-Bip01_R_Finger0" name="Bip01_R_Finger0">
                            <matrix>0.5215105 0.269013 -0.8097274 0.02119672 0.7250715 0.3605264 0.5867639 -0.004734218 0.4497753 -0.893114 -0.007035509 0.02572191 0 0 0 1</matrix>
                            <node id="node-Bip01_R_Finger01" name="Bip01_R_Finger01">
                              <matrix>0.6423535 -0.7636237 0.06527567 0.0498285 0.7605615 0.6456373 0.06854741 2.98023e-8 -0.09448889 0.00561446 0.99551 0 0 0 0 1</matrix>
                              <node id="node-Bip01_R_Finger02" name="Bip01_R_Finger02">
                                <matrix>0.9505159 -0.3106765 2.98023e-8 0.05202234 0.3106765 0.9505158 2.98023e-8 5.96046e-8 5.96046e-8 2.98023e-8 1 0 0 0 0 1</matrix>
                              </node>
                            </node>
                          </node>
                          <node id="node-Bip01_R_Finger1" name="Bip01_R_Finger1">
                            <matrix>0.9820225 -0.1733427 -0.07472672 0.1199946 0.1795577 0.9799356 0.08651493 -0.008367538 0.05823065 -0.09837735 0.993444 0.04101387 0 0 0 1</matrix>
                            <node id="node-Bip01_R_Finger11" name="Bip01_R_Finger11">
                              <matrix>0.8240546 -0.5665102 7.45058e-9 0.03644192 0.5665103 0.8240547 -1.49012e-8 0 3.72529e-9 1.49012e-8 1 5.96046e-8 0 0 0 1</matrix>
                              <node id="node-Bip01_R_Finger12" name="Bip01_R_Finger12">
                                <matrix>0.8146399 -0.5796779 0.01831835 0.03117543 0.5799672 0.8142335 -0.02573049 -1.19209e-7 1.86265e-8 0.03158513 0.9995012 -5.96046e-8 0 0 0 1</matrix>
                              </node>
                            </node>
                          </node>
                          <node id="node-Bip01_R_Finger2" name="Bip01_R_Finger2">
                            <matrix>0.6754012 -0.7374504 -1.52111e-4 0.1229539 0.7368314 0.6748427 -0.04082684 -0.008802056 0.03021044 0.02746239 0.9991662 0.01328245 0 0 0 1</matrix>
                            <node id="node-Bip01_R_Finger21" name="Bip01_R_Finger21">
                              <matrix>0.5508358 -0.8338858 -0.0348487 0.03895521 0.832222 0.5519371 -0.05265062 -1.19209e-7 0.0631389 -1.49012e-8 0.9980047 0 0 0 0 1</matrix>
                              <node id="node-Bip01_R_Finger22" name="Bip01_R_Finger22">
                                <matrix>0.1984735 -0.9799247 0.01886613 0.03800535 0.9755273 0.1993681 0.09272987 1.19209e-7 -0.09462959 1.49012e-8 0.9955127 -5.96046e-8 0 0 0 1</matrix>
                              </node>
                            </node>
                          </node>
                          <node id="node-Bip01_R_Finger3" name="Bip01_R_Finger3">
                            <matrix>0.7159052 -0.6949215 0.06755453 0.1211882 0.6883786 0.6863562 -0.234627 -0.001191258 0.1166809 0.2144738 0.9697353 -0.0119687 0 0 0 1</matrix>
                            <node id="node-Bip01_R_Finger31" name="Bip01_R_Finger31">
                              <matrix>0.4441952 -0.8949344 0.0422235 0.03155839 0.8909185 0.4461975 0.08468728 0 -0.09462961 1.49012e-8 0.9955125 2.98023e-8 0 0 0 1</matrix>
                              <node id="node-Bip01_R_Finger32" name="Bip01_R_Finger32">
                                <matrix>0.1993681 -0.9794357 -0.03095102 0.03366596 0.9799247 0.1992686 0.006297097 0 -2.98023e-8 -0.0315851 0.9995011 -2.98023e-8 0 0 0 1</matrix>
                              </node>
                            </node>
                          </node>
                          <node id="node-Bip01_R_Finger4" name="Bip01_R_Finger4">
                            <matrix>0.592579 -0.7897949 -0.1583476 0.1136796 0.7783521 0.6120424 -0.1399001 0.005147457 0.2074078 -0.04034827 0.9774221 -0.03886577 0 0 0 1</matrix>
                            <node id="node-Bip01_R_Finger41" name="Bip01_R_Finger41">
                              <matrix>0.4202555 -0.9064698 0.04120621 0.03661624 0.9068531 0.421151 0.01578783 -1.19209e-7 -0.03166525 0.03073305 0.999026 2.98023e-8 0 0 0 1</matrix>
                              <node id="node-Bip01_R_Finger42" name="Bip01_R_Finger42">
                                <matrix>0.402447 -0.9138246 -0.05441486 0.01772642 0.9154231 0.4021218 0.01728313 0 0.006087597 -0.05676817 0.9983689 -2.98023e-8 0 0 0 1</matrix>
                              </node>
                            </node>
                          </node>
                          <node id="node-MOUNT0" name="MOUNT0">
                            <matrix>-5.06639e-7 1 -1.04308e-7 0.1095392 -0.9999998 -5.21541e-7 4.63799e-7 0.02518266 4.76837e-7 1.3411e-7 0.9999997 0.01321673 0 0 0 1</matrix>
                          </node>
                        </node>
                      </node>
                    </node>
                  </node>
                </node>
                <node id="node-Bip01_L_Pauldron_Upper" name="Bip01_L_Pauldron_Upper">
                  <matrix>0.7291967 -0.2773261 0.62559 0.1769029 -0.550475 -0.7808024 0.2955091 -0.03908372 0.4065098 -0.5598563 -0.7220195 0.2290197 0 0 0 1</matrix>
                </node>
                <node id="node-Bip01_R_Pauldron_Lower" name="Bip01_R_Pauldron_Lower">
                  <matrix>-0.2772102 -0.9060032 -0.319866 0.1729062 0.8560929 -0.3840441 0.345856 -0.1133294 -0.4361891 -0.17796 0.882083 -0.2351094 0 0 0 1</matrix>
                </node>
                <node id="node-Bip01_L_Pauldron_Lower" name="Bip01_L_Pauldron_Lower">
                  <matrix>-0.3015725 -0.9289848 0.2145741 0.1529202 0.6634325 -0.3660938 -0.6525587 -0.1054225 0.6847709 -0.05443842 0.7267221 0.2344799 0 0 0 1</matrix>
                </node>
              </node>
            </node>
            <node id="node-Bip01_L_Thigh" name="Bip01_L_Thigh">
              <matrix sid="matrix">-0.9955305 0.08668056 -0.03748988 -0.2352968 0.04235908 0.7646302 0.6430758 -0.04155465 0.08440804 0.6386136 -0.7648845 0.1180339 0 0 0 1</matrix>
              <node id="node-Bip01_L_Calf" name="Bip01_L_Calf">
                <matrix sid="matrix">0.6778142 0.7352336 -3.72529e-9 0.4629989 -0.7352334 0.6778141 3.39933e-8 0 4.65661e-8 1.86265e-9 1 1.49012e-8 0 0 0 1</matrix>
                <node id="node-Bip01_L_Foot" name="Bip01_L_Foot">
                  <matrix sid="matrix">0.8790583 0.476573 -0.01161099 0.3610501 -0.4757281 0.8785453 0.04290602 -1.49012e-8 0.03064859 -0.03219329 0.9990116 -2.98023e-8 0 0 0 1</matrix>
                  <node id="node-Bip01_L_Toe0" name="Bip01_L_Toe0">
                    <matrix>4.76837e-7 -1 1.38022e-6 0.1486306 0.9999999 5.06639e-7 1.86265e-8 0.1543275 -2.23517e-8 1.39512e-6 0.9999999 7.45058e-9 0 0 0 1</matrix>
                  </node>
                </node>
              </node>
            </node>
            <node id="node-Bip01_R_Thigh" name="Bip01_R_Thigh">
              <matrix sid="matrix">-0.5831779 0.8092701 0.07060603 -0.1561185 0.7965493 0.5526183 0.2451983 -0.04986373 0.1594135 0.1992354 -0.9668987 -0.1241912 0 0 0 1</matrix>
              <node id="node-Bip01_R_Calf" name="Bip01_R_Calf">
                <matrix sid="matrix">-0.3497469 0.9368445 -7.45058e-9 0.4629988 -0.9368443 -0.3497471 0 0 2.23517e-8 -1.49012e-8 1 0 0 0 0 1</matrix>
                <node id="node-Bip01_R_Foot" name="Bip01_R_Foot">
                  <matrix sid="matrix">0.888584 0.4383277 -0.1352312 0.3610501 -0.4156693 0.8940977 0.1667577 2.98023e-8 0.1940044 -0.09196673 0.9766802 -1.49012e-8 0 0 0 1</matrix>
                  <node id="node-Bip01_R_Toe0" name="Bip01_R_Toe0">
                    <matrix>-0.2644268 -0.9539026 0.1419446 0.1486307 0.9630895 -0.2535028 0.09052612 0.1543275 -0.05036974 0.1606429 0.9857266 4.47035e-8 0 0 0 1</matrix>
                  </node>
                </node>
              </node>
            </node>
          </node>
          <node id="node-Bip01_FannyPack" name="Bip01_FannyPack">
            <matrix sid="matrix">-0.832209 -0.4771122 0.2824754 0.2028494 -0.4932148 0.8697605 0.0159853 -0.1504242 -0.2533126 -0.1260174 -0.9591413 -0.008565187 0 0 0 1</matrix>
          </node>
        </node>
        <node id="node-EYE" name="EYE">
          <matrix sid="matrix">0.4228699 0.8993578 -0.1110674 0.013957 -0.9061871 0.4200136 -0.04912665 0.004083507 0.002467193 0.1214217 0.9925974 0.6608973 0 0 0 1</matrix>
          <node id="node-CAM" name="CAM">
            <matrix>1 -6.03104e-8 1.42109e-14 4.86616e-8 6.03104e-8 1 -2.32831e-9 -0.104 0 2.32831e-9 1 0.30056 0 0 0 1</matrix>
          </node>
        </node>
      </node>
      <node id="node-BOUNDS" name="BOUNDS">
        <matrix>0.9999914 0.001706907 0.00375048 0 -0.001711356 0.9999977 0.001183292 0.1035326 -0.003748452 -0.0011897 0.9999922 -8.93474e-5 0 0 0 1</matrix>
        <instance_geometry url="#geom-BOUNDS">
          <bind_material>
            <technique_common>
              <instance_material symbol="ShapeBounds" target="#ShapeBounds-material"/>
            </technique_common>
          </bind_material>
        </instance_geometry>
      </node>
    </visual_scene>
  </library_visual_scenes>
  <library_animations>
    <animation>
      <source id="node-Bip01_matrix-input">
        <float_array id="node-Bip01_matrix-input-array" count="31">6 6.033333 6.066667 6.1 6.133333 6.166667 6.2 6.233333 6.266667 6.3 6.333333 6.366667 6.4 6.433333 6.466667 6.5 6.533333 6.566667 6.6 6.633333 6.666667 6.7 6.733333 6.766667 6.8 6.833333 6.866667 6.9 6.933333 6.966667 7</float_array>
        <technique_common>
          <accessor source="#node-Bip01_matrix-input-array" count="31" stride="1">
            <param name="TIME" type="float"/>
          </accessor>
        </technique_common>
      </source>
      <source id="node-Bip01_matrix-output">
        <float_array id="node-Bip01_matrix-output-array" count="496">0.4228698 -0.9061871 0.002467155 -8.10623e-5 0.8993582 0.4200137 0.1214221 0.009366631 -0.1110674 -0.0491268 0.9925979 0.91602 0 0 0 1 0.4228722 -0.906186 0.002446115 -8.10623e-5 0.8993582 0.4200137 0.1214221 0.009366631 -0.1110584 -0.04914605 0.9925979 0.91602 0 0 0 1 0.4228743 -0.9061851 0.002427875 -8.10623e-5 0.8993581 0.4200138 0.1214221 0.009366631 -0.1110506 -0.04916268 0.992598 0.91602 0 0 0 1 0.422876 -0.9061843 0.002412378 -8.10623e-5 0.8993582 0.4200137 0.1214221 0.009366631 -0.111044 -0.04917681 0.9925981 0.91602 0 0 0 1 0.4228774 -0.9061837 0.002399444 -8.10623e-5 0.8993582 0.4200137 0.1214221 0.009366631 -0.1110385 -0.04918867 0.9925981 0.91602 0 0 0 1 0.4228786 -0.9061831 0.002388894 -8.10623e-5 0.8993582 0.4200138 0.1214221 0.009366631 -0.111034 -0.04919826 0.9925981 0.91602 0 0 0 1 0.4228796 -0.9061827 0.002380609 -8.10623e-5 0.8993581 0.4200139 0.1214221 0.009366631 -0.1110305 -0.04920583 0.9925981 0.91602 0 0 0 1 0.4228802 -0.9061824 0.00237441 -8.10623e-5 0.8993582 0.4200138 0.121422 0.009366631 -0.1110278 -0.0492115 0.9925981 0.91602 0 0 0 1 0.4228807 -0.9061822 0.002370178 -8.10623e-5 0.8993581 0.4200138 0.1214221 0.009366631 -0.111026 -0.04921537 0.9925981 0.91602 0 0 0 1 0.422881 -0.9061822 0.002367794 -8.10623e-5 0.8993582 0.4200137 0.1214221 0.009366631 -0.111025 -0.04921758 0.9925981 0.91602 0 0 0 1 0.422881 -0.9061821 0.00236696 -8.10623e-5 0.8993582 0.4200137 0.1214221 0.009366631 -0.1110247 -0.04921829 0.9925981 0.91602 0 0 0 1 0.422881 -0.9061822 0.002367734 -8.10623e-5 0.8993582 0.4200137 0.1214221 0.009366631 -0.111025 -0.04921764 0.9925981 0.91602 0 0 0 1 0.4228808 -0.9061822 0.002369761 -8.10623e-5 0.8993582 0.4200138 0.1214221 0.009366631 -0.1110259 -0.04921573 0.9925981 0.91602 0 0 0 1 0.4228804 -0.9061824 0.002373039 -8.10623e-5 0.8993582 0.4200137 0.1214221 0.009366631 -0.1110273 -0.04921269 0.9925981 0.91602 0 0 0 1 0.4228799 -0.9061826 0.00237739 -8.10623e-5 0.8993581 0.4200138 0.1214221 0.009366631 -0.1110291 -0.04920876 0.9925981 0.91602 0 0 0 1 0.4228792 -0.9061829 0.002382636 -8.10623e-5 0.8993582 0.4200137 0.1214221 0.009366631 -0.1110313 -0.04920399 0.9925981 0.91602 0 0 0 1 0.4228787 -0.9061831 0.002388656 -8.10623e-5 0.8993582 0.4200138 0.1214221 0.009366631 -0.1110339 -0.0491985 0.9925981 0.91602 0 0 0 1 0.4228779 -0.9061836 0.002395212 -8.10623e-5 0.8993582 0.4200137 0.1214221 0.009366631 -0.1110367 -0.04919254 0.9925981 0.91602 0 0 0 1 0.4228771 -0.9061838 0.002402245 -8.10623e-5 0.8993581 0.4200137 0.1214221 0.009366631 -0.1110397 -0.04918611 0.9925981 0.91602 0 0 0 1 0.4228763 -0.9061843 0.002409577 -8.10623e-5 0.8993582 0.4200137 0.1214221 0.009366631 -0.1110428 -0.04917937 0.9925981 0.91602 0 0 0 1 0.4228754 -0.9061846 0.002417087 -8.10623e-5 0.8993582 0.4200137 0.1214221 0.009366631 -0.111046 -0.04917258 0.992598 0.91602 0 0 0 1 0.4228746 -0.9061849 0.002424538 -8.10623e-5 0.8993582 0.4200138 0.1214221 0.009366631 -0.1110492 -0.04916572 0.992598 0.91602 0 0 0 1 0.4228738 -0.9061853 0.002431929 -8.10623e-5 0.8993582 0.4200138 0.1214221 0.009366631 -0.1110523 -0.04915904 0.992598 0.91602 0 0 0 1 0.4228731 -0.9061856 0.002438962 -8.10623e-5 0.8993581 0.4200139 0.121422 0.009366631 -0.1110553 -0.04915261 0.992598 0.91602 0 0 0 1 0.4228723 -0.906186 0.002445518 -8.10623e-5 0.8993582 0.4200138 0.1214221 0.009366631 -0.1110581 -0.04914659 0.9925979 0.91602 0 0 0 1 0.4228717 -0.9061862 0.002451539 -8.10623e-5 0.8993581 0.4200139 0.121422 0.009366631 -0.1110606 -0.0491411 0.9925979 0.91602 0 0 0 1 0.4228711 -0.9061865 0.002456724 -8.10623e-5 0.8993581 0.4200138 0.1214221 0.009366631 -0.1110629 -0.04913634 0.9925979 0.91602 0 0 0 1 0.4228704 -0.9061868 0.002461075 -8.10623e-5 0.8993582 0.4200136 0.1214221 0.009366631 -0.1110647 -0.04913234 0.9925979 0.91602 0 0 0 1 0.4228702 -0.9061869 0.002464354 -8.10623e-5 0.8993581 0.4200137 0.1214221 0.009366631 -0.1110662 -0.04912936 0.9925979 0.91602 0 0 0 1 0.4228699 -0.9061871 0.00246644 -8.10623e-5 0.8993582 0.4200137 0.1214221 0.009366631 -0.111067 -0.04912745 0.9925979 0.91602 0 0 0 1 0.4228698 -0.9061871 0.002467155 -8.10623e-5 0.8993582 0.4200137 0.1214221 0.009366631 -0.1110674 -0.0491268 0.9925979 0.91602 0 0 0 1</float_array>
        <technique_common>
          <accessor source="#node-Bip01_matrix-output-array" count="31" stride="16">
            <param name="TRANSFORM" type="float4x4"/>
          </accessor>
        </technique_common>
      </source>
      <source id="node-Bip01_matrix-interpolation">
        <Name_array id="node-Bip01_matrix-interpolation-array" count="31">LINEAR LINEAR LINEAR LINEAR LINEAR LINEAR LINEAR LINEAR LINEAR LINEAR LINEAR LINEAR LINEAR LINEAR LINEAR LINEAR LINEAR LINEAR LINEAR LINEAR LINEAR LINEAR LINEAR LINEAR LINEAR LINEAR LINEAR LINEAR LINEAR LINEAR LINEAR</Name_array>
        <technique_common>
          <accessor source="#node-Bip01_matrix-interpolation-array" count="31" stride="1">
            <param name="INTERPOLATION" type="name"/>
          </accessor>
        </technique_common>
      </source>
      <source id="node-Bip01_Pelvis_matrix-input">
        <float_array id="node-Bip01_Pelvis_matrix-input-array" count="31">6 6.033333 6.066667 6.1 6.133333 6.166667 6.2 6.233333 6.266667 6.3 6.333333 6.366667 6.4 6.433333 6.466667 6.5 6.533333 6.566667 6.6 6.633333 6.666667 6.7 6.733333 6.766667 6.8 6.833333 6.866667 6.9 6.933333 6.966667 7</float_array>
        <technique_common>
          <accessor source="#node-Bip01_Pelvis_matrix-input-array" count="31" stride="1">
            <param name="TIME" type="float"/>
          </accessor>
        </technique_common>
      </source>
      <source id="node-Bip01_Pelvis_matrix-output">
        <float_array id="node-Bip01_Pelvis_matrix-output-array" count="496">0.1747649 0.9844436 0.01811772 0 0.2778893 -0.06696891 0.9582759 0 0.9445818 -0.1624383 -0.2852701 0 0 0 0 1 0.1837744 0.9828993 -0.01165288 0 0.2790477 -0.04079961 0.9594103 0 0.9425282 -0.1795668 -0.2817737 0 0 0 0 1 0.1975271 0.9790895 -0.04864817 0 0.2830119 -0.009442925 0.95907 0 0.938556 -0.2032103 -0.2789592 0 0 0 0 1 0.2137437 0.9726681 -0.09072369 0 0.2887695 0.02580994 0.9570507 0 0.933234 -0.2307618 -0.2753601 0 0 0 0 1 0.2302619 0.9636238 -0.1356782 0 0.2951644 0.0636968 0.9533209 0 0.927285 -0.2595609 -0.2697606 0 0 0 0 1 0.2451035 0.9523974 -0.1812834 0 0.3008621 0.1030345 0.9480855 0 0.9216325 -0.2869204 -0.2612861 0 0 0 0 1 0.2565089 0.939904 -0.2253528 0 0.3043391 0.1427519 0.9418066 0 0.9173772 -0.3101654 -0.2494323 0 0 0 0 1 0.2629225 0.9274772 -0.2658159 0 0.3038904 0.1818777 0.9351851 0 0.9157087 -0.32666 -0.2340316 0 0 0 0 1 0.2629238 0.9167332 -0.3007849 0 0.2976479 0.2194771 0.9291047 0 0.9177563 -0.3338118 -0.2151579 0 0 0 0 1 0.2550978 0.9093708 -0.3285878 0 0.2836105 0.2545131 0.9245475 0 0.9243864 -0.3290408 -0.1929813 0 0 0 0 1 0.230302 0.908016 -0.3499543 0 0.2504361 0.2922042 0.9229835 0 0.9403419 -0.3002062 -0.1601048 0 0 0 0 1 0.186424 0.911247 -0.3672533 0 0.1938411 0.3323435 0.923024 0 0.9631572 -0.2432626 -0.1146803 0 0 0 0 1 0.13222 0.9150716 -0.3810013 0 0.1236683 0.3661437 0.9223042 0 0.9834756 -0.1690649 -0.06475377 0 0 0 0 1 0.07641923 0.9174601 -0.3904196 0 0.05183374 0.3873796 0.9204621 0 0.9957276 -0.0905779 -0.01795214 0 0 0 0 1 0.02766966 0.9190433 -0.3931844 0 -0.008417367 0.3935353 0.9192709 0 0.9995818 -0.02212631 0.0186249 0 0 0 0 1 -0.005489885 0.9225638 -0.3858055 0 -0.04379582 0.3852193 0.9217852 0 0.9990255 0.02195715 0.0382896 0 0 0 0 1 -0.02628618 0.9301423 -0.3662573 0 -0.05695247 0.3643953 0.9295012 0 0.9980308 0.04529231 0.04339534 0 0 0 0 1 -0.04360216 0.9406474 -0.3365728 0 -0.05983096 0.3338298 0.9407327 0 0.9972559 0.06115543 0.04172408 0 0 0 0 1 -0.05700629 0.9525222 -0.2990847 0 -0.05385118 0.2962022 0.9536059 0 0.9969204 0.07046765 0.03440904 0 0 0 0 1 -0.06600165 0.9643281 -0.2563498 0 -0.04063892 0.254099 0.9663241 0 0.9969918 0.07419675 0.02241832 0 0 0 0 1 -0.07019007 0.9749246 -0.211176 0 -0.02197384 0.2101357 0.9774252 0 0.9972916 0.07324588 0.006673395 0 0 0 0 1 -0.06939685 0.9835814 -0.1665891 0 2.77091e-4 0.1670107 0.9859552 0 0.9975891 0.068376 -0.01186251 0 0 0 0 1 -0.06374555 0.9900118 -0.125751 0 0.02423983 0.1275061 0.9915416 0 0.9976719 0.06015813 -0.03212565 0 0 0 0 1 -0.05367702 0.994324 -0.09186184 0 0.04811728 0.09446322 0.9943649 0 0.9973984 0.04895436 -0.05291467 0 0 0 0 1 -0.03473263 0.9973238 -0.06433624 0 0.07626348 0.06683224 0.9948455 0 0.9964827 0.02964711 -0.07838064 0 0 0 0 1 -0.004458785 0.9991552 -0.04085689 0 0.1116182 0.0410993 0.992901 0 0.9937412 -1.33239e-4 -0.1117072 0 0 0 0 1 0.03323638 0.9992091 -0.02183634 0 0.1505348 0.0165944 0.9884655 0 0.9880459 -0.03614014 -0.1498641 0 0 0 0 1 0.07420796 0.9972162 -0.007273554 0 0.1895995 -0.006947636 0.981837 0 0.9790533 -0.07423919 -0.1895872 0 0 0 0 1 0.1142158 0.9934501 0.003396451 0 0.225674 -0.0292747 0.9737629 0 0.9674844 -0.1104527 -0.2275394 0 0 0 0 1 0.1490783 0.9887607 0.01132309 0 0.2559412 -0.04964476 0.9654167 0 0.9551281 -0.1410246 -0.2604655 0 0 0 0 1 0.1747649 0.9844436 0.01811772 0 0.2778893 -0.06696891 0.9582759 0 0.9445818 -0.1624382 -0.2852701 0 0 0 0 1</float_array>
        <technique_common>
          <accessor source="#node-Bip01_Pelvis_matrix-output-array" count="31" stride="16">
            <param name="TRANSFORM" type="float4x4"/>
          </accessor>
        </technique_common>
      </source>
      <source id="node-Bip01_Pelvis_matrix-interpolation">
        <Name_array id="node-Bip01_Pelvis_matrix-interpolation-array" count="31">LINEAR LINEAR LINEAR LINEAR LINEAR LINEAR LINEAR LINEAR LINEAR LINEAR LINEAR LINEAR LINEAR LINEAR LINEAR LINEAR LINEAR LINEAR LINEAR LINEAR LINEAR LINEAR LINEAR LINEAR LINEAR LINEAR LINEAR LINEAR LINEAR LINEAR LINEAR</Name_array>
        <technique_common>
          <accessor source="#node-Bip01_Pelvis_matrix-interpolation-array" count="31" stride="1">
            <param name="INTERPOLATION" type="name"/>
          </accessor>
        </technique_common>
      </source>
      <source id="node-Bip01_Spine_matrix-input">
        <float_array id="node-Bip01_Spine_matrix-input-array" count="31">6 6.033333 6.066667 6.1 6.133333 6.166667 6.2 6.233333 6.266667 6.3 6.333333 6.366667 6.4 6.433333 6.466667 6.5 6.533333 6.566667 6.6 6.633333 6.666667 6.7 6.733333 6.766667 6.8 6.833333 6.866667 6.9 6.933333 6.966667 7</float_array>
        <technique_common>
          <accessor source="#node-Bip01_Spine_matrix-input-array" count="31" stride="1">
            <param name="TIME" type="float"/>
          </accessor>
        </technique_common>
      </source>
      <source id="node-Bip01_Spine_matrix-output">
        <float_array id="node-Bip01_Spine_matrix-output-array" count="496">0.9159111 0.2776415 0.2898663 0.1928339 -0.2543144 0.960132 -0.1160641 -0.006241738 -0.3105341 0.03258717 0.9500036 -0.05635958 0 0 0 1 0.9129733 0.2864516 0.2905608 0.1926636 -0.271891 0.9580889 -0.09022814 -0.00969547 -0.304229 0.003374993 0.952593 -0.05645292 0 0 0 1 0.9075984 0.2999154 0.2937959 0.1922373 -0.2958681 0.9533897 -0.05924779 -0.01450741 -0.2978713 -0.03315162 0.9540302 -0.05687385 0 0 0 1 0.9005976 0.3157773 0.2986785 0.1916072 -0.3235847 0.9458861 -0.02433961 -0.02016723 -0.2902017 -0.07472753 0.9540434 -0.05727326 0 0 0 1 0.8929271 0.3319062 0.30417 0.1908602 -0.3523597 0.9357701 0.01329356 -0.02614527 -0.2802209 -0.1190475 0.9525249 -0.05735045 0 0 0 1 0.8857308 0.3463663 0.3090493 0.1901276 -0.3795307 0.923688 0.05250823 -0.03189432 -0.2672781 -0.1638019 0.9495954 -0.05687206 0 0 0 1 0.8803123 0.3574473 0.3119006 0.1895827 -0.402496 0.9107618 0.09224992 -0.03685736 -0.2510926 -0.2067474 0.9456258 -0.05567973 0 0 0 1 0.8780485 0.3636428 0.3111189 0.1894204 -0.4187353 0.8985306 0.1315438 -0.04047363 -0.2317148 -0.2457782 0.9412234 -0.053685 0 0 0 1 0.8802484 0.3635675 0.3049288 0.1898283 -0.4257995 0.8888114 0.1694375 -0.04218375 -0.2094222 -0.2789857 0.9371815 -0.05085247 0 0 0 1 0.8879616 0.3558102 0.2914164 0.1909416 -0.4212579 0.8834984 0.2048723 -0.04142862 -0.1845701 -0.3046802 0.9344003 -0.04717171 0 0 0 1 0.9070793 0.331241 0.2597811 0.1934627 -0.3934169 0.8866096 0.243201 -0.03571975 -0.1497662 -0.322805 0.9345409 -0.04118841 0 0 0 1 0.9354633 0.2873308 0.2057896 0.1968443 -0.3381097 0.8971149 0.2843706 -0.02428877 -0.1029085 -0.3355978 0.9363675 -0.03259712 0 0 0 1 0.9627062 0.2323129 0.1386631 0.1994545 -0.2655258 0.9096047 0.3195553 -0.009404361 -0.05189174 -0.3444565 0.937367 -0.0230146 0 0 0 1 0.9821193 0.1748514 0.06977647 0.2004153 -0.1882091 0.9205285 0.3423516 0.006296575 -0.00437051 -0.3493627 0.9369773 -0.01393979 0 0 0 1 0.9921981 0.1240972 0.01194912 0.1998899 -0.1204085 0.9290136 0.3499076 0.01997679 0.03232163 -0.3486166 0.936708 -0.006725549 0 0 0 1 0.9957458 0.08951288 -0.02185672 0.1988992 -0.0766645 0.9364238 0.3423936 0.02885335 0.05111581 -0.3392614 0.9393025 -0.002611815 0 0 0 1 0.9970931 0.0681585 -0.03405296 0.1981492 -0.05362981 0.9453043 0.3217505 0.0337038 0.05412048 -0.318989 0.9462118 -0.001075863 0 0 0 1 0.9980577 0.05073899 -0.03614115 0.1975352 -0.03805738 0.9559412 0.2910813 0.03714323 0.04931801 -0.2891405 0.9560155 -6.21231e-4 0 0 0 1 0.9988541 0.03764218 -0.02955472 0.1971128 -0.02895104 0.9669929 0.2531536 0.03931379 0.03810846 -0.2520079 0.9669746 -0.00108397 0 0 0 1 0.9994439 0.02928739 -0.01594096 0.1968884 -0.02527701 0.9772373 0.2106387 0.04037022 0.02174717 -0.2101187 0.977434 -0.002339065 0 0 0 1 0.9996585 0.02597475 0.002900362 0.196837 -0.02609544 0.9857432 0.166221 0.04046213 0.001458466 -0.1662399 0.9860843 -0.004277408 0 0 0 1 0.9992994 0.02777314 0.02509182 0.1969171 -0.03064924 0.9919772 0.1226455 0.03972166 -0.02148425 -0.1233286 0.9921332 -0.006787419 0 0 0 1 0.9982159 0.03445667 0.04876279 0.1970835 -0.03841507 0.9958325 0.08271652 0.03825515 -0.04570943 -0.08444213 0.9953794 -0.009741067 0 0 0 1 0.9963567 0.0454939 0.07213598 0.197296 -0.04911708 0.9975769 0.04927432 0.03613746 -0.06971949 -0.05263793 0.9961769 -0.01298373 0 0 0 1 0.9928959 0.06548237 0.09934663 0.1976162 -0.06789737 0.9974688 0.02112257 0.03237038 -0.09771198 -0.02771782 0.9948287 -0.01732718 0 0 0 1 0.9863443 0.0968765 0.1331913 0.1978731 -0.0970363 0.9952667 -0.005306363 0.02648568 -0.1330749 -0.007690548 0.9910761 -0.02334409 0 0 0 1 0.9760489 0.1355202 0.1701849 0.1977386 -0.1322324 0.9907475 -0.03056102 0.01931321 -0.1727519 0.007325053 0.9849382 -0.03044176 0 0 0 1 0.9621545 0.1771085 0.2071031 0.1970341 -0.1693391 0.9840331 -0.05480462 0.01166963 -0.2135027 0.01765984 0.9767829 -0.0379697 0 0 0 1 0.9458667 0.2173567 0.241024 0.1957905 -0.2044309 0.9757915 -0.07771164 0.004354655 -0.2520804 0.02423208 0.9674029 -0.04524815 0 0 0 1 0.92944 0.2521564 0.2693668 0.1942535 -0.2338717 0.9672653 -0.09849935 -0.001860857 -0.2853864 0.02855193 0.9579871 -0.05159789 0 0 0 1 0.9159111 0.2776414 0.2898663 0.1928339 -0.2543144 0.960132 -0.1160641 -0.006241738 -0.3105341 0.03258717 0.9500036 -0.05635958 0 0 0 1</float_array>
        <technique_common>
          <accessor source="#node-Bip01_Spine_matrix-output-array" count="31" stride="16">
            <param name="TRANSFORM" type="float4x4"/>
          </accessor>
        </technique_common>
      </source>
      <source id="node-Bip01_Spine_matrix-interpolation">
        <Name_array id="node-Bip01_Spine_matrix-interpolation-array" count="31">LINEAR LINEAR LINEAR LINEAR LINEAR LINEAR LINEAR LINEAR LINEAR LINEAR LINEAR LINEAR LINEAR LINEAR LINEAR LINEAR LINEAR LINEAR LINEAR LINEAR LINEAR LINEAR LINEAR LINEAR LINEAR LINEAR LINEAR LINEAR LINEAR LINEAR LINEAR</Name_array>
        <technique_common>
          <accessor source="#node-Bip01_Spine_matrix-interpolation-array" count="31" stride="1">
