<?xml version="1.0" encoding="utf-8"?>
<COLLADA xmlns="http://www.collada.org/2005/11/COLLADASchema" version="1.4.1">
  <asset>
    <contributor>
      <author>MattO</author>
      <authoring_tool>OpenCOLLADA for 3ds Max;  Version: 1.3.0;  Revision: 839M;  Platform: x64;  Configuration: Release_Max2012</authoring_tool>
      <source_data>file:///C:/Dropbox/Prj/GGStout/Turret/TP_Soldier_Turret_Animation_Master.max</source_data>
    </contributor>
    <created>2011-09-30T18:22:26</created>
    <modified>2011-09-30T18:22:26</modified>
    <unit name="meter" meter="1"/>
    <up_axis>Z_UP</up_axis>
  </asset>
  <library_effects>
    <effect id="ShapeBounds">
      <profile_COMMON>
        <technique sid="common">
          <blinn>
            <emission>
              <color>0 0 0 1</color>
            </emission>
            <ambient>
              <color>0.1647059 1 0 1</color>
            </ambient>
            <diffuse>
              <color>0.1647059 1 0 1</color>
            </diffuse>
            <specular>
              <color>0.9 0.9 0.9 1</color>
            </specular>
            <shininess>
              <float>10</float>
            </shininess>
            <reflective>
              <color>0 0 0 1</color>
            </reflective>
            <transparent opaque="A_ONE">
              <color>1 1 1 1</color>
            </transparent>
            <transparency>
              <float>1</float>
            </transparency>
          </blinn>
        </technique>
      </profile_COMMON>
      <extra>
        <technique profile="OpenCOLLADA3dsMax">
          <extended_shader>
            <apply_reflection_dimming>0</apply_reflection_dimming>
            <dim_level>0</dim_level>
            <falloff_type>0</falloff_type>
            <index_of_refraction>1.5</index_of_refraction>
            <opacity_type>0</opacity_type>
            <reflection_level>3</reflection_level>
            <wire_size>1</wire_size>
            <wire_units>0</wire_units>
          </extended_shader>
          <shader>
            <ambient_diffuse_lock>1</ambient_diffuse_lock>
            <ambient_diffuse_texture_lock>1</ambient_diffuse_texture_lock>
            <diffuse_specular_lock>0</diffuse_specular_lock>
            <soften>0.1</soften>
            <use_self_illum_color>0</use_self_illum_color>
          </shader>
        </technique>
      </extra>
    </effect>
  </library_effects>
  <library_materials>
    <material id="ShapeBounds-material" name="ShapeBounds">
      <instance_effect url="#ShapeBounds"/>
    </material>
  </library_materials>
  <library_geometries>
    <geometry id="geom-BOUNDS" name="BOUNDS">
      <mesh>
        <source id="geom-BOUNDS-positions">
          <float_array id="geom-BOUNDS-positions-array" count="24">-0.425 -0.425 0 0.425 -0.425 0 -0.425 0.425 0 0.425 0.425 0 -0.425 -0.425 1.84 0.425 -0.425 1.84 -0.425 0.425 1.84 0.425 0.425 1.84</float_array>
          <technique_common>
            <accessor source="#geom-BOUNDS-positions-array" count="8" stride="3">
              <param name="X" type="float"/>
              <param name="Y" type="float"/>
              <param name="Z" type="float"/>
            </accessor>
          </technique_common>
        </source>
        <source id="geom-BOUNDS-normals">
          <float_array id="geom-BOUNDS-normals-array" count="72">0 0 -1 0 0 -1 0 0 -1 0 0 -1 0 0 1 0 0 1 0 0 1 0 0 1 0 -1 0 0 -1 0 0 -1 0 0 -1 0 1 0 0 1 0 0 1 0 0 1 0 0 0 1 0 0 1 0 0 1 0 0 1 0 -1 0 0 -1 0 0 -1 0 0 -1 0 0</float_array>
          <technique_common>
            <accessor source="#geom-BOUNDS-normals-array" count="24" stride="3">
              <param name="X" type="float"/>
              <param name="Y" type="float"/>
              <param name="Z" type="float"/>
            </accessor>
          </technique_common>
        </source>
        <source id="geom-BOUNDS-map1">
          <float_array id="geom-BOUNDS-map1-array" count="36">0 0 0 1 0 0 0 1 0 1 1 0 0 0 0 1 0 0 0 1 0 1 1 0 0 0 0 1 0 0 0 1 0 1 1 0</float_array>
          <technique_common>
            <accessor source="#geom-BOUNDS-map1-array" count="12" stride="3">
              <param name="S" type="float"/>
              <param name="T" type="float"/>
              <param name="P" type="float"/>
            </accessor>
          </technique_common>
        </source>
        <vertices id="geom-BOUNDS-vertices">
          <input semantic="POSITION" source="#geom-BOUNDS-positions"/>
        </vertices>
        <triangles material="ShapeBounds" count="12">
          <input semantic="VERTEX" source="#geom-BOUNDS-vertices" offset="0"/>
          <input semantic="NORMAL" source="#geom-BOUNDS-normals" offset="1"/>
          <input semantic="TEXCOORD" source="#geom-BOUNDS-map1" offset="2" set="0"/>
          <p>0 0 9 2 1 11 3 2 10 3 2 10 1 3 8 0 0 9 4 4 8 5 5 9 7 6 11 7 6 11 6 7 10 4 4 8 0 8 4 1 9 5 5 10 7 5 10 7 4 11 6 0 8 4 1 12 0 3 13 1 7 14 3 7 14 3 5 15 2 1 12 0 3 16 4 2 17 5 6 18 7 6 18 7 7 19 6 3 16 4 2 20 0 0 21 1 4 22 3 4 22 3 6 23 2 2 20 0</p>
        </triangles>
      </mesh>
      <extra>
        <technique profile="OpenCOLLADA3dsMax">
          <max_box>
            <generateuvs>1</generateuvs>
            <height>1.84</height>
            <heightsegments>1</heightsegments>
            <length>0.85</length>
            <lengthsegments>1</lengthsegments>
            <width>0.85</width>
            <widthsegments>1</widthsegments>
          </max_box>
        </technique>
      </extra>
    </geometry>
  </library_geometries>
  <library_lights>
    <light id="EnvironmentAmbientLight" name="EnvironmentAmbientLight">
      <technique_common>
        <ambient>
          <color>0 0 0</color>
        </ambient>
      </technique_common>
    </light>
  </library_lights>
  <library_visual_scenes>
    <visual_scene id="MaxScene">
      <node name="EnvironmentAmbientLight">
        <instance_light url="#EnvironmentAmbientLight"/>
      </node>
      <node id="node-Bip01" name="Bip01">
        <matrix sid="matrix">0.4244882 -0.9049935 -0.02822367 -8.10623e-5 0.9000815 0.4183898 0.1216697 0.009366653 -0.0983018 -0.07705095 0.9921693 0.802803 0 0 0 1</matrix>
        <node id="node-Bip01_Pelvis" name="Bip01_Pelvis">
          <matrix sid="matrix">-0.01269591 0.9889003 0.1480378 0 -0.1336858 -0.1483992 0.9798499 0 0.9909424 -0.007350445 0.134086 0 0 0 0 1</matrix>
          <node id="node-Bip01_Spine" name="Bip01_Spine">
            <matrix sid="matrix">0.9907333 0.07760132 -0.1114696 0.1970979 -0.09830262 0.9760167 -0.1942369 0.02477634 0.09372312 0.2033948 0.9746007 0.03063977 0 0 0 1</matrix>
            <node id="node-Bip01_Spine1" name="Bip01_Spine1">
              <matrix sid="matrix">0.9768806 -0.1934979 -0.09090085 0.1022493 0.1920002 0.9810757 -0.02502527 -9.91225e-5 0.09402297 0.006993661 0.9955454 -7.15256e-7 0 0 0 1</matrix>
              <node id="node-Bip01_Spine2" name="Bip01_Spine2">
                <matrix sid="matrix">0.9832344 -0.1803839 0.02667583 0.126897 0.1810793 0.9831125 -0.02645702 -1.68398e-4 -0.02145293 0.03084391 0.9992937 -5.27501e-6 0 0 0 1</matrix>
                <node id="node-Bip01_Neck" name="Bip01_Neck">
                  <matrix sid="matrix">0.9021776 -0.4308735 0.02058497 0.215107 0.4312888 0.9018877 -0.02426412 -4.96507e-5 -0.00811056 0.03076863 0.9994936 -1.69873e-6 0 0 0 1</matrix>
                  <node id="node-Bip01_Head" name="Bip01_Head">
                    <matrix sid="matrix">0.824974 0.5162327 -0.2300459 0.07051814 -0.5614573 0.7951709 -0.2290604 -0.01395917 0.06467731 0.31813 0.9458383 3.72529e-9 0 0 0 1</matrix>
                    <node id="node-ALTEYE" name="ALTEYE">
                      <matrix>0.4506335 0.379248 0.8081465 0.06454682 0.04412809 0.8947044 -0.4444742 0.2214611 -0.8916176 0.2359567 0.3864483 0.04716266 0 0 0 1</matrix>
                    </node>
                  </node>
                  <node id="node-Bip01_L_Clavicle" name="Bip01_L_Clavicle">
                    <matrix sid="matrix">-0.5354185 -0.4308191 0.7264444 -0.02496195 0.2255803 -0.9018174 -0.3685627 -0.01206523 0.8139043 -0.03346387 0.5800342 0.06855243 0 0 0 1</matrix>
                    <node id="node-Bip01_L_UpperArm" name="Bip01_L_UpperArm">
                      <matrix sid="matrix">-0.3564695 0.7607449 0.5423994 0.1824007 -0.9235407 -0.3747835 -0.08130436 0 0.1414305 -0.5299103 0.8361775 1.19209e-7 0 0 0 1</matrix>
                      <node id="node-Bip01_L_Forearm" name="Bip01_L_Forearm">
                        <matrix sid="matrix">0.7779757 0.6282944 4.65661e-9 0.284369 -0.6282942 0.7779757 0 0 -2.98023e-8 4.47035e-8 0.9999999 0 0 0 0 1</matrix>
                        <node id="node-Bip01_L_Hand" name="Bip01_L_Hand">
                          <matrix sid="matrix">0.8421885 -0.1375892 0.5213326 0.2810679 -0.3500941 0.5958075 0.7228051 5.96046e-8 -0.4100642 -0.7912537 0.453613 5.96046e-8 0 0 0 1</matrix>
                          <node id="node-Bip01_L_Finger0" name="Bip01_L_Finger0">
                            <matrix>0.5215105 0.269013 0.8097275 0.02119696 0.7250716 0.3605264 -0.5867638 -0.004734397 -0.4497752 0.893114 -0.007035494 -0.02572197 0 0 0 1</matrix>
                            <node id="node-Bip01_L_Finger01" name="Bip01_L_Finger01">
                              <matrix>0.6423535 -0.7636237 -0.06527569 0.04982856 0.7605614 0.6456372 -0.06854743 8.9407e-8 0.09448881 -0.005614508 0.99551 0 0 0 0 1</matrix>
                              <node id="node-Bip01_L_Finger02" name="Bip01_L_Finger02">
                                <matrix>0.9505158 -0.3106765 0 0.05202237 0.3106765 0.9505158 3.72529e-9 0 1.49012e-8 -2.79397e-9 1 1.19209e-7 0 0 0 1</matrix>
                              </node>
                            </node>
                          </node>
                          <node id="node-Bip01_L_Finger1" name="Bip01_L_Finger1">
                            <matrix>0.6408502 -0.7640201 0.07472671 0.1199948 0.7674398 0.6352569 -0.08651489 -0.008367538 0.01862847 0.1127913 0.993444 -0.0410139 0 0 0 1</matrix>
                            <node id="node-Bip01_L_Finger11" name="Bip01_L_Finger11">
                              <matrix>0.8240548 -0.5665104 -5.58794e-9 0.03644177 0.5665102 0.8240548 -3.72529e-9 0 5.58794e-9 1.86265e-9 1 5.96046e-8 0 0 0 1</matrix>
                              <node id="node-Bip01_L_Finger12" name="Bip01_L_Finger12">
                                <matrix>0.8146398 -0.579678 -0.01831833 0.03117549 0.5799673 0.8142334 0.02573049 0 7.45058e-9 -0.03158511 0.999501 0 0 0 0 1</matrix>
                              </node>
                            </node>
                          </node>
                          <node id="node-Bip01_L_Finger2" name="Bip01_L_Finger2">
                            <matrix>0.6754013 -0.7374504 1.52126e-4 0.1229539 0.7368314 0.6748428 0.04082684 -0.008802056 -0.03021042 -0.02746239 0.9991662 -0.01328248 0 0 0 1</matrix>
                            <node id="node-Bip01_L_Finger21" name="Bip01_L_Finger21">
                              <matrix>0.5508357 -0.8338858 0.0348487 0.03895518 0.8322221 0.551937 0.05265062 0 -0.06313889 2.23517e-8 0.9980047 8.9407e-8 0 0 0 1</matrix>
                              <node id="node-Bip01_L_Finger22" name="Bip01_L_Finger22">
                                <matrix>0.1984735 -0.9799248 -0.01886614 0.03800523 0.9755272 0.1993681 -0.09272983 -1.19209e-7 0.09462958 2.98023e-8 0.9955126 -8.9407e-8 0 0 0 1</matrix>
                              </node>
                            </node>
                          </node>
                          <node id="node-Bip01_L_Finger3" name="Bip01_L_Finger3">
                            <matrix>0.7159052 -0.6949216 -0.06755453 0.1211882 0.6883786 0.6863562 0.234627 -0.001191258 -0.1166809 -0.2144738 0.9697352 0.01196861 0 0 0 1</matrix>
                            <node id="node-Bip01_L_Finger31" name="Bip01_L_Finger31">
                              <matrix>0.4441953 -0.8949346 -0.04222351 0.03155843 0.8909185 0.4461976 -0.08468732 0 0.0946296 -2.98023e-8 0.9955127 -5.96046e-8 0 0 0 1</matrix>
                              <node id="node-Bip01_L_Finger32" name="Bip01_L_Finger32">
                                <matrix>0.1993681 -0.9794358 0.03095108 0.03366601 0.9799248 0.1992685 -0.006297067 0 1.49012e-8 0.03158508 0.999501 0 0 0 0 1</matrix>
                              </node>
                            </node>
                          </node>
                          <node id="node-Bip01_L_Finger4" name="Bip01_L_Finger4">
                            <matrix>0.5925791 -0.7897949 0.1583476 0.1136798 0.7783522 0.6120424 0.1399001 0.005147338 -0.2074078 0.0403483 0.9774221 0.03886569 0 0 0 1</matrix>
                            <node id="node-Bip01_L_Finger41" name="Bip01_L_Finger41">
                              <matrix>0.4202555 -0.9064697 -0.04120622 0.03661621 0.9068531 0.4211511 -0.01578782 1.19209e-7 0.03166521 -0.03073306 0.9990259 8.9407e-8 0 0 0 1</matrix>
                              <node id="node-Bip01_L_Finger42" name="Bip01_L_Finger42">
                                <matrix>0.402447 -0.9138246 0.05441485 0.0177263 0.9154231 0.4021218 -0.01728316 5.96046e-8 -0.006087631 0.05676817 0.9983689 -5.96046e-8 0 0 0 1</matrix>
                              </node>
                            </node>
                          </node>
                        </node>
                      </node>
                    </node>
                  </node>
                  <node id="node-Bip01_R_Clavicle" name="Bip01_R_Clavicle">
                    <matrix sid="matrix">-0.07751407 -0.362438 -0.9287786 -0.02385306 0.5681534 -0.7815726 0.2575766 -0.01627076 -0.8192637 -0.5077231 0.2665034 -0.06807297 0 0 0 1</matrix>
                    <node id="node-Bip01_R_UpperArm" name="Bip01_R_UpperArm">
                      <matrix sid="matrix">0.7005727 -0.04837936 -0.7119392 0.1824007 -0.646073 0.3805888 -0.6616208 0 0.3029649 0.9234781 0.2353735 -1.19209e-7 0 0 0 1</matrix>
                      <node id="node-Bip01_R_Forearm" name="Bip01_R_Forearm">
                        <matrix sid="matrix">-0.1981755 0.9801665 1.49012e-8 0.284369 -0.9801666 -0.1981754 3.72529e-8 0 -2.98023e-8 -6.70552e-8 1 0 0 0 0 1</matrix>
                        <node id="node-Bip01_R_Hand" name="Bip01_R_Hand">
                          <matrix sid="matrix">0.8251113 -0.2495067 -0.5068905 0.2810678 -0.5635476 -0.2998419 -0.769746 5.96046e-8 0.04006974 0.9207829 -0.3880118 -2.98023e-8 0 0 0 1</matrix>
                          <node id="node-Bip01_R_Finger0" name="Bip01_R_Finger0">
                            <matrix sid="matrix">0.5215105 0.269013 -0.8097275 0.02119684 0.7250714 0.3605264 0.5867638 -0.004734278 0.4497753 -0.893114 -0.007035494 0.02572194 0 0 0 1</matrix>
                            <node id="node-Bip01_R_Finger01" name="Bip01_R_Finger01">
                              <matrix sid="matrix">0.6423535 -0.7636237 0.06527573 0.04982856 0.7605616 0.6456372 0.06854744 0 -0.09448883 0.00561446 0.99551 -1.19209e-7 0 0 0 1</matrix>
                              <node id="node-Bip01_R_Finger02" name="Bip01_R_Finger02">
                                <matrix sid="matrix">0.9505157 -0.3106765 0 0.0520224 0.3106765 0.9505156 -2.98023e-8 8.9407e-8 0 2.98023e-8 0.9999999 1.19209e-7 0 0 0 1</matrix>
                              </node>
                            </node>
                          </node>
                          <node id="node-Bip01_R_Finger1" name="Bip01_R_Finger1">
                            <matrix sid="matrix">0.9820225 -0.1733428 -0.07472671 0.1199948 0.1795577 0.9799357 0.0865149 -0.008367598 0.05823065 -0.09837729 0.993444 0.0410139 0 0 0 1</matrix>
                            <node id="node-Bip01_R_Finger11" name="Bip01_R_Finger11">
                              <matrix sid="matrix">0.8240546 -0.5665101 -1.49012e-8 0.03644156 0.5665101 0.8240546 5.58794e-9 0 0 -2.23517e-8 0.9999999 -2.98023e-8 0 0 0 1</matrix>
                              <node id="node-Bip01_R_Finger12" name="Bip01_R_Finger12">
                                <matrix sid="matrix">0.8146399 -0.5796778 0.01831833 0.03117549 0.5799672 0.8142334 -0.02573049 -1.19209e-7 1.31549e-8 0.03158512 0.9995012 2.98023e-8 0 0 0 1</matrix>
                              </node>
                            </node>
                          </node>
                          <node id="node-Bip01_R_Finger2" name="Bip01_R_Finger2">
                            <matrix sid="matrix">0.6754012 -0.7374505 -1.52126e-4 0.1229539 0.7368314 0.6748426 -0.04082685 -0.008801997 0.03021042 0.02746241 0.9991662 0.01328245 0 0 0 1</matrix>
                            <node id="node-Bip01_R_Finger21" name="Bip01_R_Finger21">
                              <matrix sid="matrix">0.5508358 -0.8338857 -0.03484872 0.03895521 0.8322218 0.5519371 -0.05265062 -1.19209e-7 0.0631389 -1.49012e-8 0.9980047 0 0 0 0 1</matrix>
                              <node id="node-Bip01_R_Finger22" name="Bip01_R_Finger22">
                                <matrix sid="matrix">0.1984734 -0.9799246 0.01886612 0.03800535 0.9755272 0.199368 0.09272982 -1.19209e-7 -0.09462953 1.49012e-8 0.9955123 -2.98023e-8 0 0 0 1</matrix>
                              </node>
                            </node>
                          </node>
                          <node id="node-Bip01_R_Finger3" name="Bip01_R_Finger3">
                            <matrix sid="matrix">0.7159052 -0.6949216 0.06755452 0.1211883 0.6883785 0.6863561 -0.234627 -0.001191258 0.1166809 0.2144738 0.9697353 -0.01196861 0 0 0 1</matrix>
                            <node id="node-Bip01_R_Finger31" name="Bip01_R_Finger31">
                              <matrix sid="matrix">0.4441952 -0.8949344 0.04222351 0.03155845 0.8909185 0.4461975 0.08468723 -1.19209e-7 -0.09462958 2.98023e-8 0.9955124 2.98023e-8 0 0 0 1</matrix>
                              <node id="node-Bip01_R_Finger32" name="Bip01_R_Finger32">
                                <matrix sid="matrix">0.1993679 -0.979436 -0.03095103 0.03366596 0.9799249 0.1992685 0.006297082 0 -4.47035e-8 -0.03158513 0.9995011 -5.96046e-8 0 0 0 1</matrix>
                              </node>
                            </node>
                          </node>
                          <node id="node-Bip01_R_Finger4" name="Bip01_R_Finger4">
                            <matrix sid="matrix">0.5925789 -0.7897949 -0.1583476 0.1136799 0.7783521 0.6120422 -0.1399001 0.005147398 0.2074078 -0.04034828 0.977422 -0.03886572 0 0 0 1</matrix>
                            <node id="node-Bip01_R_Finger41" name="Bip01_R_Finger41">
                              <matrix sid="matrix">0.4202555 -0.9064697 0.04120623 0.03661621 0.9068531 0.421151 0.01578784 1.19209e-7 -0.03166524 0.03073304 0.999026 0 0 0 0 1</matrix>
                              <node id="node-Bip01_R_Finger42" name="Bip01_R_Finger42">
                                <matrix sid="matrix">0.4024471 -0.9138246 -0.05441485 0.0177263 0.9154231 0.4021219 0.01728318 1.19209e-7 0.006087612 -0.05676818 0.998369 0 0 0 0 1</matrix>
                              </node>
                            </node>
                          </node>
                          <node id="node-MOUNT0" name="MOUNT0">
                            <matrix>-7.59959e-7 1 -1.49012e-7 0.1095392 -0.9999998 -7.59959e-7 4.58211e-7 0.0251826 5.01052e-7 1.04308e-7 0.9999997 0.01321676 0 0 0 1</matrix>
                          </node>
                        </node>
                      </node>
                    </node>
                  </node>
                </node>
                <node id="node-Bip01_L_Pauldron_Upper" name="Bip01_L_Pauldron_Upper">
                  <matrix>0.7291977 -0.2773269 0.6255887 0.1769028 -0.5504724 -0.7808059 0.2955049 -0.03908372 0.4065117 -0.5598509 -0.7220226 0.2290198 0 0 0 1</matrix>
                </node>
                <node id="node-Bip01_R_Pauldron_Lower" name="Bip01_R_Pauldron_Lower">
                  <matrix>-0.1156732 -0.940376 -0.3198657 0.172906 0.9097752 -0.2295507 0.3458562 -0.1133294 -0.39866 -0.2509995 0.8820829 -0.2351095 0 0 0 1</matrix>
                </node>
                <node id="node-Bip01_L_Pauldron_Lower" name="Bip01_L_Pauldron_Lower">
                  <matrix>-0.209997 -0.7687199 0.6041286 0.1529202 0.4002344 -0.6313508 -0.6642355 -0.1054225 0.892028 0.1023056 0.4402497 0.2344799 0 0 0 1</matrix>
                </node>
              </node>
            </node>
            <node id="node-Bip01_L_Thigh" name="Bip01_L_Thigh">
              <matrix sid="matrix">-0.9364502 0.337742 -0.09482253 -0.1837593 0.2111747 0.7585796 0.6164105 -0.01977895 0.2801182 0.5572137 -0.7816947 0.1211697 0 0 0 1</matrix>
              <node id="node-Bip01_L_Calf" name="Bip01_L_Calf">
                <matrix sid="matrix">0.5720931 0.8201886 0 0.4629987 -0.8201885 0.572093 -5.58794e-9 -2.98023e-8 8.56817e-8 -1.11759e-8 1 0 0 0 0 1</matrix>
                <node id="node-Bip01_L_Foot" name="Bip01_L_Foot">
                  <matrix sid="matrix">0.2167659 0.9676109 -0.1293893 0.3610501 -0.9634784 0.2333955 0.1312847 7.45058e-9 0.1572314 0.09620565 0.9828646 1.49012e-8 0 0 0 1</matrix>
                  <node id="node-Bip01_L_Toe0" name="Bip01_L_Toe0">
                    <matrix sid="matrix">0.3975549 -0.9175785 1.41468e-6 0.1486307 0.9175785 0.3975549 1.49012e-8 0.1543275 -5.90459e-7 1.29454e-6 1 -7.45058e-9 0 0 0 1</matrix>
                  </node>
                </node>
              </node>
            </node>
            <node id="node-Bip01_R_Thigh" name="Bip01_R_Thigh">
              <matrix sid="matrix">-0.9990597 -0.02277318 0.03689053 -0.2076558 -0.01698704 0.9885114 0.1501869 -0.0716394 -0.03988695 0.1494189 -0.9879691 -0.127327 0 0 0 1</matrix>
              <node id="node-Bip01_R_Calf" name="Bip01_R_Calf">
                <matrix sid="matrix">0.9509203 0.3094354 0 0.4629987 -0.3094354 0.9509205 -7.68341e-9 7.45058e-9 0 0 0.9999999 1.49012e-8 0 0 0 1</matrix>
                <node id="node-Bip01_R_Foot" name="Bip01_R_Foot">
                  <matrix sid="matrix">0.8475958 0.5099732 -0.1466589 0.3610501 -0.4691071 0.8493038 0.2421192 0 0.2480323 -0.1364205 0.959098 -2.98023e-8 0 0 0 1</matrix>
                  <node id="node-Bip01_R_Toe0" name="Bip01_R_Toe0">
                    <matrix sid="matrix">-0.3535261 -0.9303038 0.0977453 0.1486307 0.9346515 -0.3555475 -0.003513977 0.1543275 0.03802216 0.09011553 0.9952053 0 0 0 0 1</matrix>
                  </node>
                </node>
              </node>
            </node>
          </node>
          <node id="node-Bip01_FannyPack" name="Bip01_FannyPack">
            <matrix>-0.9629917 -0.2062316 0.1735378 0.2299505 -0.2083318 0.9780381 0.006226598 -0.1378937 -0.1710107 -0.03015664 -0.9848076 0.01013959 0 0 0 1</matrix>
          </node>
        </node>
        <node id="node-EYE" name="EYE">
          <matrix sid="matrix">0.4244882 0.9000809 -0.09830179 0.01125406 -0.9049934 0.4183895 -0.07705076 -0.02305834 -0.02822369 0.1216695 0.9921687 0.772853 0 0 0 1</matrix>
          <node id="node-CAM" name="CAM">
            <matrix>1 -6.03104e-8 1.42109e-14 4.84288e-8 6.03104e-8 1 -2.32831e-9 -0.104 0 2.32831e-9 1 0.30056 0 0 0 1</matrix>
          </node>
        </node>
      </node>
      <node id="node-BOUNDS" name="BOUNDS">
        <matrix>0.9999915 0.001706907 0.003750479 0 -0.001711356 0.9999978 0.001183292 0.1035326 -0.003748451 -0.0011897 0.9999923 -8.93474e-5 0 0 0 1</matrix>
        <instance_geometry url="#geom-BOUNDS">
          <bind_material>
            <technique_common>
              <instance_material symbol="ShapeBounds" target="#ShapeBounds-material"/>
            </technique_common>
          </bind_material>
        </instance_geometry>
      </node>
    </visual_scene>
  </library_visual_scenes>
  <library_animations>
    <animation>
      <source id="node-Bip01_matrix-input">
        <float_array id="node-Bip01_matrix-input-array" count="61">28.66667 28.7 28.73333 28.76667 28.8 28.83333 28.86667 28.9 28.93333 28.96667 29 29.03333 29.06667 29.1 29.13333 29.16667 29.2 29.23333 29.26667 29.3 29.33333 29.36667 29.4 29.43333 29.46667 29.5 29.53333 29.56667 29.6 29.63333 29.66667 29.7 29.73333 29.76667 29.8 29.83333 29.86667 29.9 29.93333 29.96667 30 30.03333 30.06667 30.1 30.13333 30.16667 30.2 30.23333 30.26667 30.3 30.33333 30.36667 30.4 30.43333 30.46667 30.5 30.53333 30.56667 30.6 30.63333 30.66667</float_array>
        <technique_common>
          <accessor source="#node-Bip01_matrix-input-array" count="61" stride="1">
            <param name="TIME" type="float"/>
          </accessor>
        </technique_common>
      </source>
      <source id="node-Bip01_matrix-output">
        <float_array id="node-Bip01_matrix-output-array" count="976">0.4244883 -0.9049935 -0.02822363 -8.10623e-5 0.9000815 0.4183898 0.1216697 0.009366631 -0.09830176 -0.07705092 0.9921693 0.802803 0 0 0 1 0.4221043 -0.9063892 -0.01693063 -8.10623e-5 0.9006305 0.4171459 0.1218771 0.009366631 -0.1034056 -0.06669312 0.9924008 0.8021352 0 0 0 1 0.4200603 -0.9074655 -0.00746411 -8.10623e-5 0.9010872 0.4161039 0.1220629 0.009366631 -0.107662 -0.05799961 0.9924943 0.8023579 0 0 0 1 0.4191171 -0.9079267 -0.003159642 -8.10623e-5 0.9012939 0.4156302 0.1221508 0.009366631 -0.1095908 -0.05404329 0.9925065 0.8041388 0 0 0 1 0.4189831 -0.9079903 -0.002568662 -8.10623e-5 0.9013238 0.4155613 0.1221646 0.009366631 -0.1098568 -0.05350011 0.9925065 0.8070508 0 0 0 1 0.4188503 -0.9080531 -0.002020537 -8.10623e-5 0.9013551 0.4154889 0.1221804 0.009366631 -0.1101067 -0.05299651 0.9925059 0.8102062 0 0 0 1 0.4187191 -0.9081146 -0.001513481 -8.10623e-5 0.9013873 0.4154137 0.122198 0.009366631 -0.1103411 -0.05253088 0.9925046 0.8135821 0 0 0 1 0.4185897 -0.9081749 -0.001046836 -8.10623e-5 0.9014207 0.4153357 0.1222174 0.009366631 -0.11056 -0.05210262 0.9925028 0.8171561 0 0 0 1 0.4184622 -0.9082341 -6.19009e-4 -8.10623e-5 0.9014549 0.4152554 0.1222385 0.009366631 -0.1107642 -0.05171018 0.9925006 0.820904 0 0 0 1 0.4183368 -0.9082921 -2.29202e-4 -8.10623e-5 0.9014897 0.415173 0.1222611 0.009366631 -0.1109536 -0.05135291 0.9924979 0.8248032 0 0 0 1 0.4182137 -0.9083486 1.24086e-4 -8.10623e-5 0.9015251 0.4150888 0.122285 0.009366631 -0.1111289 -0.05102938 0.992495 0.8288311 0 0 0 1 0.4180931 -0.9084041 4.41693e-4 -8.10623e-5 0.9015612 0.4150031 0.1223102 0.009366631 -0.1112904 -0.05073887 0.9924919 0.8329645 0 0 0 1 0.4179751 -0.9084582 7.25068e-4 -8.10623e-5 0.9015976 0.4149163 0.1223366 0.009366631 -0.1114385 -0.05047988 0.9924884 0.8371805 0 0 0 1 0.41786 -0.9085109 9.75121e-4 -8.10623e-5 0.9016343 0.4148285 0.1223639 0.009366631 -0.1115734 -0.05025178 0.9924848 0.8414559 0 0 0 1 0.4177477 -0.9085624 0.001193225 -8.10623e-5 0.9016712 0.4147399 0.1223921 0.009366631 -0.1116957 -0.05005306 0.9924811 0.8457682 0 0 0 1 0.4176386 -0.9086122 0.001380324 -8.10623e-5 0.9017081 0.4146512 0.1224209 0.009366631 -0.1118055 -0.049883 0.9924773 0.8500949 0 0 0 1 0.4175328 -0.9086605 0.001537859 -8.10623e-5 0.901745 0.4145623 0.1224504 0.009366631 -0.1119034 -0.04974025 0.9924734 0.8544114 0 0 0 1 0.4174305 -0.9087073 0.001666724 -8.10623e-5 0.9017816 0.4144738 0.1224803 0.009366631 -0.1119896 -0.04962396 0.9924696 0.8586955 0 0 0 1 0.4173318 -0.9087525 0.00176829 -8.10623e-5 0.9018179 0.4143857 0.1225106 0.009366631 -0.1120645 -0.04953283 0.9924656 0.8629243 0 0 0 1 0.4172366 -0.9087961 0.001843571 -8.10623e-5 0.9018542 0.4142981 0.1225411 0.009366631 -0.1121286 -0.04946595 0.9924618 0.8670749 0 0 0 1 0.4171456 -0.9088377 0.001893818 -8.10623e-5 0.9018895 0.4142119 0.1225716 0.009366631 -0.1121821 -0.04942214 0.9924579 0.8711243 0 0 0 1 0.4170587 -0.9088776 0.001920104 -8.10623e-5 0.9019243 0.4141271 0.1226021 0.009366631 -0.1122255 -0.04940038 0.9924541 0.8750492 0 0 0 1 0.4169761 -0.9089154 0.00192368 -8.10623e-5 0.9019584 0.414044 0.1226323 0.009366631 -0.1122589 -0.04939961 0.9924503 0.8788272 0 0 0 1 0.4168975 -0.9089514 0.001905679 -8.10623e-5 0.9019916 0.4139626 0.1226623 0.009366631 -0.112283 -0.04941868 0.9924467 0.8824357 0 0 0 1 0.4168238 -0.9089854 0.001867294 -8.10623e-5 0.902024 0.4138835 0.1226918 0.009366631 -0.112298 -0.04945647 0.9924431 0.8858502 0 0 0 1 0.4167547 -0.9090173 0.001809597 -8.10623e-5 0.9020551 0.4138071 0.1227208 0.009366631 -0.1123041 -0.04951202 0.9924396 0.8890486 0 0 0 1 0.4166904 -0.9090469 0.001733899 -8.10623e-5 0.9020851 0.4137334 0.122749 0.009366631 -0.112302 -0.0495842 0.9924362 0.8920078 0 0 0 1 0.4166311 -0.9090742 0.001641154 -8.10623e-5 0.9021137 0.4136627 0.1227764 0.009366631 -0.1122918 -0.04967188 0.992433 0.894705 0 0 0 1 0.4165769 -0.9090992 0.001532733 -8.10623e-5 0.902141 0.4135954 0.1228028 0.009366631 -0.1122739 -0.04977405 0.9924299 0.8971171 0 0 0 1 0.4165282 -0.9091217 0.001409649 -8.10623e-5 0.9021666 0.4135321 0.1228281 0.009366631 -0.1122487 -0.04988956 0.9924269 0.8992213 0 0 0 1 0.4164849 -0.9091418 0.001273214 -8.10623e-5 0.9021906 0.4134725 0.1228523 0.009366631 -0.1122166 -0.05001741 0.9924241 0.9009943 0 0 0 1 0.4164472 -0.9091592 0.001124441 -8.10623e-5 0.9022127 0.4134173 0.122875 0.009366631 -0.1121779 -0.05015647 0.9924215 0.9024137 0 0 0 1 0.4164153 -0.909174 9.64642e-4 -8.10623e-5 0.902233 0.4133667 0.1228964 0.009366631 -0.1121329 -0.0503056 0.9924191 0.9034556 0 0 0 1 0.4163892 -0.9091861 7.94783e-4 -8.10623e-5 0.9022515 0.4133207 0.1229161 0.009366631 -0.1120821 -0.05046379 0.9924167 0.9040976 0 0 0 1 0.4163693 -0.9091954 6.16144e-4 -8.10623e-5 0.9022676 0.41328 0.1229341 0.009366631 -0.1120257 -0.05063003 0.9924147 0.9043168 0 0 0 1 0.4163556 -0.9092018 4.29962e-4 -8.10623e-5 0.9022816 0.4132447 0.1229502 0.009366631 -0.1119642 -0.05080306 0.9924128 0.9040657 0 0 0 1 0.4163482 -0.9092051 2.37234e-4 -8.10623e-5 0.9022932 0.4132151 0.1229644 0.009366631 -0.1118979 -0.05098193 0.9924111 0.9033316 0 0 0 1 0.4163472 -0.9092057 3.92869e-5 -8.10623e-5 0.9023025 0.4131914 0.1229765 0.009366631 -0.1118272 -0.05116546 0.9924096 0.9021423 0 0 0 1 0.416353 -0.9092031 -1.6287e-4 -8.10623e-5 0.9023091 0.413174 0.1229864 0.009366631 -0.1117523 -0.05135267 0.9924083 0.9005263 0 0 0 1 0.4163658 -0.9091972 -3.6791e-4 -8.10623e-5 0.9023129 0.4131634 0.122994 0.009366631 -0.1116737 -0.0515424 0.9924073 0.8985117 0 0 0 1 0.4163854 -0.909188 -5.74846e-4 -8.10623e-5 0.902314 0.4131595 0.122999 0.009366631 -0.1115917 -0.05173367 0.9924066 0.8961275 0 0 0 1 0.4164121 -0.9091756 -7.82337e-4 -8.10623e-5 0.9023122 0.4131628 0.1230015 0.009366631 -0.1115067 -0.05192518 0.9924062 0.893401 0 0 0 1 0.4164462 -0.9091598 -9.89411e-4 -8.10623e-5 0.9023072 0.4131734 0.1230012 0.009366631 -0.111419 -0.05211615 0.992406 0.8903608 0 0 0 1 0.4164876 -0.9091407 -0.001194655 -8.10623e-5 0.9022993 0.4131919 0.1229982 0.009366631 -0.111329 -0.05230516 0.9924062 0.8870351 0 0 0 1 0.4165367 -0.9091178 -0.001397252 -8.10623e-5 0.902288 0.4132183 0.1229922 0.009366631 -0.111237 -0.05249148 0.9924067 0.8834533 0 0 0 1 0.4165935 -0.9090915 -0.001595675 -8.10623e-5 0.9022732 0.4132532 0.122983 0.009366631 -0.1111434 -0.05267369 0.9924075 0.8796418 0 0 0 1 0.4166583 -0.9090614 -0.001789033 -8.10623e-5 0.902255 0.4132966 0.1229708 0.009366631 -0.1110485 -0.05285096 0.9924087 0.8756297 0 0 0 1 0.4167309 -0.9090278 -0.001976013 -8.10623e-5 0.9022334 0.4133487 0.1229552 0.009366631 -0.1109529 -0.05302202 0.9924103 0.8714463 0 0 0 1 0.416812 -0.9089901 -0.002155542 -8.10623e-5 0.9022076 0.4134104 0.1229361 0.009366631 -0.1108565 -0.05318599 0.9924123 0.8671179 0 0 0 1 0.4169013 -0.9089488 -0.002326488 -8.10623e-5 0.9021782 0.4134812 0.1229134 0.009366631 -0.11076 -0.05334168 0.9924147 0.8626738 0 0 0 1 0.4169992 -0.9089035 -0.00248748 -8.10623e-5 0.9021448 0.4135621 0.1228871 0.009366631 -0.1106638 -0.05348789 0.9924175 0.8581421 0 0 0 1 0.4171056 -0.9088543 -0.002637565 -8.10623e-5 0.9021074 0.4136527 0.1228569 0.009366631 -0.110568 -0.05362367 0.9924209 0.8535524 0 0 0 1 0.417221 -0.9088008 -0.00277549 -8.10623e-5 0.9020656 0.4137538 0.1228228 0.009366631 -0.1104731 -0.05374795 0.9924247 0.8489307 0 0 0 1 0.4173454 -0.9087433 -0.002900123 -8.10623e-5 0.9020195 0.4138656 0.1227846 0.009366631 -0.1103795 -0.05385959 0.9924291 0.8443064 0 0 0 1 0.4174789 -0.9086817 -0.003010272 -8.10623e-5 0.901969 0.4139882 0.1227423 0.009366631 -0.1102874 -0.05395746 0.992434 0.8397086 0 0 0 1 0.4176217 -0.9086157 -0.003104805 -8.10623e-5 0.9019138 0.4141221 0.1226956 0.009366631 -0.1101973 -0.05404061 0.9924395 0.8351637 0 0 0 1 0.4177738 -0.9085456 -0.00318259 -8.10623e-5 0.9018542 0.4142673 0.1226444 0.009366631 -0.1101096 -0.0541079 0.9924456 0.830701 0 0 0 1 0.4179358 -0.9084708 -0.003242433 -8.10623e-5 0.9017895 0.4144246 0.1225887 0.009366631 -0.1100245 -0.05415821 0.9924523 0.8263487 0 0 0 1 0.4181074 -0.9083917 -0.003283143 -8.10623e-5 0.9017199 0.4145938 0.1225283 0.009366631 -0.1099425 -0.05419045 0.9924596 0.8221361 0 0 0 1 0.418289 -0.908308 -0.003303587 -8.10623e-5 0.9016453 0.4147753 0.122463 0.009366631 -0.1098638 -0.05420362 0.9924676 0.8180894 0 0 0 1 0.4184805 -0.9082199 -0.003302633 -8.10623e-5 0.9015656 0.4149693 0.1223928 0.009366631 -0.109789 -0.05419653 0.9924762 0.8142381 0 0 0 1</float_array>
        <technique_common>
          <accessor source="#node-Bip01_matrix-output-array" count="61" stride="16">
            <param name="TRANSFORM" type="float4x4"/>
          </accessor>
        </technique_common>
      </source>
      <source id="node-Bip01_matrix-interpolation">
        <Name_array id="node-Bip01_matrix-interpolation-array" count="61">LINEAR LINEAR LINEAR LINEAR LINEAR LINEAR LINEAR LINEAR LINEAR LINEAR LINEAR LINEAR LINEAR LINEAR LINEAR LINEAR LINEAR LINEAR LINEAR LINEAR LINEAR LINEAR LINEAR LINEAR LINEAR LINEAR LINEAR LINEAR LINEAR LINEAR LINEAR LINEAR LINEAR LINEAR LINEAR LINEAR LINEAR LINEAR LINEAR LINEAR LINEAR LINEAR LINEAR LINEAR LINEAR LINEAR LINEAR LINEAR LINEAR LINEAR LINEAR LINEAR LINEAR LINEAR LINEAR LINEAR LINEAR LINEAR LINEAR LINEAR LINEAR</Name_array>
        <technique_common>
          <accessor source="#node-Bip01_matrix-interpolation-array" count="61" stride="1">
            <param name="INTERPOLATION" type="name"/>
          </accessor>
        </technique_common>
      </source>
      <source id="node-Bip01_Pelvis_matrix-input">
        <float_array id="node-Bip01_Pelvis_matrix-input-array" count="61">28.66667 28.7 28.73333 28.76667 28.8 28.83333 28.86667 28.9 28.93333 28.96667 29 29.03333 29.06667 29.1 29.13333 29.16667 29.2 29.23333 29.26667 29.3 29.33333 29.36667 29.4 29.43333 29.46667 29.5 29.53333 29.56667 29.6 29.63333 29.66667 29.7 29.73333 29.76667 29.8 29.83333 29.86667 29.9 29.93333 29.96667 30 30.03333 30.06667 30.1 30.13333 30.16667 30.2 30.23333 30.26667 30.3 30.33333 30.36667 30.4 30.43333 30.46667 30.5 30.53333 30.56667 30.6 30.63333 30.66667</float_array>
        <technique_common>
          <accessor source="#node-Bip01_Pelvis_matrix-input-array" count="61" stride="1">
            <param name="TIME" type="float"/>
          </accessor>
        </technique_common>
      </source>
      <source id="node-Bip01_Pelvis_matrix-output">
