<?xml version="1.0" encoding="utf-8"?>
<COLLADA xmlns="http://www.collada.org/2005/11/COLLADASchema" version="1.4.1">
  <asset>
    <contributor>
      <author>MattO</author>
      <authoring_tool>OpenCOLLADA for 3ds Max;  Version: 1.3.0;  Revision: 839M;  Platform: x64;  Configuration: Release_Max2012</authoring_tool>
      <source_data>file:///C:/Dropbox/Prj/GGStout/Turret/TP_Soldier_Turret_Animation_Master.max</source_data>
    </contributor>
    <created>2011-09-30T18:22:28</created>
    <modified>2011-09-30T18:22:28</modified>
    <unit name="meter" meter="1"/>
    <up_axis>Z_UP</up_axis>
  </asset>
  <library_effects>
    <effect id="ShapeBounds">
      <profile_COMMON>
        <technique sid="common">
          <blinn>
            <emission>
              <color>0 0 0 1</color>
            </emission>
            <ambient>
              <color>0.1647059 1 0 1</color>
            </ambient>
            <diffuse>
              <color>0.1647059 1 0 1</color>
            </diffuse>
            <specular>
              <color>0.9 0.9 0.9 1</color>
            </specular>
            <shininess>
              <float>10</float>
            </shininess>
            <reflective>
              <color>0 0 0 1</color>
            </reflective>
            <transparent opaque="A_ONE">
              <color>1 1 1 1</color>
            </transparent>
            <transparency>
              <float>1</float>
            </transparency>
          </blinn>
        </technique>
      </profile_COMMON>
      <extra>
        <technique profile="OpenCOLLADA3dsMax">
          <extended_shader>
            <apply_reflection_dimming>0</apply_reflection_dimming>
            <dim_level>0</dim_level>
            <falloff_type>0</falloff_type>
            <index_of_refraction>1.5</index_of_refraction>
            <opacity_type>0</opacity_type>
            <reflection_level>3</reflection_level>
            <wire_size>1</wire_size>
            <wire_units>0</wire_units>
          </extended_shader>
          <shader>
            <ambient_diffuse_lock>1</ambient_diffuse_lock>
            <ambient_diffuse_texture_lock>1</ambient_diffuse_texture_lock>
            <diffuse_specular_lock>0</diffuse_specular_lock>
            <soften>0.1</soften>
            <use_self_illum_color>0</use_self_illum_color>
          </shader>
        </technique>
      </extra>
    </effect>
  </library_effects>
  <library_materials>
    <material id="ShapeBounds-material" name="ShapeBounds">
      <instance_effect url="#ShapeBounds"/>
    </material>
  </library_materials>
  <library_geometries>
    <geometry id="geom-BOUNDS" name="BOUNDS">
      <mesh>
        <source id="geom-BOUNDS-positions">
          <float_array id="geom-BOUNDS-positions-array" count="24">-0.425 -0.425 0 0.425 -0.425 0 -0.425 0.425 0 0.425 0.425 0 -0.425 -0.425 1.84 0.425 -0.425 1.84 -0.425 0.425 1.84 0.425 0.425 1.84</float_array>
          <technique_common>
            <accessor source="#geom-BOUNDS-positions-array" count="8" stride="3">
              <param name="X" type="float"/>
              <param name="Y" type="float"/>
              <param name="Z" type="float"/>
            </accessor>
          </technique_common>
        </source>
        <source id="geom-BOUNDS-normals">
          <float_array id="geom-BOUNDS-normals-array" count="72">0 0 -1 0 0 -1 0 0 -1 0 0 -1 0 0 1 0 0 1 0 0 1 0 0 1 0 -1 0 0 -1 0 0 -1 0 0 -1 0 1 0 0 1 0 0 1 0 0 1 0 0 0 1 0 0 1 0 0 1 0 0 1 0 -1 0 0 -1 0 0 -1 0 0 -1 0 0</float_array>
          <technique_common>
            <accessor source="#geom-BOUNDS-normals-array" count="24" stride="3">
              <param name="X" type="float"/>
              <param name="Y" type="float"/>
              <param name="Z" type="float"/>
            </accessor>
          </technique_common>
        </source>
        <source id="geom-BOUNDS-map1">
          <float_array id="geom-BOUNDS-map1-array" count="36">0 0 0 1 0 0 0 1 0 1 1 0 0 0 0 1 0 0 0 1 0 1 1 0 0 0 0 1 0 0 0 1 0 1 1 0</float_array>
          <technique_common>
            <accessor source="#geom-BOUNDS-map1-array" count="12" stride="3">
              <param name="S" type="float"/>
              <param name="T" type="float"/>
              <param name="P" type="float"/>
            </accessor>
          </technique_common>
        </source>
        <vertices id="geom-BOUNDS-vertices">
          <input semantic="POSITION" source="#geom-BOUNDS-positions"/>
        </vertices>
        <triangles material="ShapeBounds" count="12">
          <input semantic="VERTEX" source="#geom-BOUNDS-vertices" offset="0"/>
          <input semantic="NORMAL" source="#geom-BOUNDS-normals" offset="1"/>
          <input semantic="TEXCOORD" source="#geom-BOUNDS-map1" offset="2" set="0"/>
          <p>0 0 9 2 1 11 3 2 10 3 2 10 1 3 8 0 0 9 4 4 8 5 5 9 7 6 11 7 6 11 6 7 10 4 4 8 0 8 4 1 9 5 5 10 7 5 10 7 4 11 6 0 8 4 1 12 0 3 13 1 7 14 3 7 14 3 5 15 2 1 12 0 3 16 4 2 17 5 6 18 7 6 18 7 7 19 6 3 16 4 2 20 0 0 21 1 4 22 3 4 22 3 6 23 2 2 20 0</p>
        </triangles>
      </mesh>
      <extra>
        <technique profile="OpenCOLLADA3dsMax">
          <max_box>
            <generateuvs>1</generateuvs>
            <height>1.84</height>
            <heightsegments>1</heightsegments>
            <length>0.85</length>
            <lengthsegments>1</lengthsegments>
            <width>0.85</width>
            <widthsegments>1</widthsegments>
          </max_box>
        </technique>
      </extra>
    </geometry>
  </library_geometries>
  <library_lights>
    <light id="EnvironmentAmbientLight" name="EnvironmentAmbientLight">
      <technique_common>
        <ambient>
          <color>0 0 0</color>
        </ambient>
      </technique_common>
    </light>
  </library_lights>
  <library_visual_scenes>
    <visual_scene id="MaxScene">
      <node name="EnvironmentAmbientLight">
        <instance_light url="#EnvironmentAmbientLight"/>
      </node>
      <node id="node-Bip01" name="Bip01">
        <matrix sid="matrix">0.7289143 -0.6739804 -0.1201431 -8.10623e-5 0.2546437 0.4298182 -0.8662637 0.009366653 0.6354845 0.6008383 0.4849256 0.8041388 0 0 0 1</matrix>
        <node id="node-Bip01_Pelvis" name="Bip01_Pelvis">
          <matrix sid="matrix">-0.009626687 0.9981476 0.06007257 0 -0.1217414 -0.06079838 0.990698 0 0.9925153 0.002223879 0.1221012 0 0 0 0 1</matrix>
          <node id="node-Bip01_Spine" name="Bip01_Spine">
            <matrix sid="matrix">0.7471295 -0.286887 -0.5995776 0.1975228 0.3148936 0.9471765 -0.06081997 0.02693245 0.5853542 -0.1433628 0.7980024 0.02593881 0 0 0 1</matrix>
            <node id="node-Bip01_Spine1" name="Bip01_Spine1">
              <matrix sid="matrix">0.9636472 -0.01650289 -0.2666679 0.1022314 0.001816571 0.9984722 -0.05522648 -1.00851e-4 0.2671719 0.05273428 0.9622049 -5.30481e-6 0 0 0 1</matrix>
              <node id="node-Bip01_Spine2" name="Bip01_Spine2">
                <matrix>0.9514736 -0.2882999 0.1076158 0.1269154 0.2840357 0.9573265 0.05338253 -1.63928e-4 -0.1184136 -0.02022527 0.9927583 3.50177e-6 0 0 0 1</matrix>
                <node id="node-Bip01_Neck" name="Bip01_Neck">
                  <matrix>0.8875929 -0.4495168 0.1005656 0.2151082 0.4511094 0.8924363 0.007594748 -4.91589e-5 -0.09316237 0.03862501 0.9949014 -2.13087e-6 0 0 0 1</matrix>
                  <node id="node-Bip01_Head" name="Bip01_Head">
                    <matrix sid="matrix">0.9326667 0.03427863 -0.3591062 0.07051802 -0.3112419 0.5797393 -0.7530144 -0.01395917 0.1823757 0.8140807 0.5513726 0 0 0 0 1</matrix>
                    <node id="node-ALTEYE" name="ALTEYE">
                      <matrix>0.4506335 0.3792479 0.8081464 0.06454682 0.04412804 0.8947043 -0.4444741 0.2214611 -0.8916175 0.2359568 0.3864483 0.04716265 0 0 0 1</matrix>
                    </node>
                  </node>
                  <node id="node-Bip01_L_Clavicle" name="Bip01_L_Clavicle">
                    <matrix>-0.5982885 -0.445687 0.6658933 -0.03100646 0.2430079 -0.8928205 -0.3792345 -0.01101118 0.7635431 -0.06507424 0.6424698 0.06622368 0 0 0 1</matrix>
                    <node id="node-Bip01_L_UpperArm" name="Bip01_L_UpperArm">
                      <matrix sid="matrix">0.1595041 0.9871839 -0.005098134 0.1824007 -0.9815741 0.1591438 0.1057611 -7.45058e-9 0.1052169 -0.01186496 0.9943782 1.19209e-7 0 0 0 1</matrix>
                      <node id="node-Bip01_L_Forearm" name="Bip01_L_Forearm">
                        <matrix sid="matrix">0.061838 0.9980862 7.45058e-9 0.2843689 -0.9980862 0.06183802 0 5.96046e-8 -2.98023e-8 -3.72529e-9 1 0 0 0 0 1</matrix>
                        <node id="node-Bip01_L_Hand" name="Bip01_L_Hand">
                          <matrix sid="matrix">0.9244614 0.2257672 -0.3072467 0.2810681 0.2241087 0.3301781 0.9169285 -1.49012e-8 0.3084585 -0.9165215 0.2546405 1.19209e-7 0 0 0 1</matrix>
                          <node id="node-Bip01_L_Finger0" name="Bip01_L_Finger0">
                            <matrix>0.5215106 0.269013 0.8097275 0.0211966 0.7250716 0.3605265 -0.5867638 -0.004734218 -0.4497753 0.893114 -0.007035524 -0.02572189 0 0 0 1</matrix>
                            <node id="node-Bip01_L_Finger01" name="Bip01_L_Finger01">
                              <matrix>0.6423534 -0.7636237 -0.06527568 0.04982856 0.7605616 0.6456372 -0.06854741 0 0.09448884 -0.005614519 0.9955101 0 0 0 0 1</matrix>
                              <node id="node-Bip01_L_Finger02" name="Bip01_L_Finger02">
                                <matrix>0.9505159 -0.3106765 0 0.0520224 0.3106765 0.950516 -1.49012e-8 2.23517e-8 4.47035e-8 1.49012e-8 1 1.19209e-7 0 0 0 1</matrix>
                              </node>
                            </node>
                          </node>
                          <node id="node-Bip01_L_Finger1" name="Bip01_L_Finger1">
                            <matrix>0.6408503 -0.7640201 0.07472672 0.1199945 0.7674397 0.6352569 -0.08651491 -0.008367598 0.01862845 0.1127914 0.9934441 -0.0410139 0 0 0 1</matrix>
                            <node id="node-Bip01_L_Finger11" name="Bip01_L_Finger11">
                              <matrix>0.8240547 -0.5665103 -3.72529e-9 0.0364417 0.5665103 0.8240545 -1.49012e-8 -1.19209e-7 -2.98023e-8 1.49012e-8 1 5.96046e-8 0 0 0 1</matrix>
                              <node id="node-Bip01_L_Finger12" name="Bip01_L_Finger12">
                                <matrix>0.8146398 -0.5796779 -0.01831833 0.03117549 0.5799674 0.8142333 0.02573052 0 4.47035e-8 -0.03158516 0.999501 -2.98023e-8 0 0 0 1</matrix>
                              </node>
                            </node>
                          </node>
                          <node id="node-Bip01_L_Finger2" name="Bip01_L_Finger2">
                            <matrix>0.6754014 -0.7374504 1.52089e-4 0.1229539 0.7368312 0.6748428 0.04082683 -0.008802235 -0.03021046 -0.02746241 0.9991663 -0.01328242 0 0 0 1</matrix>
                            <node id="node-Bip01_L_Finger21" name="Bip01_L_Finger21">
                              <matrix>0.5508361 -0.8338858 0.03484876 0.0389552 0.8322219 0.5519373 0.05265062 1.19209e-7 -0.0631389 3.35276e-8 0.9980047 2.98023e-8 0 0 0 1</matrix>
                              <node id="node-Bip01_L_Finger22" name="Bip01_L_Finger22">
                                <matrix>0.1984737 -0.9799246 -0.01886613 0.03800547 0.9755272 0.1993683 -0.09272981 0 0.09462956 -1.86265e-8 0.9955126 -1.49012e-8 0 0 0 1</matrix>
                              </node>
                            </node>
                          </node>
                          <node id="node-Bip01_L_Finger3" name="Bip01_L_Finger3">
                            <matrix>0.7159052 -0.6949216 -0.06755452 0.121188 0.6883786 0.6863561 0.234627 -0.001191199 -0.1166809 -0.2144738 0.9697353 0.01196867 0 0 0 1</matrix>
                            <node id="node-Bip01_L_Finger31" name="Bip01_L_Finger31">
                              <matrix>0.4441953 -0.8949345 -0.04222351 0.03155845 0.8909185 0.4461975 -0.08468726 0 0.09462959 0 0.9955126 -7.45058e-9 0 0 0 1</matrix>
                              <node id="node-Bip01_L_Finger32" name="Bip01_L_Finger32">
                                <matrix>0.199368 -0.9794359 0.03095104 0.0336659 0.9799248 0.1992683 -0.006297112 -5.96046e-8 1.58325e-8 0.03158512 0.9995011 7.45058e-9 0 0 0 1</matrix>
                              </node>
                            </node>
                          </node>
                          <node id="node-Bip01_L_Finger4" name="Bip01_L_Finger4">
                            <matrix>0.592579 -0.7897949 0.1583477 0.1136798 0.7783522 0.6120424 0.1399001 0.005147338 -0.2074078 0.04034829 0.977422 0.03886575 0 0 0 1</matrix>
                            <node id="node-Bip01_L_Finger41" name="Bip01_L_Finger41">
                              <matrix>0.4202556 -0.9064696 -0.04120623 0.03661622 0.9068529 0.4211511 -0.01578782 -1.19209e-7 0.03166522 -0.03073306 0.999026 2.98023e-8 0 0 0 1</matrix>
                              <node id="node-Bip01_L_Finger42" name="Bip01_L_Finger42">
                                <matrix>0.402447 -0.9138246 0.05441488 0.01772618 0.915423 0.4021218 -0.01728318 0 -0.006087609 0.05676822 0.9983689 0 0 0 0 1</matrix>
                              </node>
                            </node>
                          </node>
                        </node>
                      </node>
                    </node>
                  </node>
                  <node id="node-Bip01_R_Clavicle" name="Bip01_R_Clavicle">
                    <matrix>0.005314112 -0.3342975 -0.9424525 -0.01827133 0.5633298 -0.7776897 0.2790309 -0.01629066 -0.826215 -0.5323946 0.184187 -0.06977396 0 0 0 1</matrix>
                    <node id="node-Bip01_R_UpperArm" name="Bip01_R_UpperArm">
                      <matrix sid="matrix">0.9780024 0.06034866 -0.1996728 0.1824006 -0.1549826 0.8509076 -0.5019327 4.47035e-8 0.139612 0.521837 0.8415428 0 0 0 0 1</matrix>
                      <node id="node-Bip01_R_Forearm" name="Bip01_R_Forearm">
                        <matrix>-0.1194336 0.9928421 5.96046e-8 0.2843689 -0.9928422 -0.1194336 2.98023e-8 0 0 0 1 0 0 0 0 1</matrix>
                        <node id="node-Bip01_R_Hand" name="Bip01_R_Hand">
                          <matrix>0.5394292 -0.1661066 -0.8254847 0.281068 -0.6101694 -0.7526966 -0.2472671 -2.98023e-8 -0.5802668 0.6370686 -0.5073796 0 0 0 0 1</matrix>
                          <node id="node-Bip01_R_Finger0" name="Bip01_R_Finger0">
                            <matrix>0.5215105 0.269013 -0.8097275 0.02119672 0.7250717 0.3605264 0.5867637 -0.004734278 0.4497753 -0.893114 -0.007035471 0.02572188 0 0 0 1</matrix>
                            <node id="node-Bip01_R_Finger01" name="Bip01_R_Finger01">
                              <matrix>0.6423533 -0.7636237 0.06527564 0.04982862 0.7605617 0.6456371 0.06854746 0 -0.09448874 0.005614538 0.9955101 0 0 0 0 1</matrix>
                              <node id="node-Bip01_R_Finger02" name="Bip01_R_Finger02">
                                <matrix>0.9505158 -0.3106765 0 0.0520224 0.3106765 0.9505158 2.98023e-8 4.47035e-8 0 1.49012e-8 1 0 0 0 0 1</matrix>
                              </node>
                            </node>
                          </node>
                          <node id="node-Bip01_R_Finger1" name="Bip01_R_Finger1">
                            <matrix>0.9820225 -0.1733427 -0.07472669 0.1199944 0.1795577 0.9799358 0.08651498 -0.008367479 0.05823065 -0.09837722 0.993444 0.0410139 0 0 0 1</matrix>
                            <node id="node-Bip01_R_Finger11" name="Bip01_R_Finger11">
                              <matrix>0.8240547 -0.5665104 1.49012e-8 0.03644192 0.5665103 0.8240548 1.49012e-8 0 -2.23517e-8 -1.49012e-8 1 0 0 0 0 1</matrix>
                              <node id="node-Bip01_R_Finger12" name="Bip01_R_Finger12">
                                <matrix>0.8146398 -0.5796778 0.0183183 0.03117552 0.5799671 0.8142332 -0.02573052 0 -5.19212e-8 0.0315851 0.999501 2.98023e-8 0 0 0 1</matrix>
                              </node>
                            </node>
                          </node>
                          <node id="node-Bip01_R_Finger2" name="Bip01_R_Finger2">
                            <matrix>0.6754014 -0.7374504 -1.52126e-4 0.1229538 0.7368314 0.6748427 -0.0408268 -0.008801997 0.03021043 0.02746242 0.9991662 0.01328245 0 0 0 1</matrix>
                            <node id="node-Bip01_R_Finger21" name="Bip01_R_Finger21">
                              <matrix>0.5508358 -0.8338858 -0.03484868 0.03895515 0.832222 0.5519371 -0.05265059 0 0.06313885 -7.45058e-9 0.9980047 -1.49012e-8 0 0 0 1</matrix>
                              <node id="node-Bip01_R_Finger22" name="Bip01_R_Finger22">
                                <matrix>0.1984733 -0.9799247 0.01886613 0.03800535 0.9755274 0.1993679 0.09272988 0 -0.09462959 -3.72529e-8 0.9955126 -1.49012e-8 0 0 0 1</matrix>
                              </node>
                            </node>
                          </node>
                          <node id="node-Bip01_R_Finger3" name="Bip01_R_Finger3">
                            <matrix>0.7159053 -0.6949214 0.06755476 0.1211882 0.6883786 0.6863562 -0.234627 -0.001191318 0.1166808 0.2144741 0.9697352 -0.01196867 0 0 0 1</matrix>
                            <node id="node-Bip01_R_Finger31" name="Bip01_R_Finger31">
                              <matrix>0.4441954 -0.8949347 0.0422236 0.03155842 0.8909187 0.4461977 0.08468764 1.19209e-7 -0.09462997 -5.86733e-8 0.9955127 1.49012e-8 0 0 0 1</matrix>
                              <node id="node-Bip01_R_Finger32" name="Bip01_R_Finger32">
                                <matrix>0.199368 -0.9794358 -0.03095099 0.03366601 0.9799247 0.1992686 0.006297063 5.96046e-8 -1.11759e-8 -0.03158512 0.9995009 0 0 0 0 1</matrix>
                              </node>
                            </node>
                          </node>
                          <node id="node-Bip01_R_Finger4" name="Bip01_R_Finger4">
                            <matrix>0.5925791 -0.7897949 -0.1583476 0.1136798 0.7783522 0.6120424 -0.1399 0.005147398 0.2074079 -0.0403483 0.9774221 -0.03886577 0 0 0 1</matrix>
                            <node id="node-Bip01_R_Finger41" name="Bip01_R_Finger41">
                              <matrix>0.4202555 -0.9064697 0.04120616 0.03661624 0.906853 0.4211511 0.01578781 -1.19209e-7 -0.03166521 0.03073309 0.9990259 0 0 0 0 1</matrix>
                              <node id="node-Bip01_R_Finger42" name="Bip01_R_Finger42">
                                <matrix>0.402447 -0.9138247 -0.05441481 0.0177263 0.915423 0.4021219 0.01728311 1.19209e-7 0.006087616 -0.05676821 0.9983688 2.98023e-8 0 0 0 1</matrix>
                              </node>
                            </node>
                          </node>
                          <node id="node-MOUNT0" name="MOUNT0">
                            <matrix>-6.4075e-7 1 -1.04308e-7 0.109539 -0.9999998 -6.55651e-7 5.17815e-7 0.02518266 4.67524e-7 1.11759e-7 0.9999997 0.01321673 0 0 0 1</matrix>
                          </node>
                        </node>
                      </node>
                    </node>
                  </node>
                </node>
                <node id="node-Bip01_L_Pauldron_Upper" name="Bip01_L_Pauldron_Upper">
                  <matrix>0.7291968 -0.277326 0.62559 0.1769029 -0.5504751 -0.7808024 0.2955094 -0.03908373 0.4065097 -0.5598564 -0.7220196 0.2290198 0 0 0 1</matrix>
                </node>
                <node id="node-Bip01_R_Pauldron_Lower" name="Bip01_R_Pauldron_Lower">
                  <matrix>-0.1156733 -0.9403759 -0.3198657 0.172906 0.9097752 -0.2295508 0.3458562 -0.1133294 -0.39866 -0.2509994 0.8820829 -0.2351095 0 0 0 1</matrix>
                </node>
                <node id="node-Bip01_L_Pauldron_Lower" name="Bip01_L_Pauldron_Lower">
                  <matrix>-0.4145347 -0.3869149 0.8236855 0.1956228 0.2134437 -0.9212055 -0.325304 -0.0502633 0.8846482 0.04096068 0.4644561 0.2363182 0 0 0 1</matrix>
                </node>
              </node>
            </node>
            <node id="node-Bip01_L_Thigh" name="Bip01_L_Thigh">
              <matrix sid="matrix">-0.2924467 0.9472578 -0.1310629 -0.09661466 0.5789611 0.2844667 0.7641221 0.01659894 0.7611037 0.1475847 -0.6316169 0.2011035 0 0 0 1</matrix>
              <node id="node-Bip01_L_Calf" name="Bip01_L_Calf">
                <matrix sid="matrix">0.5122989 0.8588074 1.58325e-8 0.4629987 -0.8588073 0.5122989 0 -5.96046e-8 1.86265e-8 2.23517e-8 1 7.45058e-9 0 0 0 1</matrix>
                <node id="node-Bip01_L_Foot" name="Bip01_L_Foot">
                  <matrix sid="matrix">0.8140749 0.576306 -0.07179184 0.3610502 -0.5642482 0.8141303 0.1371718 1.19209e-7 0.1375007 -0.07115968 0.9879422 -1.49012e-8 0 0 0 1</matrix>
                  <node id="node-Bip01_L_Toe0" name="Bip01_L_Toe0">
                    <matrix sid="matrix">4.76837e-7 -1 1.38581e-6 0.1486306 1 4.76837e-7 3.44589e-8 0.1543276 -3.07336e-8 1.40071e-6 1 0 0 0 0 1</matrix>
                  </node>
                </node>
              </node>
            </node>
            <node id="node-Bip01_R_Thigh" name="Bip01_R_Thigh">
              <matrix sid="matrix">-0.773618 0.5793278 -0.2566988 -0.2458639 0.5002511 0.8070402 0.3137435 0.05315214 0.3889264 0.1143038 -0.9141504 -0.002365559 0 0 0 1</matrix>
              <node id="node-Bip01_R_Calf" name="Bip01_R_Calf">
                <matrix sid="matrix">0.7818705 0.623441 -2.98023e-8 0.4629988 -0.6234409 0.7818704 -2.98023e-8 0 2.98023e-8 -4.47035e-8 1 -2.98023e-8 0 0 0 1</matrix>
                <node id="node-Bip01_R_Foot" name="Bip01_R_Foot">
                  <matrix sid="matrix">0.7349809 0.6750671 0.06393218 0.3610501 -0.6771914 0.7355858 0.01803266 0 -0.03485435 -0.05654799 0.9977912 0 0 0 0 1</matrix>
                  <node id="node-Bip01_R_Toe0" name="Bip01_R_Toe0">
                    <matrix sid="matrix">-0.1805803 -0.9786912 0.09774524 0.1486306 0.9833315 -0.1817874 -0.003513977 0.1543275 0.02120792 0.09548151 0.9952052 -1.49012e-8 0 0 0 1</matrix>
                  </node>
                </node>
              </node>
            </node>
          </node>
          <node id="node-Bip01_FannyPack" name="Bip01_FannyPack">
            <matrix>-0.9629916 -0.2062316 0.1735378 0.2299506 -0.2083319 0.9780382 0.006226778 -0.1378937 -0.1710107 -0.03015649 -0.9848074 0.01013952 0 0 0 1</matrix>
          </node>
        </node>
        <node id="node-EYE" name="EYE">
          <matrix sid="matrix">0.7289143 0.2546434 0.635484 0.5137283 -0.6739805 0.4298179 0.6008382 0.4983652 -0.1201431 -0.8662634 0.4849254 0.2891835 0 0 0 1</matrix>
          <node id="node-CAM" name="CAM">
            <matrix>1 -6.03104e-8 1.42109e-14 4.84288e-8 6.03104e-8 1 -2.32831e-9 -0.104 8.88178e-16 2.32831e-9 1 0.30056 0 0 0 1</matrix>
          </node>
        </node>
      </node>
      <node id="node-BOUNDS" name="BOUNDS">
        <matrix>0.9999915 0.001706907 0.003750479 0 -0.001711356 0.9999978 0.001183292 0.1035326 -0.003748451 -0.0011897 0.9999923 -8.93474e-5 0 0 0 1</matrix>
        <instance_geometry url="#geom-BOUNDS">
          <bind_material>
            <technique_common>
              <instance_material symbol="ShapeBounds" target="#ShapeBounds-material"/>
            </technique_common>
          </bind_material>
        </instance_geometry>
      </node>
    </visual_scene>
  </library_visual_scenes>
  <library_animations>
    <animation>
      <source id="node-Bip01_matrix-input">
        <float_array id="node-Bip01_matrix-input-array" count="61">34.76667 34.8 34.83333 34.86666 34.9 34.93333 34.96667 35 35.03333 35.06667 35.1 35.13334 35.16667 35.2 35.23333 35.26667 35.3 35.33333 35.36666 35.4 35.43333 35.46667 35.5 35.53333 35.56667 35.6 35.63334 35.66667 35.7 35.73333 35.76667 35.8 35.83333 35.86666 35.9 35.93333 35.96667 36 36.03333 36.06667 36.1 36.13334 36.16667 36.2 36.23333 36.26667 36.3 36.33333 36.36666 36.4 36.43333 36.46667 36.5 36.53333 36.56667 36.6 36.63334 36.66667 36.7 36.73333 36.76667</float_array>
        <technique_common>
          <accessor source="#node-Bip01_matrix-input-array" count="61" stride="1">
            <param name="TIME" type="float"/>
          </accessor>
        </technique_common>
      </source>
      <source id="node-Bip01_matrix-output">
        <float_array id="node-Bip01_matrix-output-array" count="976">0.7289143 -0.6739804 -0.120143 -8.10623e-5 0.2546437 0.4298182 -0.8662638 0.009366631 0.6354845 0.6008383 0.4849256 0.8041388 0 0 0 1 0.7289143 -0.6739804 -0.120143 -8.10623e-5 0.2546437 0.4298182 -0.8662638 0.009366631 0.6354845 0.6008384 0.4849255 0.8070508 0 0 0 1 0.7289143 -0.6739804 -0.120143 -8.10623e-5 0.2546437 0.4298182 -0.8662638 0.009366631 0.6354845 0.6008383 0.4849256 0.8102062 0 0 0 1 0.7289143 -0.6739805 -0.120143 -8.10623e-5 0.2546438 0.4298182 -0.8662637 0.009366631 0.6354845 0.6008383 0.4849256 0.8135821 0 0 0 1 0.7289143 -0.6739804 -0.120143 -8.10623e-5 0.2546437 0.4298182 -0.8662637 0.009366631 0.6354845 0.6008383 0.4849256 0.8171561 0 0 0 1 0.7289143 -0.6739805 -0.120143 -8.10623e-5 0.2546438 0.4298182 -0.8662638 0.009366631 0.6354845 0.6008383 0.4849256 0.820904 0 0 0 1 0.7289143 -0.6739805 -0.120143 -8.10623e-5 0.2546437 0.4298182 -0.8662638 0.009366631 0.6354845 0.6008383 0.4849255 0.8248032 0 0 0 1 0.7289143 -0.6739804 -0.120143 -8.10623e-5 0.2546437 0.4298182 -0.8662637 0.009366631 0.6354845 0.6008383 0.4849256 0.8288311 0 0 0 1 0.7289143 -0.6739804 -0.120143 -8.10623e-5 0.2546437 0.4298182 -0.8662638 0.009366631 0.6354845 0.6008383 0.4849256 0.8329645 0 0 0 1 0.7289143 -0.6739804 -0.120143 -8.10623e-5 0.2546437 0.4298182 -0.8662637 0.009366631 0.6354845 0.6008383 0.4849256 0.8371805 0 0 0 1 0.7289143 -0.6739804 -0.120143 -8.10623e-5 0.2546437 0.4298182 -0.8662637 0.009366631 0.6354845 0.6008383 0.4849256 0.8414559 0 0 0 1 0.7289143 -0.6739805 -0.1201431 -8.10623e-5 0.2546437 0.4298182 -0.8662639 0.009366631 0.6354846 0.6008384 0.4849255 0.8457682 0 0 0 1 0.7289143 -0.6739804 -0.1201431 -8.10623e-5 0.2546437 0.4298182 -0.8662638 0.009366631 0.6354845 0.6008384 0.4849255 0.8500949 0 0 0 1 0.7289143 -0.6739805 -0.120143 -8.10623e-5 0.2546437 0.4298182 -0.8662638 0.009366631 0.6354845 0.6008383 0.4849255 0.8544114 0 0 0 1 0.7289143 -0.6739805 -0.120143 -8.10623e-5 0.2546437 0.4298181 -0.8662638 0.009366631 0.6354846 0.6008384 0.4849255 0.8586955 0 0 0 1 0.7289143 -0.6739804 -0.120143 -8.10623e-5 0.2546437 0.4298182 -0.8662636 0.009366631 0.6354845 0.6008383 0.4849256 0.8629243 0 0 0 1 0.7289143 -0.6739805 -0.120143 -8.10623e-5 0.2546438 0.4298181 -0.8662639 0.009366631 0.6354846 0.6008384 0.4849255 0.8670749 0 0 0 1 0.7289143 -0.6739804 -0.120143 -8.10623e-5 0.2546437 0.4298182 -0.8662637 0.009366631 0.6354845 0.6008383 0.4849256 0.8711243 0 0 0 1 0.7289143 -0.6739805 -0.1201429 -8.10623e-5 0.2546437 0.4298181 -0.8662638 0.009366631 0.6354845 0.6008384 0.4849255 0.8750492 0 0 0 1 0.7289143 -0.6739805 -0.1201431 -8.10623e-5 0.2546438 0.4298182 -0.8662638 0.009366631 0.6354845 0.6008383 0.4849256 0.8788272 0 0 0 1 0.7289143 -0.6739805 -0.120143 -8.10623e-5 0.2546437 0.4298181 -0.8662638 0.009366631 0.6354846 0.6008384 0.4849255 0.8824357 0 0 0 1 0.7289143 -0.6739805 -0.120143 -8.10623e-5 0.2546437 0.4298182 -0.8662638 0.009366631 0.6354845 0.6008383 0.4849255 0.8858502 0 0 0 1 0.7289143 -0.6739805 -0.120143 -8.10623e-5 0.2546437 0.4298181 -0.8662638 0.009366631 0.6354846 0.6008384 0.4849255 0.8890486 0 0 0 1 0.7289143 -0.6739805 -0.120143 -8.10623e-5 0.2546437 0.4298182 -0.8662638 0.009366631 0.6354845 0.6008383 0.4849255 0.8920078 0 0 0 1 0.7289143 -0.6739805 -0.120143 -8.10623e-5 0.2546437 0.4298181 -0.8662638 0.009366631 0.6354846 0.6008384 0.4849255 0.894705 0 0 0 1 0.7289143 -0.6739805 -0.120143 -8.10623e-5 0.2546437 0.4298181 -0.8662638 0.009366631 0.6354846 0.6008384 0.4849255 0.8971171 0 0 0 1 0.7289143 -0.6739805 -0.120143 -8.10623e-5 0.2546437 0.4298182 -0.8662638 0.009366631 0.6354845 0.6008383 0.4849255 0.8992213 0 0 0 1 0.7289142 -0.6739805 -0.120143 -8.10623e-5 0.2546438 0.4298182 -0.8662638 0.009366631 0.6354845 0.6008382 0.4849256 0.9009943 0 0 0 1 0.7289142 -0.6739806 -0.1201429 -8.10623e-5 0.2546439 0.429818 -0.8662639 0.009366631 0.6354846 0.6008383 0.4849255 0.9024137 0 0 0 1 0.7289143 -0.6739805 -0.120143 -8.10623e-5 0.2546437 0.4298182 -0.8662637 0.009366631 0.6354845 0.6008383 0.4849256 0.9034556 0 0 0 1 0.7289142 -0.6739805 -0.120143 -8.10623e-5 0.2546438 0.4298182 -0.8662638 0.009366631 0.6354846 0.6008383 0.4849255 0.9040976 0 0 0 1 0.7289143 -0.6739805 -0.120143 -8.10623e-5 0.2546437 0.4298182 -0.8662637 0.009366631 0.6354845 0.6008383 0.4849256 0.9043168 0 0 0 1 0.7289142 -0.6739806 -0.120143 -8.10623e-5 0.2546439 0.4298182 -0.8662638 0.009366631 0.6354846 0.6008382 0.4849256 0.9040657 0 0 0 1 0.7289142 -0.6739805 -0.120143 -8.10623e-5 0.2546438 0.4298182 -0.8662638 0.009366631 0.6354845 0.6008382 0.4849256 0.9033316 0 0 0 1 0.7289142 -0.6739805 -0.120143 -8.10623e-5 0.2546438 0.4298182 -0.8662638 0.009366631 0.6354845 0.6008382 0.4849256 0.9021423 0 0 0 1 0.7289142 -0.6739805 -0.120143 -8.10623e-5 0.2546438 0.4298182 -0.8662638 0.009366631 0.6354845 0.6008382 0.4849256 0.9005263 0 0 0 1 0.7289142 -0.6739806 -0.120143 -8.10623e-5 0.2546439 0.4298182 -0.8662638 0.009366631 0.6354846 0.6008382 0.4849256 0.8985117 0 0 0 1 0.7289142 -0.6739806 -0.120143 -8.10623e-5 0.2546439 0.4298182 -0.8662638 0.009366631 0.6354846 0.6008382 0.4849256 0.8961275 0 0 0 1 0.7289142 -0.6739806 -0.120143 -8.10623e-5 0.2546439 0.4298182 -0.8662638 0.009366631 0.6354846 0.6008382 0.4849256 0.893401 0 0 0 1 0.7289142 -0.6739806 -0.120143 -8.10623e-5 0.2546439 0.4298182 -0.8662638 0.009366631 0.6354846 0.6008382 0.4849256 0.8903608 0 0 0 1 0.7289142 -0.6739806 -0.120143 -8.10623e-5 0.2546439 0.4298182 -0.8662638 0.009366631 0.6354846 0.6008382 0.4849256 0.8870351 0 0 0 1 0.7289142 -0.6739805 -0.120143 -8.10623e-5 0.2546438 0.4298182 -0.8662638 0.009366631 0.6354845 0.6008382 0.4849256 0.8834533 0 0 0 1 0.7289142 -0.6739805 -0.1201429 -8.10623e-5 0.2546439 0.4298182 -0.8662638 0.009366631 0.6354845 0.6008382 0.4849256 0.8796418 0 0 0 1 0.7289142 -0.6739806 -0.1201429 -8.10623e-5 0.2546439 0.4298181 -0.8662638 0.009366631 0.6354846 0.6008383 0.4849255 0.8756297 0 0 0 1 0.7289142 -0.6739805 -0.1201429 -8.10623e-5 0.2546439 0.4298182 -0.8662638 0.009366631 0.6354845 0.6008382 0.4849256 0.8714463 0 0 0 1 0.7289142 -0.6739806 -0.120143 -8.10623e-5 0.2546439 0.4298182 -0.8662638 0.009366631 0.6354846 0.6008382 0.4849256 0.8671179 0 0 0 1 0.7289142 -0.6739806 -0.120143 -8.10623e-5 0.2546439 0.4298182 -0.8662638 0.009366631 0.6354846 0.6008382 0.4849256 0.8626738 0 0 0 1 0.7289142 -0.6739806 -0.120143 -8.10623e-5 0.2546439 0.4298182 -0.8662638 0.009366631 0.6354846 0.6008382 0.4849256 0.8581421 0 0 0 1 0.7289141 -0.6739807 -0.1201429 -8.10623e-5 0.2546439 0.429818 -0.8662638 0.009366631 0.6354847 0.6008383 0.4849255 0.8535524 0 0 0 1 0.7289142 -0.6739806 -0.1201429 -8.10623e-5 0.2546439 0.4298182 -0.8662638 0.009366631 0.6354846 0.6008382 0.4849256 0.8489307 0 0 0 1 0.7289141 -0.6739807 -0.1201429 -8.10623e-5 0.254644 0.4298181 -0.8662638 0.009366631 0.6354846 0.6008382 0.4849256 0.8443064 0 0 0 1 0.7289142 -0.6739806 -0.120143 -8.10623e-5 0.2546439 0.4298182 -0.8662638 0.009366631 0.6354846 0.6008382 0.4849256 0.8397086 0 0 0 1 0.7289142 -0.6739805 -0.1201429 -8.10623e-5 0.2546439 0.4298182 -0.8662638 0.009366631 0.6354845 0.6008382 0.4849256 0.8351637 0 0 0 1 0.7289142 -0.6739806 -0.1201429 -8.10623e-5 0.2546439 0.4298181 -0.8662638 0.009366631 0.6354846 0.6008382 0.4849255 0.830701 0 0 0 1 0.7289142 -0.6739805 -0.1201429 -8.10623e-5 0.2546439 0.4298182 -0.8662638 0.009366631 0.6354845 0.6008382 0.4849256 0.8263487 0 0 0 1 0.7289141 -0.6739807 -0.1201429 -8.10623e-5 0.2546439 0.429818 -0.8662638 0.009366631 0.6354846 0.6008382 0.4849255 0.8221361 0 0 0 1 0.7289141 -0.6739807 -0.1201429 -8.10623e-5 0.2546439 0.429818 -0.8662638 0.009366631 0.6354846 0.6008382 0.4849255 0.8180894 0 0 0 1 0.7289141 -0.6739807 -0.1201429 -8.10623e-5 0.2546439 0.429818 -0.8662639 0.009366631 0.6354847 0.6008383 0.4849255 0.8142381 0 0 0 1 0.7289142 -0.6739806 -0.1201429 -8.10623e-5 0.2546439 0.4298181 -0.8662638 0.009366631 0.6354846 0.6008382 0.4849255 0.8106102 0 0 0 1 0.7289142 -0.6739806 -0.1201429 -8.10623e-5 0.2546439 0.4298182 -0.8662637 0.009366631 0.6354846 0.6008381 0.4849256 0.8072348 0 0 0 1 0.7289142 -0.6739806 -0.1201429 -8.10623e-5 0.2546439 0.4298182 -0.8662637 0.009366631 0.6354846 0.6008381 0.4849256 0.8041388 0 0 0 1</float_array>
        <technique_common>
          <accessor source="#node-Bip01_matrix-output-array" count="61" stride="16">
            <param name="TRANSFORM" type="float4x4"/>
          </accessor>
        </technique_common>
      </source>
      <source id="node-Bip01_matrix-interpolation">
        <Name_array id="node-Bip01_matrix-interpolation-array" count="61">LINEAR LINEAR LINEAR LINEAR LINEAR LINEAR LINEAR LINEAR LINEAR LINEAR LINEAR LINEAR LINEAR LINEAR LINEAR LINEAR LINEAR LINEAR LINEAR LINEAR LINEAR LINEAR LINEAR LINEAR LINEAR LINEAR LINEAR LINEAR LINEAR LINEAR LINEAR LINEAR LINEAR LINEAR LINEAR LINEAR LINEAR LINEAR LINEAR LINEAR LINEAR LINEAR LINEAR LINEAR LINEAR LINEAR LINEAR LINEAR LINEAR LINEAR LINEAR LINEAR LINEAR LINEAR LINEAR LINEAR LINEAR LINEAR LINEAR LINEAR LINEAR</Name_array>
        <technique_common>
          <accessor source="#node-Bip01_matrix-interpolation-array" count="61" stride="1">
            <param name="INTERPOLATION" type="name"/>
          </accessor>
        </technique_common>
      </source>
      <source id="node-Bip01_Pelvis_matrix-input">
        <float_array id="node-Bip01_Pelvis_matrix-input-array" count="61">34.76667 34.8 34.83333 34.86666 34.9 34.93333 34.96667 35 35.03333 35.06667 35.1 35.13334 35.16667 35.2 35.23333 35.26667 35.3 35.33333 35.36666 35.4 35.43333 35.46667 35.5 35.53333 35.56667 35.6 35.63334 35.66667 35.7 35.73333 35.76667 35.8 35.83333 35.86666 35.9 35.93333 35.96667 36 36.03333 36.06667 36.1 36.13334 36.16667 36.2 36.23333 36.26667 36.3 36.33333 36.36666 36.4 36.43333 36.46667 36.5 36.53333 36.56667 36.6 36.63334 36.66667 36.7 36.73333 36.76667</float_array>
        <technique_common>
          <accessor source="#node-Bip01_Pelvis_matrix-input-array" count="61" stride="1">
            <param name="TIME" type="float"/>
          </accessor>
        </technique_common>
      </source>
      <source id="node-Bip01_Pelvis_matrix-output">
