<?xml version="1.0" encoding="utf-8"?>
<COLLADA xmlns="http://www.collada.org/2005/11/COLLADASchema" version="1.4.1">
  <asset>
    <contributor>
      <author>MattO</author>
      <authoring_tool>OpenCOLLADA for 3ds Max;  Version: 1.3.0;  Revision: 839M;  Platform: x64;  Configuration: Release_Max2012</authoring_tool>
      <source_data>file:///C:/Dropbox/Prj/GGStout/Turret/TP_Soldier_Turret_Animation_Master.max</source_data>
    </contributor>
    <created>2011-09-30T18:22:24</created>
    <modified>2011-09-30T18:22:24</modified>
    <unit name="meter" meter="1"/>
    <up_axis>Z_UP</up_axis>
  </asset>
  <library_effects>
    <effect id="ShapeBounds">
      <profile_COMMON>
        <technique sid="common">
          <blinn>
            <emission>
              <color>0 0 0 1</color>
            </emission>
            <ambient>
              <color>0.1647059 1 0 1</color>
            </ambient>
            <diffuse>
              <color>0.1647059 1 0 1</color>
            </diffuse>
            <specular>
              <color>0.9 0.9 0.9 1</color>
            </specular>
            <shininess>
              <float>10</float>
            </shininess>
            <reflective>
              <color>0 0 0 1</color>
            </reflective>
            <transparent opaque="A_ONE">
              <color>1 1 1 1</color>
            </transparent>
            <transparency>
              <float>1</float>
            </transparency>
          </blinn>
        </technique>
      </profile_COMMON>
      <extra>
        <technique profile="OpenCOLLADA3dsMax">
          <extended_shader>
            <apply_reflection_dimming>0</apply_reflection_dimming>
            <dim_level>0</dim_level>
            <falloff_type>0</falloff_type>
            <index_of_refraction>1.5</index_of_refraction>
            <opacity_type>0</opacity_type>
            <reflection_level>3</reflection_level>
            <wire_size>1</wire_size>
            <wire_units>0</wire_units>
          </extended_shader>
          <shader>
            <ambient_diffuse_lock>1</ambient_diffuse_lock>
            <ambient_diffuse_texture_lock>1</ambient_diffuse_texture_lock>
            <diffuse_specular_lock>0</diffuse_specular_lock>
            <soften>0.1</soften>
            <use_self_illum_color>0</use_self_illum_color>
          </shader>
        </technique>
      </extra>
    </effect>
  </library_effects>
  <library_materials>
    <material id="ShapeBounds-material" name="ShapeBounds">
      <instance_effect url="#ShapeBounds"/>
    </material>
  </library_materials>
  <library_geometries>
    <geometry id="geom-BOUNDS" name="BOUNDS">
      <mesh>
        <source id="geom-BOUNDS-positions">
          <float_array id="geom-BOUNDS-positions-array" count="24">-0.425 -0.425 0 0.425 -0.425 0 -0.425 0.425 0 0.425 0.425 0 -0.425 -0.425 1.84 0.425 -0.425 1.84 -0.425 0.425 1.84 0.425 0.425 1.84</float_array>
          <technique_common>
            <accessor source="#geom-BOUNDS-positions-array" count="8" stride="3">
              <param name="X" type="float"/>
              <param name="Y" type="float"/>
              <param name="Z" type="float"/>
            </accessor>
          </technique_common>
        </source>
        <source id="geom-BOUNDS-normals">
          <float_array id="geom-BOUNDS-normals-array" count="72">0 0 -1 0 0 -1 0 0 -1 0 0 -1 0 0 1 0 0 1 0 0 1 0 0 1 0 -1 0 0 -1 0 0 -1 0 0 -1 0 1 0 0 1 0 0 1 0 0 1 0 0 0 1 0 0 1 0 0 1 0 0 1 0 -1 0 0 -1 0 0 -1 0 0 -1 0 0</float_array>
          <technique_common>
            <accessor source="#geom-BOUNDS-normals-array" count="24" stride="3">
              <param name="X" type="float"/>
              <param name="Y" type="float"/>
              <param name="Z" type="float"/>
            </accessor>
          </technique_common>
        </source>
        <source id="geom-BOUNDS-map1">
          <float_array id="geom-BOUNDS-map1-array" count="36">0 0 0 1 0 0 0 1 0 1 1 0 0 0 0 1 0 0 0 1 0 1 1 0 0 0 0 1 0 0 0 1 0 1 1 0</float_array>
          <technique_common>
            <accessor source="#geom-BOUNDS-map1-array" count="12" stride="3">
              <param name="S" type="float"/>
              <param name="T" type="float"/>
              <param name="P" type="float"/>
            </accessor>
          </technique_common>
        </source>
        <vertices id="geom-BOUNDS-vertices">
          <input semantic="POSITION" source="#geom-BOUNDS-positions"/>
        </vertices>
        <triangles material="ShapeBounds" count="12">
          <input semantic="VERTEX" source="#geom-BOUNDS-vertices" offset="0"/>
          <input semantic="NORMAL" source="#geom-BOUNDS-normals" offset="1"/>
          <input semantic="TEXCOORD" source="#geom-BOUNDS-map1" offset="2" set="0"/>
          <p>0 0 9 2 1 11 3 2 10 3 2 10 1 3 8 0 0 9 4 4 8 5 5 9 7 6 11 7 6 11 6 7 10 4 4 8 0 8 4 1 9 5 5 10 7 5 10 7 4 11 6 0 8 4 1 12 0 3 13 1 7 14 3 7 14 3 5 15 2 1 12 0 3 16 4 2 17 5 6 18 7 6 18 7 7 19 6 3 16 4 2 20 0 0 21 1 4 22 3 4 22 3 6 23 2 2 20 0</p>
        </triangles>
      </mesh>
      <extra>
        <technique profile="OpenCOLLADA3dsMax">
          <max_box>
            <generateuvs>1</generateuvs>
            <height>1.84</height>
            <heightsegments>1</heightsegments>
            <length>0.85</length>
            <lengthsegments>1</lengthsegments>
            <width>0.85</width>
            <widthsegments>1</widthsegments>
          </max_box>
        </technique>
      </extra>
    </geometry>
  </library_geometries>
  <library_lights>
    <light id="EnvironmentAmbientLight" name="EnvironmentAmbientLight">
      <technique_common>
        <ambient>
          <color>0 0 0</color>
        </ambient>
      </technique_common>
    </light>
  </library_lights>
  <library_visual_scenes>
    <visual_scene id="MaxScene">
      <node name="EnvironmentAmbientLight">
        <instance_light url="#EnvironmentAmbientLight"/>
      </node>
      <node id="node-Bip01" name="Bip01">
        <matrix>8.34465e-7 -1 -1.37091e-6 0 0.5735766 1.60933e-6 -0.8191519 0 0.8191519 -1.49012e-7 0.5735766 0.9765947 0 0 0 1</matrix>
        <node id="node-Bip01_Pelvis" name="Bip01_Pelvis">
          <matrix sid="matrix">2.98023e-8 1 -1.3868e-6 0 -1.38747e-6 1.3868e-6 1 0 1 -2.98023e-8 1.38747e-6 0 0 0 0 1</matrix>
          <node id="node-Bip01_Spine" name="Bip01_Spine">
            <matrix sid="matrix">0.7780787 -0.628167 -3.1283e-6 0.199298 0.628167 0.7780787 3.54605e-6 0.02655232 2.06556e-7 -4.7242e-6 1 2.31756e-7 0 0 0 1</matrix>
            <node id="node-Bip01_Spine1" name="Bip01_Spine1">
              <matrix>0.7675779 -0.6409555 -1.77679e-6 0.1022946 0.6409555 0.7675779 -6.45809e-7 -7.75754e-5 1.77776e-6 -6.43132e-7 1 -2.15323e-10 0 0 0 1</matrix>
              <node id="node-Bip01_Spine2" name="Bip01_Spine2">
                <matrix>0.9061314 -0.4229963 -1.17322e-6 0.1269386 0.4229963 0.9061314 -2.60354e-7 -1.5527e-4 1.17322e-6 -2.60354e-7 1 -4.30646e-10 0 0 0 1</matrix>
                <node id="node-Bip01_Neck" name="Bip01_Neck">
                  <matrix>0.8708675 -0.491518 -1.33282e-6 0.2151104 0.491518 0.8708675 -3.6645e-7 -4.80413e-5 1.34082e-6 -3.35974e-7 1 -1.34378e-10 0 0 0 1</matrix>
                  <node id="node-Bip01_Head" name="Bip01_Head">
                    <matrix>0.5120421 0.8589603 2.38485e-6 0.07051814 -0.8589603 0.5120421 -1.28789e-6 -0.01395905 -2.32739e-6 -1.38904e-6 1 -2.09684e-9 0 0 0 1</matrix>
                    <node id="node-ALTEYE" name="ALTEYE">
                      <matrix>0.4506336 0.3792479 0.8081465 0.06454682 0.04412805 0.8947043 -0.4444742 0.2214611 -0.8916174 0.2359568 0.3864483 0.04716265 0 0 0 1</matrix>
                    </node>
                  </node>
                  <node id="node-Bip01_L_Clavicle" name="Bip01_L_Clavicle">
                    <matrix sid="matrix">-0.5160856 -0.4913943 0.7015605 -0.02531704 0.237278 -0.8690308 -0.434148 -0.01248002 0.8230157 -0.05759271 0.5650914 0.06834728 0 0 0 1</matrix>
                    <node id="node-Bip01_L_UpperArm" name="Bip01_L_UpperArm">
                      <matrix sid="matrix">-0.6166615 0.1126864 0.7791215 0.1824006 -0.2007846 0.934456 -0.2940705 0 -0.7611924 -0.3377776 -0.5536175 0 0 0 0 1</matrix>
                      <node id="node-Bip01_L_Forearm" name="Bip01_L_Forearm">
                        <matrix sid="matrix">0.8208475 0.5711476 -2.98023e-8 0.284369 -0.5711475 0.8208475 2.98023e-8 0 -5.96046e-8 5.96046e-8 0.9999999 -1.19209e-7 0 0 0 1</matrix>
                        <node id="node-Bip01_L_Hand" name="Bip01_L_Hand">
                          <matrix sid="matrix">-0.04306644 0.8611469 0.5065286 0.281068 -0.9821783 -0.1293355 0.1363751 0 0.1829511 -0.4916283 0.8513698 0 0 0 0 1</matrix>
                          <node id="node-Bip01_L_Finger0" name="Bip01_L_Finger0">
                            <matrix>0.5215106 0.269013 0.8097275 0.02119678 0.7250717 0.3605265 -0.5867639 -0.004734233 -0.4497753 0.8931141 -0.007035509 -0.02572179 0 0 0 1</matrix>
                            <node id="node-Bip01_L_Finger01" name="Bip01_L_Finger01">
                              <matrix>0.6423532 -0.7636236 -0.06527571 0.04982853 0.7605615 0.6456371 -0.06854742 1.19209e-7 0.09448883 -0.005614489 0.99551 2.98023e-8 0 0 0 1</matrix>
                              <node id="node-Bip01_L_Finger02" name="Bip01_L_Finger02">
                                <matrix>0.9505157 -0.3106764 0 0.05202234 0.3106764 0.9505157 -1.49012e-8 -1.19209e-7 0 -1.11759e-8 0.9999999 -2.98023e-8 0 0 0 1</matrix>
                              </node>
                            </node>
                          </node>
                          <node id="node-Bip01_L_Finger1" name="Bip01_L_Finger1">
                            <matrix>0.6408504 -0.7640201 0.07472669 0.1199946 0.7674398 0.6352569 -0.08651491 -0.008367583 0.01862848 0.1127913 0.9934441 -0.04101396 0 0 0 1</matrix>
                            <node id="node-Bip01_L_Finger11" name="Bip01_L_Finger11">
                              <matrix>0.8240548 -0.5665103 0 0.03644176 0.5665103 0.8240548 0 0 0 0 1 0 0 0 0 1</matrix>
                              <node id="node-Bip01_L_Finger12" name="Bip01_L_Finger12">
                                <matrix>0.8146399 -0.5796778 -0.01831837 0.03117552 0.5799672 0.8142332 0.02573051 -1.49012e-8 -2.98023e-8 -0.03158516 0.999501 2.38419e-7 0 0 0 1</matrix>
                              </node>
                            </node>
                          </node>
                          <node id="node-Bip01_L_Finger2" name="Bip01_L_Finger2">
                            <matrix>0.6754014 -0.7374503 1.52111e-4 0.1229538 0.7368312 0.6748428 0.04082685 -0.008802056 -0.03021039 -0.02746242 0.9991662 -0.01328254 0 0 0 1</matrix>
                            <node id="node-Bip01_L_Finger21" name="Bip01_L_Finger21">
                              <matrix>0.5508358 -0.8338858 0.03484872 0.03895515 0.832222 0.551937 0.05265063 0 -0.0631389 0 0.9980048 0 0 0 0 1</matrix>
                              <node id="node-Bip01_L_Finger22" name="Bip01_L_Finger22">
                                <matrix>0.1984738 -0.9799244 -0.01886613 0.03800535 0.9755272 0.1993682 -0.09272987 -5.96046e-8 0.09462957 -9.31323e-10 0.9955124 2.38419e-7 0 0 0 1</matrix>
                              </node>
                            </node>
                          </node>
                          <node id="node-Bip01_L_Finger3" name="Bip01_L_Finger3">
                            <matrix>0.7159052 -0.6949216 -0.06755453 0.1211881 0.6883787 0.6863564 0.234627 -0.001191288 -0.1166809 -0.2144738 0.9697353 0.01196837 0 0 0 1</matrix>
                            <node id="node-Bip01_L_Finger31" name="Bip01_L_Finger31">
                              <matrix>0.4441953 -0.8949345 -0.04222351 0.03155848 0.8909185 0.4461976 -0.08468723 -5.96046e-8 0.09462956 -5.96046e-8 0.9955126 5.96046e-8 0 0 0 1</matrix>
                              <node id="node-Bip01_L_Finger32" name="Bip01_L_Finger32">
                                <matrix>0.1993683 -0.9794358 0.03095102 0.03366596 0.9799246 0.1992687 -0.006297112 0 2.98023e-8 0.0315851 0.9995011 0 0 0 0 1</matrix>
                              </node>
                            </node>
                          </node>
                          <node id="node-Bip01_L_Finger4" name="Bip01_L_Finger4">
                            <matrix>0.5925789 -0.789795 0.1583476 0.1136797 0.7783523 0.6120423 0.1399001 0.005147412 -0.2074078 0.04034831 0.9774221 0.0388658 0 0 0 1</matrix>
                            <node id="node-Bip01_L_Finger41" name="Bip01_L_Finger41">
                              <matrix>0.4202556 -0.9064698 -0.04120624 0.03661621 0.9068531 0.421151 -0.01578782 2.98023e-8 0.03166523 -0.03073302 0.999026 0 0 0 0 1</matrix>
                              <node id="node-Bip01_L_Finger42" name="Bip01_L_Finger42">
                                <matrix>0.402447 -0.9138246 0.05441486 0.0177263 0.9154232 0.4021219 -0.01728319 0 -0.006087616 0.05676818 0.9983689 -1.19209e-7 0 0 0 1</matrix>
                              </node>
                            </node>
                          </node>
                        </node>
                      </node>
                    </node>
                  </node>
                  <node id="node-Bip01_R_Clavicle" name="Bip01_R_Clavicle">
                    <matrix>-0.5139332 -0.4913911 -0.7031411 -0.02531701 0.2358409 -0.8690254 0.434941 -0.01247966 -0.8247737 0.05770123 0.5625113 -0.06834735 0 0 0 1</matrix>
                    <node id="node-Bip01_R_UpperArm" name="Bip01_R_UpperArm">
                      <matrix>0.07837161 0.6446644 -0.7604379 0.1824006 -0.9786632 -0.09557736 -0.1818883 0 -0.1899375 0.7584674 0.6234187 -5.96046e-8 0 0 0 1</matrix>
                      <node id="node-Bip01_R_Forearm" name="Bip01_R_Forearm">
                        <matrix>0.8033637 0.595489 1.49012e-8 0.284369 -0.595489 0.8033634 0 0 1.11759e-8 -1.49012e-8 1 5.96046e-8 0 0 0 1</matrix>
                        <node id="node-Bip01_R_Hand" name="Bip01_R_Hand">
                          <matrix>-0.3210542 -0.9457392 0.05001415 0.2810681 -0.01235574 -0.04862256 -0.9987408 -1.19209e-7 0.9469801 -0.321268 0.00392516 0 0 0 0 1</matrix>
                          <node id="node-Bip01_R_Finger0" name="Bip01_R_Finger0">
                            <matrix>0.5864987 0.5584857 -0.5866112 0.02119672 0.549592 0.2575932 0.7947292 -0.004734218 0.594952 -0.7885045 -0.1558613 0.02572191 0 0 0 1</matrix>
                            <node id="node-Bip01_R_Finger01" name="Bip01_R_Finger01">
                              <matrix>0.9984426 -0.03286719 -0.0450777 0.04982853 0.03276294 0.9994584 -0.003049925 1.19209e-7 0.04515358 0.001568317 0.9989789 0 0 0 0 1</matrix>
                              <node id="node-Bip01_R_Finger02" name="Bip01_R_Finger02">
                                <matrix>0.9784714 0.2063825 -1.86265e-8 0.0520224 -0.2063825 0.9784714 7.45058e-9 -1.19209e-7 6.70552e-8 2.98023e-8 1 2.98023e-8 0 0 0 1</matrix>
                              </node>
                            </node>
                          </node>
                          <node id="node-Bip01_R_Finger1" name="Bip01_R_Finger1">
                            <matrix>0.9929682 -0.0307348 -0.1143215 0.1199946 0.05074905 0.9829876 0.1765219 -0.008367538 0.1069512 -0.1810823 0.9776353 0.04101384 0 0 0 1</matrix>
                            <node id="node-Bip01_R_Finger11" name="Bip01_R_Finger11">
                              <matrix>0.9786204 -0.205675 7.45058e-9 0.03644171 0.205675 0.9786204 3.72529e-9 2.98023e-8 3.72529e-9 -3.72529e-9 1 -1.19209e-7 0 0 0 1</matrix>
                              <node id="node-Bip01_R_Finger12" name="Bip01_R_Finger12">
                                <matrix>0.9786205 -0.205675 -3.72529e-9 0.03117546 0.205675 0.9786205 0 0 7.45058e-9 -7.45058e-9 1 -1.19209e-7 0 0 0 1</matrix>
                              </node>
                            </node>
                          </node>
                          <node id="node-Bip01_R_Finger2" name="Bip01_R_Finger2">
                            <matrix>0.9925044 -0.1221326 0.004327267 0.1229538 0.1222092 0.9918535 -0.03593911 -0.008802027 9.73344e-5 0.03619862 0.9993446 0.0132823 0 0 0 1</matrix>
                            <node id="node-Bip01_R_Finger21" name="Bip01_R_Finger21">
                              <matrix>0.9956129 -0.0935699 2.98023e-8 0.03895521 0.09356987 0.9956127 0 -2.98023e-8 7.45058e-9 -2.98023e-8 1 -1.19209e-7 0 0 0 1</matrix>
                              <node id="node-Bip01_R_Finger22" name="Bip01_R_Finger22">
                                <matrix>0.9956128 -0.09356992 1.49012e-8 0.03800538 0.0935699 0.9956127 2.98023e-8 2.98023e-8 -7.45058e-9 0 1 1.19209e-7 0 0 0 1</matrix>
                              </node>
                            </node>
                          </node>
                          <node id="node-Bip01_R_Finger3" name="Bip01_R_Finger3">
                            <matrix>0.9921618 -0.06649599 0.1057986 0.1211881 0.08649814 0.9764947 -0.1974235 -0.001191258 -0.09018388 0.2050274 0.9745925 -0.01196873 0 0 0 1</matrix>
                            <node id="node-Bip01_R_Finger31" name="Bip01_R_Finger31">
                              <matrix>0.9905837 -0.1369089 0 0.03155845 0.136909 0.9905837 -2.98023e-8 2.98023e-8 -2.98023e-8 0 1 -1.19209e-7 0 0 0 1</matrix>
                              <node id="node-Bip01_R_Finger32" name="Bip01_R_Finger32">
                                <matrix>0.9905838 -0.1369089 2.98023e-8 0.03366596 0.1369088 0.9905837 0 -1.19209e-7 1.49012e-8 -2.98023e-8 1 0 0 0 0 1</matrix>
                              </node>
                            </node>
                          </node>
                          <node id="node-Bip01_R_Finger4" name="Bip01_R_Finger4">
                            <matrix>0.9797847 -0.1556327 0.1257006 0.1136796 0.1724154 0.9755896 -0.1360083 0.005147412 -0.1014648 0.1549316 0.9827009 -0.03886592 0 0 0 1</matrix>
                            <node id="node-Bip01_R_Finger41" name="Bip01_R_Finger41">
                              <matrix>0.9986049 -0.05280367 1.49012e-8 0.03661627 0.05280365 0.9986048 0 2.98023e-8 2.98023e-8 0 0.9999999 0 0 0 0 1</matrix>
                              <node id="node-Bip01_R_Finger42" name="Bip01_R_Finger42">
                                <matrix>0.969012 -0.2470135 -1.49012e-8 0.0177263 0.2470135 0.9690119 0 -2.98023e-8 -7.45058e-9 -2.98023e-8 1 0 0 0 0 1</matrix>
                              </node>
                            </node>
                          </node>
                          <node id="node-MOUNT0" name="MOUNT0">
                            <matrix>-6.4075e-7 1 -1.04308e-7 0.109539 -0.9999999 -6.66827e-7 4.76837e-7 0.02518263 4.76837e-7 1.19209e-7 0.9999998 0.01321661 0 0 0 1</matrix>
                          </node>
                        </node>
                      </node>
                    </node>
                  </node>
                </node>
                <node id="node-Bip01_L_Pauldron_Upper" name="Bip01_L_Pauldron_Upper">
                  <matrix sid="matrix">0.7278236 -0.2757164 0.6278967 0.1769029 -0.5505592 -0.7808177 0.2953124 -0.03908372 0.4088502 -0.5606296 -0.7200952 0.2290197 0 0 0 1</matrix>
                </node>
                <node id="node-Bip01_R_Pauldron_Lower" name="Bip01_R_Pauldron_Lower">
                  <matrix sid="matrix">-0.1923479 -0.9281313 -0.3187097 0.172906 0.8887086 -0.3024854 0.3445299 -0.1133293 -0.4161738 -0.2169703 0.8830199 -0.2351094 0 0 0 1</matrix>
                </node>
                <node id="node-Bip01_L_Pauldron_Lower" name="Bip01_L_Pauldron_Lower">
                  <matrix sid="matrix">-0.2600554 -0.8627858 0.433558 0.1529203 0.5289516 -0.5029339 -0.6835701 -0.1054225 0.8078252 0.05156505 0.5871623 0.2344799 0 0 0 1</matrix>
                </node>
              </node>
            </node>
            <node id="node-Bip01_L_Thigh" name="Bip01_L_Thigh">
              <matrix sid="matrix">0.5573009 0.8272911 0.07074709 -0.1717488 0.8298253 -0.5520376 -0.0815118 0.1045322 -0.02837892 0.1041344 -0.9941583 0.1274867 0 0 0 1</matrix>
              <node id="node-Bip01_L_Calf" name="Bip01_L_Calf">
                <matrix>-0.9399683 0.3412619 1.11759e-8 0.4629989 -0.3412618 -0.9399682 -9.31323e-9 -5.96046e-8 3.72529e-9 -1.21072e-8 1 0 0 0 0 1</matrix>
                <node id="node-Bip01_L_Foot" name="Bip01_L_Foot">
                  <matrix>0.4256106 0.9049063 4.23593e-4 0.3610501 -0.8994558 0.4229954 0.1097916 4.47035e-8 0.099172 -0.04710948 0.9939544 -7.45058e-9 0 0 0 1</matrix>
                  <node id="node-Bip01_L_Toe0" name="Bip01_L_Toe0">
                    <matrix>0 -1 -4.43542e-8 0.1486306 1 -7.45058e-9 4.65661e-10 0.1543275 -4.65661e-10 -4.37722e-8 1 7.45058e-9 0 0 0 1</matrix>
                  </node>
                </node>
              </node>
            </node>
            <node id="node-Bip01_R_Thigh" name="Bip01_R_Thigh">
              <matrix sid="matrix">0.5573 0.8272915 -0.07074809 -0.1717488 0.8298258 -0.552036 0.08151881 0.1045329 0.02838434 -0.104139 -0.9941577 -0.1274861 0 0 0 1</matrix>
              <node id="node-Bip01_R_Calf" name="Bip01_R_Calf">
                <matrix>-0.939968 0.3412627 7.45058e-9 0.4629987 -0.3412627 -0.939968 -9.31323e-9 5.96046e-8 3.72529e-9 9.31323e-10 1 7.45058e-9 0 0 0 1</matrix>
                <node id="node-Bip01_R_Foot" name="Bip01_R_Foot">
                  <matrix>0.4256108 0.9049062 -4.23431e-4 0.3610501 -0.8994555 0.4229957 -0.1097935 2.98023e-8 -0.09917368 0.04711014 0.9939543 0 0 0 0 1</matrix>
                  <node id="node-Bip01_R_Toe0" name="Bip01_R_Toe0">
                    <matrix>-7.45058e-9 -1 4.58676e-8 0.1486307 1 -7.45058e-9 -4.65661e-10 0.1543275 0 4.60423e-8 1 0 0 0 0 1</matrix>
                  </node>
                </node>
              </node>
            </node>
          </node>
          <node id="node-Bip01_FannyPack" name="Bip01_FannyPack">
            <matrix>-0.9629917 -0.2062316 0.1735378 0.2299505 -0.2083318 0.9780381 0.006226726 -0.1378937 -0.1710107 -0.03015653 -0.9848075 0.01013958 0 0 0 1</matrix>
          </node>
        </node>
        <node id="node-EYE" name="EYE">
          <matrix>8.25421e-7 0.573576 0.8191516 0.5458981 -0.9999999 1.64631e-6 4.62451e-8 -0.003750962 -1.38666e-6 -0.8191518 0.5735765 0.255426 0 0 0 1</matrix>
          <node id="node-CAM" name="CAM">
            <matrix>1 -6.03104e-8 1.42109e-14 4.84288e-8 6.03104e-8 1 -2.32831e-9 -0.104 0 2.32831e-9 1 0.30056 0 0 0 1</matrix>
          </node>
        </node>
      </node>
      <node id="node-BOUNDS" name="BOUNDS">
        <matrix>0.9999915 0.001706907 0.003750479 0 -0.001711356 0.9999978 0.001183292 0.1035326 -0.003748452 -0.0011897 0.9999923 -8.93474e-5 0 0 0 1</matrix>
        <instance_geometry url="#geom-BOUNDS">
          <bind_material>
            <technique_common>
              <instance_material symbol="ShapeBounds" target="#ShapeBounds-material"/>
            </technique_common>
          </bind_material>
        </instance_geometry>
      </node>
    </visual_scene>
  </library_visual_scenes>
  <library_animations>
    <animation>
      <source id="node-Bip01_Pelvis_matrix-input">
        <float_array id="node-Bip01_Pelvis_matrix-input-array" count="6">24.33333 24.36667 24.4 24.43333 24.46667 24.5</float_array>
        <technique_common>
          <accessor source="#node-Bip01_Pelvis_matrix-input-array" count="6" stride="1">
            <param name="TIME" type="float"/>
          </accessor>
        </technique_common>
      </source>
      <source id="node-Bip01_Pelvis_matrix-output">
        <float_array id="node-Bip01_Pelvis_matrix-output-array" count="96">0 1 -1.3868e-6 0 -1.38747e-6 1.3868e-6 1 0 1 0 1.38747e-6 0 0 0 0 1 6.51479e-5 0.999964 -0.008485734 0 0.007839143 0.008484959 0.9999333 0 0.9999692 -1.31696e-4 -0.007838308 0 0 0 0 1 6.85453e-5 0.9999545 -0.009546339 0 0.008819282 0.009545385 0.9999155 0 0.9999611 -1.52767e-4 -0.008818209 0 0 0 0 1 5.51045e-5 0.9999797 -0.006364703 0 0.005879044 0.006364285 0.9999625 0 0.9999827 -9.24766e-5 -0.005878567 0 0 0 0 1 2.25306e-5 0.9999977 -0.002122402 0 0.001958668 0.002122342 0.9999958 0 0.9999981 -2.67029e-5 -0.001958608 0 0 0 0 1 0 1 -1.3868e-6 0 -1.38747e-6 1.3868e-6 1 0 1 0 1.38747e-6 0 0 0 0 1</float_array>
        <technique_common>
          <accessor source="#node-Bip01_Pelvis_matrix-output-array" count="6" stride="16">
            <param name="TRANSFORM" type="float4x4"/>
          </accessor>
        </technique_common>
      </source>
      <source id="node-Bip01_Pelvis_matrix-interpolation">
        <Name_array id="node-Bip01_Pelvis_matrix-interpolation-array" count="6">LINEAR LINEAR LINEAR LINEAR LINEAR LINEAR</Name_array>
        <technique_common>
          <accessor source="#node-Bip01_Pelvis_matrix-interpolation-array" count="6" stride="1">
            <param name="INTERPOLATION" type="name"/>
          </accessor>
        </technique_common>
      </source>
      <source id="node-Bip01_Spine_matrix-input">
        <float_array id="node-Bip01_Spine_matrix-input-array" count="6">24.33333 24.36667 24.4 24.43333 24.46667 24.5</float_array>
        <technique_common>
          <accessor source="#node-Bip01_Spine_matrix-input-array" count="6" stride="1">
            <param name="TIME" type="float"/>
          </accessor>
        </technique_common>
      </source>
      <source id="node-Bip01_Spine_matrix-output">
        <float_array id="node-Bip01_Spine_matrix-output-array" count="96">0.7780787 -0.628167 -3.1283e-6 0.1992979 0.628167 0.7780787 3.54605e-6 0.02655231 2.06556e-7 -4.7242e-6 1 2.31756e-7 0 0 0 1 0.7780957 -0.6280969 0.007837414 0.1992935 0.6280418 0.7781333 0.008487164 0.02652508 -0.0114293 -0.001681566 0.9999333 -0.001787483 0 0 0 1 0.7780916 -0.6280893 0.008817493 0.1992921 0.6280195 0.7781392 0.009547531 0.02652072 -0.01285797 -0.001891255 0.9999157 -0.002010941 0 0 0 1 0.7780998 -0.6281132 0.005877315 0.199296 0.6280822 0.778121 0.006366431 0.02653336 -0.008572101 -0.001262247 0.9999625 -0.001340568 0 0 0 1 0.7780913 -0.6281483 0.00195688 0.1992982 0.6281449 0.7780938 0.002124488 0.02654701 -0.002857148 -4.23838e-4 0.9999958 -4.46713e-4 0 0 0 1 0.7780787 -0.6281669 -3.1283e-6 0.1992979 0.6281669 0.7780787 3.54605e-6 0.02655231 2.06556e-7 -4.7242e-6 1 2.31756e-7 0 0 0 1</float_array>
        <technique_common>
          <accessor source="#node-Bip01_Spine_matrix-output-array" count="6" stride="16">
            <param name="TRANSFORM" type="float4x4"/>
          </accessor>
        </technique_common>
      </source>
      <source id="node-Bip01_Spine_matrix-interpolation">
        <Name_array id="node-Bip01_Spine_matrix-interpolation-array" count="6">LINEAR LINEAR LINEAR LINEAR LINEAR LINEAR</Name_array>
        <technique_common>
          <accessor source="#node-Bip01_Spine_matrix-interpolation-array" count="6" stride="1">
            <param name="INTERPOLATION" type="name"/>
          </accessor>
        </technique_common>
      </source>
      <source id="node-Bip01_L_Clavicle_matrix-input">
        <float_array id="node-Bip01_L_Clavicle_matrix-input-array" count="6">24.33333 24.36667 24.4 24.43333 24.46667 24.5</float_array>
        <technique_common>
          <accessor source="#node-Bip01_L_Clavicle_matrix-input-array" count="6" stride="1">
            <param name="TIME" type="float"/>
          </accessor>
        </technique_common>
      </source>
      <source id="node-Bip01_L_Clavicle_matrix-output">
        <float_array id="node-Bip01_L_Clavicle_matrix-output-array" count="96">-0.5160856 -0.4913943 0.7015605 -0.02531701 0.2372779 -0.8690308 -0.434148 -0.01248002 0.8230157 -0.05759268 0.5650914 0.06834727 0 0 0 1 -0.5159942 -0.4913944 0.7016277 -0.02531701 0.2372217 -0.8690308 -0.4341788 -0.01248002 0.8230893 -0.05759239 0.5649845 0.06834727 0 0 0 1 -0.5159044 -0.4913944 0.7016938 -0.02531701 0.2371664 -0.869031 -0.4342088 -0.0124799 0.8231615 -0.05759203 0.5648792 0.06834727 0 0 0 1 -0.5158162 -0.4913944 0.7017586 -0.02531701 0.2371122 -0.8690309 -0.4342385 -0.0124799 0.8232324 -0.05759173 0.5647758 0.06834727 0 0 0 1 -0.5157297 -0.4913944 0.7018222 -0.02531701 0.2370589 -0.869031 -0.4342675 -0.0124799 0.8233019 -0.05759137 0.5646746 0.06834727 0 0 0 1 -0.5156449 -0.4913944 0.7018846 -0.02531701 0.2370068 -0.8690309 -0.434296 -0.01248002 0.82337 -0.05759108 0.5645751 0.06834727 0 0 0 1</float_array>
        <technique_common>
          <accessor source="#node-Bip01_L_Clavicle_matrix-output-array" count="6" stride="16">
            <param name="TRANSFORM" type="float4x4"/>
          </accessor>
        </technique_common>
      </source>
      <source id="node-Bip01_L_Clavicle_matrix-interpolation">
        <Name_array id="node-Bip01_L_Clavicle_matrix-interpolation-array" count="6">LINEAR LINEAR LINEAR LINEAR LINEAR LINEAR</Name_array>
        <technique_common>
          <accessor source="#node-Bip01_L_Clavicle_matrix-interpolation-array" count="6" stride="1">
            <param name="INTERPOLATION" type="name"/>
          </accessor>
        </technique_common>
      </source>
      <source id="node-Bip01_L_UpperArm_matrix-input">
        <float_array id="node-Bip01_L_UpperArm_matrix-input-array" count="6">24.33333 24.36667 24.4 24.43333 24.46667 24.5</float_array>
        <technique_common>
          <accessor source="#node-Bip01_L_UpperArm_matrix-input-array" count="6" stride="1">
            <param name="TIME" type="float"/>
          </accessor>
        </technique_common>
      </source>
      <source id="node-Bip01_L_UpperArm_matrix-output">
        <float_array id="node-Bip01_L_UpperArm_matrix-output-array" count="96">-0.6166616 0.1126863 0.7791215 0.1824006 -0.2007846 0.934456 -0.2940704 0 -0.7611925 -0.3377776 -0.5536175 0 0 0 0 1 -0.6177851 0.1094285 0.7786956 0.1824005 -0.2001138 0.9357883 -0.2902665 0 -0.7604576 -0.3351501 -0.556218 0 0 0 0 1 -0.6188993 0.1062017 0.7782575 0.1824006 -0.1994566 0.9370911 -0.2864916 -1.19209e-7 -0.759724 -0.332538 -0.5587825 0 0 0 0 1 -0.6200026 0.1030047 0.7778089 0.1824006 -0.1988192 0.9383626 -0.2827484 0 -0.7589912 -0.3299481 -0.5613079 0 0 0 0 1 -0.6210952 0.09984117 0.7773498 0.1824006 -0.1981939 0.9396052 -0.2790361 0 -0.7582612 -0.327374 -0.5637965 0 0 0 0 1 -0.6221762 0.09671068 0.7768808 0.1824005 -0.1975857 0.9408175 -0.275358 1.19209e-7 -0.7575333 -0.3248217 -0.5662457 0 0 0 0 1</float_array>
        <technique_common>
          <accessor source="#node-Bip01_L_UpperArm_matrix-output-array" count="6" stride="16">
            <param name="TRANSFORM" type="float4x4"/>
          </accessor>
        </technique_common>
      </source>
      <source id="node-Bip01_L_UpperArm_matrix-interpolation">
        <Name_array id="node-Bip01_L_UpperArm_matrix-interpolation-array" count="6">LINEAR LINEAR LINEAR LINEAR LINEAR LINEAR</Name_array>
        <technique_common>
          <accessor source="#node-Bip01_L_UpperArm_matrix-interpolation-array" count="6" stride="1">
            <param name="INTERPOLATION" type="name"/>
          </accessor>
        </technique_common>
      </source>
      <source id="node-Bip01_L_Forearm_matrix-input">
        <float_array id="node-Bip01_L_Forearm_matrix-input-array" count="6">24.33333 24.36667 24.4 24.43333 24.46667 24.5</float_array>
        <technique_common>
          <accessor source="#node-Bip01_L_Forearm_matrix-input-array" count="6" stride="1">
            <param name="TIME" type="float"/>
          </accessor>
        </technique_common>
      </source>
      <source id="node-Bip01_L_Forearm_matrix-output">
        <float_array id="node-Bip01_L_Forearm_matrix-output-array" count="96">0.8208475 0.5711476 0 0.2843689 -0.5711475 0.8208475 0 0 0 0 1 -1.19209e-7 0 0 0 1 0.8205546 0.5715684 0 0.2843689 -0.5715684 0.8205546 0 0 0 0 1 2.38419e-7 0 0 0 1 0.8202681 0.5719794 0 0.2843689 -0.5719795 0.8202681 0 0 0 0 1 1.19209e-7 0 0 0 1 0.8199932 0.5723733 0 0.2843689 -0.5723732 0.8199931 0 0 -1.78814e-7 0 1 1.19209e-7 0 0 0 1 0.8197227 0.5727607 0 0.2843689 -0.5727606 0.8197226 0 0 0 0 1 1.19209e-7 0 0 0 1 0.8194611 0.5731348 0 0.2843689 -0.5731349 0.8194611 0 0 0 0 1 0 0 0 0 1</float_array>
        <technique_common>
          <accessor source="#node-Bip01_L_Forearm_matrix-output-array" count="6" stride="16">
            <param name="TRANSFORM" type="float4x4"/>
          </accessor>
        </technique_common>
      </source>
      <source id="node-Bip01_L_Forearm_matrix-interpolation">
        <Name_array id="node-Bip01_L_Forearm_matrix-interpolation-array" count="6">LINEAR LINEAR LINEAR LINEAR LINEAR LINEAR</Name_array>
        <technique_common>
          <accessor source="#node-Bip01_L_Forearm_matrix-interpolation-array" count="6" stride="1">
            <param name="INTERPOLATION" type="name"/>
          </accessor>
        </technique_common>
      </source>
      <source id="node-Bip01_L_Hand_matrix-input">
        <float_array id="node-Bip01_L_Hand_matrix-input-array" count="6">24.33333 24.36667 24.4 24.43333 24.46667 24.5</float_array>
        <technique_common>
          <accessor source="#node-Bip01_L_Hand_matrix-input-array" count="6" stride="1">
            <param name="TIME" type="float"/>
          </accessor>
        </technique_common>
      </source>
      <source id="node-Bip01_L_Hand_matrix-output">
        <float_array id="node-Bip01_L_Hand_matrix-output-array" count="96">-0.04306644 0.8611469 0.5065286 0.281068 -0.9821783 -0.1293355 0.1363751 0 0.1829511 -0.4916282 0.8513698 0 0 0 0 1 -0.04201954 0.8600396 0.508494 0.281068 -0.9829445 -0.1267853 0.133212 0 0.1790371 -0.4942238 0.8506988 -1.19209e-7 0 0 0 1 -0.04099857 0.8589395 0.5104334 0.2810681 -0.9836879 -0.1242516 0.1300754 0 0.1751491 -0.4967743 0.8500226 0 0 0 0 1 -0.04000622 0.8578462 0.5123472 0.2810681 -0.9844077 -0.12174 0.1269682 0 0.1712923 -0.4992791 0.8493406 -1.19209e-7 0 0 0 1 -0.0390371 0.8567609 0.5142341 0.281068 -0.9851049 -0.1192449 0.1238903 0 0.1674641 -0.5017384 0.8486545 -1.19209e-7 0 0 0 1 -0.03809547 0.8556845 0.5160937 0.2810681 -0.9857795 -0.1167722 0.1208432 0 0.1636691 -0.5041509 0.8479648 0 0 0 0 1</float_array>
        <technique_common>
          <accessor source="#node-Bip01_L_Hand_matrix-output-array" count="6" stride="16">
            <param name="TRANSFORM" type="float4x4"/>
          </accessor>
        </technique_common>
      </source>
      <source id="node-Bip01_L_Hand_matrix-interpolation">
        <Name_array id="node-Bip01_L_Hand_matrix-interpolation-array" count="6">LINEAR LINEAR LINEAR LINEAR LINEAR LINEAR</Name_array>
        <technique_common>
          <accessor source="#node-Bip01_L_Hand_matrix-interpolation-array" count="6" stride="1">
            <param name="INTERPOLATION" type="name"/>
          </accessor>
        </technique_common>
      </source>
      <source id="node-Bip01_L_Pauldron_Upper_matrix-input">
        <float_array id="node-Bip01_L_Pauldron_Upper_matrix-input-array" count="6">24.33333 24.36667 24.4 24.43333 24.46667 24.5</float_array>
        <technique_common>
          <accessor source="#node-Bip01_L_Pauldron_Upper_matrix-input-array" count="6" stride="1">
            <param name="TIME" type="float"/>
          </accessor>
        </technique_common>
      </source>
      <source id="node-Bip01_L_Pauldron_Upper_matrix-output">
        <float_array id="node-Bip01_L_Pauldron_Upper_matrix-output-array" count="96">0.7278236 -0.2757164 0.6278967 0.1769028 -0.5505592 -0.7808177 0.2953124 -0.03908371 0.4088502 -0.5606296 -0.7200952 0.2290197 0 0 0 1 0.727881 -0.2757831 0.6278009 0.1769028 -0.5505536 -0.7808199 0.2953171 -0.03908371 0.4087557 -0.5605936 -0.720177 0.2290197 0 0 0 1 0.7279371 -0.2758492 0.6277068 0.1769028 -0.5505483 -0.7808219 0.2953214 -0.03908371 0.4086628 -0.5605582 -0.7202572 0.2290197 0 0 0 1 0.7279921 -0.2759135 0.6276143 0.1769028 -0.5505426 -0.7808241 0.2953257 -0.0390836 0.4085718 -0.5605236 -0.7203358 0.2290197 0 0 0 1 0.7280464 -0.2759769 0.6275237 0.1769028 -0.5505376 -0.7808262 0.29533 -0.03908371 0.4084825 -0.5604894 -0.7204132 0.2290197 0 0 0 1 0.7280995 -0.2760389 0.6274347 0.1769028 -0.5505321 -0.7808284 0.2953345 -0.03908371 0.4083948 -0.560456 -0.7204888 0.2290197 0 0 0 1</float_array>
        <technique_common>
          <accessor source="#node-Bip01_L_Pauldron_Upper_matrix-output-array" count="6" stride="16">
            <param name="TRANSFORM" type="float4x4"/>
          </accessor>
        </technique_common>
      </source>
      <source id="node-Bip01_L_Pauldron_Upper_matrix-interpolation">
        <Name_array id="node-Bip01_L_Pauldron_Upper_matrix-interpolation-array" count="6">LINEAR LINEAR LINEAR LINEAR LINEAR LINEAR</Name_array>
        <technique_common>
          <accessor source="#node-Bip01_L_Pauldron_Upper_matrix-interpolation-array" count="6" stride="1">
            <param name="INTERPOLATION" type="name"/>
          </accessor>
        </technique_common>
      </source>
      <source id="node-Bip01_R_Pauldron_Lower_matrix-input">
        <float_array id="node-Bip01_R_Pauldron_Lower_matrix-input-array" count="6">24.33333 24.36667 24.4 24.43333 24.46667 24.5</float_array>
        <technique_common>
          <accessor source="#node-Bip01_R_Pauldron_Lower_matrix-input-array" count="6" stride="1">
            <param name="TIME" type="float"/>
          </accessor>
        </technique_common>
      </source>
      <source id="node-Bip01_R_Pauldron_Lower_matrix-output">
        <float_array id="node-Bip01_R_Pauldron_Lower_matrix-output-array" count="96">-0.1923478 -0.9281314 -0.3187097 0.172906 0.8887086 -0.3024854 0.3445299 -0.1133292 -0.4161738 -0.2169702 0.8830199 -0.2351094 0 0 0 1 -0.1884967 -0.9289163 -0.3187242 0.172906 0.8899496 -0.2988051 0.344538 -0.1133294 -0.415283 -0.218704 0.8830116 -0.2351095 0 0 0 1 -0.1846572 -0.9296806 -0.3187435 0.1729061 0.8911671 -0.2951379 0.3445522 -0.1133292 -0.4143965 -0.2204294 0.8829991 -0.2351095 0 0 0 1 -0.1808381 -0.9304226 -0.3187677 0.1729061 0.8923586 -0.2914919 0.3445721 -0.1133294 -0.4135158 -0.2221431 0.8829825 -0.2351094 0 0 0 1 -0.1770468 -0.9311415 -0.3187964 0.1729061 0.8935221 -0.2878741 0.3445981 -0.1133292 -0.4126428 -0.2238413 0.8829621 -0.2351095 0 0 0 1 -0.1732925 -0.9318363 -0.3188299 0.172906 0.8946557 -0.2842937 0.3446295 -0.1133292 -0.4117794 -0.225521 0.8829377 -0.2351094 0 0 0 1</float_array>
        <technique_common>
          <accessor source="#node-Bip01_R_Pauldron_Lower_matrix-output-array" count="6" stride="16">
            <param name="TRANSFORM" type="float4x4"/>
          </accessor>
        </technique_common>
      </source>
      <source id="node-Bip01_R_Pauldron_Lower_matrix-interpolation">
        <Name_array id="node-Bip01_R_Pauldron_Lower_matrix-interpolation-array" count="6">LINEAR LINEAR LINEAR LINEAR LINEAR LINEAR</Name_array>
        <technique_common>
          <accessor source="#node-Bip01_R_Pauldron_Lower_matrix-interpolation-array" count="6" stride="1">
            <param name="INTERPOLATION" type="name"/>
          </accessor>
        </technique_common>
      </source>
      <source id="node-Bip01_L_Pauldron_Lower_matrix-input">
        <float_array id="node-Bip01_L_Pauldron_Lower_matrix-input-array" count="6">24.33333 24.36667 24.4 24.43333 24.46667 24.5</float_array>
        <technique_common>
          <accessor source="#node-Bip01_L_Pauldron_Lower_matrix-input-array" count="6" stride="1">
            <param name="TIME" type="float"/>
          </accessor>
        </technique_common>
      </source>
      <source id="node-Bip01_L_Pauldron_Lower_matrix-output">
