<?xml version="1.0" encoding="utf-8"?>
<COLLADA xmlns="http://www.collada.org/2005/11/COLLADASchema" version="1.4.1">
  <asset>
    <contributor>
      <author>MattO</author>
      <authoring_tool>OpenCOLLADA for 3ds Max;  Version: 1.3.0;  Revision: 839M;  Platform: x64;  Configuration: Release_Max2012</authoring_tool>
      <source_data>file:///C:/Dropbox/Prj/GGStout/Turret/TP_Soldier_Turret_Animation_Master.max</source_data>
    </contributor>
    <created>2011-09-30T18:22:19</created>
    <modified>2011-09-30T18:22:19</modified>
    <unit name="meter" meter="1"/>
    <up_axis>Z_UP</up_axis>
  </asset>
  <library_effects>
    <effect id="ShapeBounds">
      <profile_COMMON>
        <technique sid="common">
          <blinn>
            <emission>
              <color>0 0 0 1</color>
            </emission>
            <ambient>
              <color>0.1647059 1 0 1</color>
            </ambient>
            <diffuse>
              <color>0.1647059 1 0 1</color>
            </diffuse>
            <specular>
              <color>0.9 0.9 0.9 1</color>
            </specular>
            <shininess>
              <float>10</float>
            </shininess>
            <reflective>
              <color>0 0 0 1</color>
            </reflective>
            <transparent opaque="A_ONE">
              <color>1 1 1 1</color>
            </transparent>
            <transparency>
              <float>1</float>
            </transparency>
          </blinn>
        </technique>
      </profile_COMMON>
      <extra>
        <technique profile="OpenCOLLADA3dsMax">
          <extended_shader>
            <apply_reflection_dimming>0</apply_reflection_dimming>
            <dim_level>0</dim_level>
            <falloff_type>0</falloff_type>
            <index_of_refraction>1.5</index_of_refraction>
            <opacity_type>0</opacity_type>
            <reflection_level>3</reflection_level>
            <wire_size>1</wire_size>
            <wire_units>0</wire_units>
          </extended_shader>
          <shader>
            <ambient_diffuse_lock>1</ambient_diffuse_lock>
            <ambient_diffuse_texture_lock>1</ambient_diffuse_texture_lock>
            <diffuse_specular_lock>0</diffuse_specular_lock>
            <soften>0.1</soften>
            <use_self_illum_color>0</use_self_illum_color>
          </shader>
        </technique>
      </extra>
    </effect>
  </library_effects>
  <library_materials>
    <material id="ShapeBounds-material" name="ShapeBounds">
      <instance_effect url="#ShapeBounds"/>
    </material>
  </library_materials>
  <library_geometries>
    <geometry id="geom-BOUNDS" name="BOUNDS">
      <mesh>
        <source id="geom-BOUNDS-positions">
          <float_array id="geom-BOUNDS-positions-array" count="24">-0.425 -0.425 0 0.425 -0.425 0 -0.425 0.425 0 0.425 0.425 0 -0.425 -0.425 1.84 0.425 -0.425 1.84 -0.425 0.425 1.84 0.425 0.425 1.84</float_array>
          <technique_common>
            <accessor source="#geom-BOUNDS-positions-array" count="8" stride="3">
              <param name="X" type="float"/>
              <param name="Y" type="float"/>
              <param name="Z" type="float"/>
            </accessor>
          </technique_common>
        </source>
        <source id="geom-BOUNDS-normals">
          <float_array id="geom-BOUNDS-normals-array" count="72">0 0 -1 0 0 -1 0 0 -1 0 0 -1 0 0 1 0 0 1 0 0 1 0 0 1 0 -1 0 0 -1 0 0 -1 0 0 -1 0 1 0 0 1 0 0 1 0 0 1 0 0 0 1 0 0 1 0 0 1 0 0 1 0 -1 0 0 -1 0 0 -1 0 0 -1 0 0</float_array>
          <technique_common>
            <accessor source="#geom-BOUNDS-normals-array" count="24" stride="3">
              <param name="X" type="float"/>
              <param name="Y" type="float"/>
              <param name="Z" type="float"/>
            </accessor>
          </technique_common>
        </source>
        <source id="geom-BOUNDS-map1">
          <float_array id="geom-BOUNDS-map1-array" count="36">0 0 0 1 0 0 0 1 0 1 1 0 0 0 0 1 0 0 0 1 0 1 1 0 0 0 0 1 0 0 0 1 0 1 1 0</float_array>
          <technique_common>
            <accessor source="#geom-BOUNDS-map1-array" count="12" stride="3">
              <param name="S" type="float"/>
              <param name="T" type="float"/>
              <param name="P" type="float"/>
            </accessor>
          </technique_common>
        </source>
        <vertices id="geom-BOUNDS-vertices">
          <input semantic="POSITION" source="#geom-BOUNDS-positions"/>
        </vertices>
        <triangles material="ShapeBounds" count="12">
          <input semantic="VERTEX" source="#geom-BOUNDS-vertices" offset="0"/>
          <input semantic="NORMAL" source="#geom-BOUNDS-normals" offset="1"/>
          <input semantic="TEXCOORD" source="#geom-BOUNDS-map1" offset="2" set="0"/>
          <p>0 0 9 2 1 11 3 2 10 3 2 10 1 3 8 0 0 9 4 4 8 5 5 9 7 6 11 7 6 11 6 7 10 4 4 8 0 8 4 1 9 5 5 10 7 5 10 7 4 11 6 0 8 4 1 12 0 3 13 1 7 14 3 7 14 3 5 15 2 1 12 0 3 16 4 2 17 5 6 18 7 6 18 7 7 19 6 3 16 4 2 20 0 0 21 1 4 22 3 4 22 3 6 23 2 2 20 0</p>
        </triangles>
      </mesh>
      <extra>
        <technique profile="OpenCOLLADA3dsMax">
          <max_box>
            <generateuvs>1</generateuvs>
            <height>1.84</height>
            <heightsegments>1</heightsegments>
            <length>0.85</length>
            <lengthsegments>1</lengthsegments>
            <width>0.85</width>
            <widthsegments>1</widthsegments>
          </max_box>
        </technique>
      </extra>
    </geometry>
  </library_geometries>
  <library_lights>
    <light id="EnvironmentAmbientLight" name="EnvironmentAmbientLight">
      <technique_common>
        <ambient>
          <color>0 0 0</color>
        </ambient>
      </technique_common>
    </light>
  </library_lights>
  <library_visual_scenes>
    <visual_scene id="MaxScene">
      <node name="EnvironmentAmbientLight">
        <instance_light url="#EnvironmentAmbientLight"/>
      </node>
      <node id="node-Bip01" name="Bip01">
        <matrix sid="matrix">0.4275097 -0.9029896 -0.04295846 -8.10623e-5 0.8993581 0.4200139 0.1214221 0.009366653 -0.09159968 -0.09054413 0.991671 0.8041388 0 0 0 1</matrix>
        <node id="node-Bip01_Pelvis" name="Bip01_Pelvis">
          <matrix>-0.009626739 0.991236 0.1317526 0 -0.1217413 -0.1319404 0.9837534 0 0.9925153 -0.006569393 0.1219445 0 0 0 0 1</matrix>
          <node id="node-Bip01_Spine" name="Bip01_Spine">
            <matrix>0.9916929 0.08133212 -0.09964906 0.1974927 -0.09817779 0.9791403 -0.177891 0.02499387 0.08310217 0.1861967 0.9789916 0.02778858 0 0 0 1</matrix>
            <node id="node-Bip01_Spine1" name="Bip01_Spine1">
              <matrix>0.9768806 -0.1934979 -0.09090089 0.1022495 0.1920003 0.9810759 -0.02502523 -9.91151e-5 0.09402299 0.0069937 0.9955455 -7.18981e-7 0 0 0 1</matrix>
              <node id="node-Bip01_Spine2" name="Bip01_Spine2">
                <matrix>0.9832345 -0.1803838 0.02667584 0.1268967 0.1810793 0.9831127 -0.02645702 -1.68338e-4 -0.02145293 0.030844 0.9992939 -5.26011e-6 0 0 0 1</matrix>
                <node id="node-Bip01_Neck" name="Bip01_Neck">
                  <matrix>0.9021776 -0.4308736 0.02058497 0.2151072 0.4312888 0.9018878 -0.02426414 -4.97401e-5 -0.008110598 0.03076861 0.9994937 -1.70618e-6 0 0 0 1</matrix>
                  <node id="node-Bip01_Head" name="Bip01_Head">
                    <matrix>0.8249743 0.5162328 -0.230046 0.07051826 -0.5614573 0.7951709 -0.2290605 -0.01395923 0.06467737 0.3181301 0.9458385 7.45058e-9 0 0 0 1</matrix>
                    <node id="node-ALTEYE" name="ALTEYE">
                      <matrix>0.4506335 0.3792479 0.8081465 0.06454694 0.04412811 0.8947044 -0.4444741 0.2214611 -0.8916176 0.2359568 0.3864483 0.04716265 0 0 0 1</matrix>
                    </node>
                  </node>
                  <node id="node-Bip01_L_Clavicle" name="Bip01_L_Clavicle">
                    <matrix>-0.5354222 -0.430819 0.726442 -0.02496183 0.2255766 -0.9018174 -0.3685654 -0.01206523 0.8139032 -0.03346989 0.5800359 0.06855243 0 0 0 1</matrix>
                    <node id="node-Bip01_L_UpperArm" name="Bip01_L_UpperArm">
                      <matrix sid="matrix">-0.3564847 0.7596031 0.5439872 0.1824006 -0.9236805 -0.3740746 -0.08296139 2.98023e-8 0.1404739 -0.5320448 0.8349825 1.19209e-7 0 0 0 1</matrix>
                      <node id="node-Bip01_L_Forearm" name="Bip01_L_Forearm">
                        <matrix sid="matrix">0.7762358 0.6304429 1.07102e-8 0.2843689 -0.6304427 0.7762357 0 1.19209e-7 2.98023e-8 8.9407e-8 1 -5.96046e-8 0 0 0 1</matrix>
                        <node id="node-Bip01_L_Hand" name="Bip01_L_Hand">
                          <matrix sid="matrix">0.8439528 -0.1420998 0.5172536 0.281068 -0.3432473 0.5979557 0.7243136 -5.96046e-8 -0.4122195 -0.7888324 0.455871 0 0 0 0 1</matrix>
                          <node id="node-Bip01_L_Finger0" name="Bip01_L_Finger0">
                            <matrix>0.5215106 0.269013 0.8097275 0.02119672 0.7250715 0.3605264 -0.5867638 -0.004734278 -0.4497752 0.8931139 -0.007035494 -0.02572185 0 0 0 1</matrix>
                            <node id="node-Bip01_L_Finger01" name="Bip01_L_Finger01">
                              <matrix>0.6423535 -0.7636236 -0.0652757 0.04982859 0.7605615 0.6456372 -0.06854746 2.98023e-8 0.09448883 -0.005614493 0.9955101 0 0 0 0 1</matrix>
                              <node id="node-Bip01_L_Finger02" name="Bip01_L_Finger02">
                                <matrix>0.9505156 -0.3106764 -1.49012e-8 0.05202237 0.3106765 0.9505159 0 0 1.49012e-8 4.65661e-9 1 0 0 0 0 1</matrix>
                              </node>
                            </node>
                          </node>
                          <node id="node-Bip01_L_Finger1" name="Bip01_L_Finger1">
                            <matrix>0.6408502 -0.76402 0.07472669 0.1199946 0.7674397 0.6352568 -0.0865149 -0.008367538 0.01862847 0.1127913 0.9934439 -0.04101384 0 0 0 1</matrix>
                            <node id="node-Bip01_L_Finger11" name="Bip01_L_Finger11">
                              <matrix>0.8240547 -0.5665103 -3.72529e-9 0.03644173 0.5665102 0.8240548 -3.72529e-9 0 0 -7.45058e-9 1 0 0 0 0 1</matrix>
                              <node id="node-Bip01_L_Finger12" name="Bip01_L_Finger12">
                                <matrix>0.8146399 -0.5796778 -0.01831832 0.03117537 0.5799671 0.8142333 0.02573048 1.19209e-7 3.72529e-9 -0.03158512 0.9995012 0 0 0 0 1</matrix>
                              </node>
                            </node>
                          </node>
                          <node id="node-Bip01_L_Finger2" name="Bip01_L_Finger2">
                            <matrix>0.6754013 -0.7374504 1.52126e-4 0.1229537 0.7368312 0.6748427 0.04082683 -0.008802056 -0.03021042 -0.02746239 0.9991661 -0.01328251 0 0 0 1</matrix>
                            <node id="node-Bip01_L_Finger21" name="Bip01_L_Finger21">
                              <matrix>0.5508358 -0.8338858 0.0348487 0.03895518 0.8322219 0.551937 0.0526506 0 -0.06313892 0 0.9980047 -5.96046e-8 0 0 0 1</matrix>
                              <node id="node-Bip01_L_Finger22" name="Bip01_L_Finger22">
                                <matrix>0.1984735 -0.9799247 -0.01886614 0.03800535 0.9755274 0.1993681 -0.09272985 0 0.09462959 -1.49012e-8 0.9955126 2.98023e-8 0 0 0 1</matrix>
                              </node>
                            </node>
                          </node>
                          <node id="node-Bip01_L_Finger3" name="Bip01_L_Finger3">
                            <matrix>0.7159052 -0.6949215 -0.06755455 0.121188 0.6883786 0.6863561 0.234627 -0.001191258 -0.1166809 -0.2144738 0.9697351 0.01196855 0 0 0 1</matrix>
                            <node id="node-Bip01_L_Finger31" name="Bip01_L_Finger31">
                              <matrix>0.4441952 -0.8949345 -0.04222351 0.03155845 0.8909186 0.4461976 -0.08468729 0 0.09462962 -2.98023e-8 0.9955125 0 0 0 0 1</matrix>
                              <node id="node-Bip01_L_Finger32" name="Bip01_L_Finger32">
                                <matrix>0.1993681 -0.9794358 0.03095102 0.03366601 0.9799247 0.1992686 -0.006297067 -5.96046e-8 1.49012e-8 0.03158511 0.9995011 2.98023e-8 0 0 0 1</matrix>
                              </node>
                            </node>
                          </node>
                          <node id="node-Bip01_L_Finger4" name="Bip01_L_Finger4">
                            <matrix>0.5925791 -0.7897948 0.1583475 0.1136796 0.7783521 0.6120423 0.1399001 0.005147338 -0.2074078 0.04034828 0.9774219 0.03886569 0 0 0 1</matrix>
                            <node id="node-Bip01_L_Finger41" name="Bip01_L_Finger41">
                              <matrix>0.4202556 -0.9064698 -0.04120625 0.03661621 0.906853 0.4211511 -0.01578781 0 0.03166525 -0.03073306 0.9990259 1.19209e-7 0 0 0 1</matrix>
                              <node id="node-Bip01_L_Finger42" name="Bip01_L_Finger42">
                                <matrix>0.402447 -0.9138247 0.05441487 0.01772618 0.9154232 0.4021218 -0.01728316 0 -0.006087624 0.05676822 0.998369 0 0 0 0 1</matrix>
                              </node>
                            </node>
                          </node>
                        </node>
                      </node>
                    </node>
                  </node>
                  <node id="node-Bip01_R_Clavicle" name="Bip01_R_Clavicle">
                    <matrix>-0.0775141 -0.3624381 -0.9287789 -0.02385306 0.5681535 -0.7815726 0.2575767 -0.01627076 -0.8192638 -0.5077232 0.2665033 -0.06807297 0 0 0 1</matrix>
                    <node id="node-Bip01_R_UpperArm" name="Bip01_R_UpperArm">
                      <matrix>0.7005728 -0.04837947 -0.7119393 0.1824006 -0.6460729 0.3805888 -0.6616208 -2.98023e-8 0.302965 0.9234781 0.2353735 1.19209e-7 0 0 0 1</matrix>
                      <node id="node-Bip01_R_Forearm" name="Bip01_R_Forearm">
                        <matrix>-0.1981755 0.9801666 1.49012e-8 0.2843688 -0.9801667 -0.1981755 1.49012e-8 0 1.49012e-8 2.98023e-8 1 2.98023e-8 0 0 0 1</matrix>
                        <node id="node-Bip01_R_Hand" name="Bip01_R_Hand">
                          <matrix>0.8251114 -0.2495066 -0.5068903 0.2810681 -0.5635475 -0.299842 -0.7697462 2.98023e-8 0.0400698 0.920783 -0.3880119 0 0 0 0 1</matrix>
                          <node id="node-Bip01_R_Finger0" name="Bip01_R_Finger0">
                            <matrix>0.5215106 0.269013 -0.8097275 0.02119672 0.7250716 0.3605264 0.5867639 -0.004734159 0.4497754 -0.8931141 -0.007035479 0.02572186 0 0 0 1</matrix>
                            <node id="node-Bip01_R_Finger01" name="Bip01_R_Finger01">
                              <matrix>0.6423535 -0.7636237 0.06527561 0.04982853 0.7605616 0.6456372 0.06854742 5.96046e-8 -0.09448877 0.005614489 0.99551 1.19209e-7 0 0 0 1</matrix>
                              <node id="node-Bip01_R_Finger02" name="Bip01_R_Finger02">
                                <matrix>0.9505157 -0.3106764 0 0.05202234 0.3106765 0.9505159 0 0 -5.96046e-8 -2.98023e-8 1 0 0 0 0 1</matrix>
                              </node>
                            </node>
                          </node>
                          <node id="node-Bip01_R_Finger1" name="Bip01_R_Finger1">
                            <matrix>0.9820225 -0.1733428 -0.07472672 0.1199948 0.1795577 0.9799359 0.08651493 -0.008367598 0.05823064 -0.09837735 0.9934441 0.0410139 0 0 0 1</matrix>
                            <node id="node-Bip01_R_Finger11" name="Bip01_R_Finger11">
                              <matrix>0.8240547 -0.5665103 -2.23517e-8 0.03644156 0.5665102 0.8240547 -1.86265e-9 0 -1.49012e-8 7.45058e-9 1 -2.98023e-8 0 0 0 1</matrix>
                              <node id="node-Bip01_R_Finger12" name="Bip01_R_Finger12">
                                <matrix>0.8146398 -0.5796779 0.01831833 0.03117549 0.5799671 0.8142334 -0.0257305 0 5.8877e-8 0.03158513 0.999501 -5.96046e-8 0 0 0 1</matrix>
                              </node>
                            </node>
                          </node>
                          <node id="node-Bip01_R_Finger2" name="Bip01_R_Finger2">
                            <matrix>0.6754013 -0.7374504 -1.52126e-4 0.1229539 0.7368313 0.6748428 -0.04082686 -0.008802116 0.03021042 0.02746242 0.9991663 0.01328245 0 0 0 1</matrix>
                            <node id="node-Bip01_R_Finger21" name="Bip01_R_Finger21">
                              <matrix>0.5508358 -0.8338858 -0.03484869 0.03895503 0.8322219 0.551937 -0.05265062 2.38419e-7 0.06313888 -2.98023e-8 0.9980046 -5.96046e-8 0 0 0 1</matrix>
                              <node id="node-Bip01_R_Finger22" name="Bip01_R_Finger22">
                                <matrix>0.1984735 -0.9799247 0.01886613 0.03800535 0.9755273 0.1993681 0.09272987 0 -0.09462956 -7.45058e-9 0.9955127 0 0 0 0 1</matrix>
                              </node>
                            </node>
                          </node>
                          <node id="node-Bip01_R_Finger3" name="Bip01_R_Finger3">
                            <matrix>0.7159052 -0.6949216 0.06755459 0.1211882 0.6883785 0.6863562 -0.234627 -0.001191258 0.1166809 0.2144738 0.9697353 -0.01196867 0 0 0 1</matrix>
                            <node id="node-Bip01_R_Finger31" name="Bip01_R_Finger31">
                              <matrix>0.4441952 -0.8949345 0.04222349 0.03155845 0.8909186 0.4461976 0.08468729 0 -0.09462958 0 0.9955126 -5.96046e-8 0 0 0 1</matrix>
                              <node id="node-Bip01_R_Finger32" name="Bip01_R_Finger32">
                                <matrix>0.1993681 -0.9794358 -0.03095102 0.03366596 0.9799248 0.1992685 0.006297082 -1.19209e-7 0 -0.03158511 0.9995011 0 0 0 0 1</matrix>
                              </node>
                            </node>
                          </node>
                          <node id="node-Bip01_R_Finger4" name="Bip01_R_Finger4">
                            <matrix>0.5925791 -0.789795 -0.1583476 0.1136795 0.7783522 0.6120424 -0.1399001 0.005147398 0.2074078 -0.0403483 0.9774221 -0.0388658 0 0 0 1</matrix>
                            <node id="node-Bip01_R_Finger41" name="Bip01_R_Finger41">
                              <matrix>0.4202556 -0.9064697 0.04120623 0.0366163 0.9068531 0.421151 0.01578782 -1.19209e-7 -0.03166523 0.03073302 0.9990259 -2.98023e-8 0 0 0 1</matrix>
                              <node id="node-Bip01_R_Finger42" name="Bip01_R_Finger42">
                                <matrix>0.4024471 -0.9138246 -0.05441485 0.01772642 0.9154232 0.4021218 0.01728316 -1.19209e-7 0.006087631 -0.05676818 0.9983689 -2.98023e-8 0 0 0 1</matrix>
                              </node>
                            </node>
                          </node>
                          <node id="node-MOUNT0" name="MOUNT0">
                            <matrix>-6.10948e-7 1 -1.19209e-7 0.1095392 -0.9999999 -6.70552e-7 4.60073e-7 0.0251826 5.02914e-7 1.3411e-7 0.9999999 0.01321673 0 0 0 1</matrix>
                          </node>
                        </node>
                      </node>
                    </node>
                  </node>
                </node>
                <node id="node-Bip01_L_Pauldron_Upper" name="Bip01_L_Pauldron_Upper">
                  <matrix>0.729197 -0.277326 0.6255901 0.176903 -0.550475 -0.7808025 0.2955091 -0.03908369 0.4065099 -0.5598561 -0.7220195 0.2290198 0 0 0 1</matrix>
                </node>
                <node id="node-Bip01_R_Pauldron_Lower" name="Bip01_R_Pauldron_Lower">
                  <matrix>-0.2772103 -0.9060031 -0.3198661 0.1729062 0.8560928 -0.3840441 0.3458561 -0.1133294 -0.4361892 -0.1779601 0.8820829 -0.2351095 0 0 0 1</matrix>
                </node>
                <node id="node-Bip01_L_Pauldron_Lower" name="Bip01_L_Pauldron_Lower">
                  <matrix>-0.3015729 -0.9289848 0.2145742 0.1529204 0.6634325 -0.3660942 -0.6525588 -0.1054225 0.6847711 -0.05443853 0.7267221 0.2344799 0 0 0 1</matrix>
                </node>
              </node>
            </node>
            <node id="node-Bip01_L_Thigh" name="Bip01_L_Thigh">
              <matrix sid="matrix">-0.6483013 0.7584798 -0.06643838 -0.1851133 0.6778262 0.6146958 0.4033618 -0.02197147 0.3467811 0.2164663 -0.9126256 0.1217295 0 0 0 1</matrix>
              <node id="node-Bip01_L_Calf" name="Bip01_L_Calf">
                <matrix sid="matrix">0.4231254 0.9060711 -3.72529e-9 0.4629987 -0.9060711 0.4231255 0 0 -3.91155e-8 1.16415e-9 0.9999999 -7.45058e-9 0 0 0 1</matrix>
                <node id="node-Bip01_L_Foot" name="Bip01_L_Foot">
                  <matrix sid="matrix">0.9613791 -0.2752247 -0.001316708 0.3610502 0.2752275 0.9613588 0.006234457 2.98023e-8 -4.50034e-4 -0.006356085 0.9999797 -7.45058e-9 0 0 0 1</matrix>
                  <node id="node-Bip01_L_Toe0" name="Bip01_L_Toe0">
                    <matrix>3.44589e-7 -0.9999999 1.08918e-6 0.1486306 0.9999999 3.44589e-7 -5.28831e-7 0.1543274 5.27005e-7 1.08872e-6 0.9999999 -7.45058e-9 0 0 0 1</matrix>
                  </node>
                </node>
              </node>
            </node>
            <node id="node-Bip01_R_Thigh" name="Bip01_R_Thigh">
              <matrix sid="matrix">-0.9799 -0.08857331 0.1787481 -0.2063017 -0.06145142 0.9864774 0.1519418 -0.06944689 -0.1897889 0.1379035 -0.9720922 -0.1278868 0 0 0 1</matrix>
              <node id="node-Bip01_R_Calf" name="Bip01_R_Calf">
                <matrix>0.539521 0.8419723 0 0.4629988 -0.8419721 0.539521 -3.72529e-9 -1.49012e-8 2.23517e-8 1.49012e-8 0.9999999 0 0 0 0 1</matrix>
                <node id="node-Bip01_R_Foot" name="Bip01_R_Foot">
                  <matrix sid="matrix">0.674354 -0.7378123 0.02965854 0.3610501 0.7340378 0.6741852 0.08162607 0 -0.08022015 -0.03327438 0.9962215 -2.98023e-8 0 0 0 1</matrix>
                  <node id="node-Bip01_R_Toe0" name="Bip01_R_Toe0">
                    <matrix sid="matrix">-0.1805795 -0.9786916 0.09774317 0.1486307 0.9833317 -0.1817863 -0.003511412 0.1543275 0.02120496 0.09547987 0.9952054 2.98023e-8 0 0 0 1</matrix>
                  </node>
                </node>
              </node>
            </node>
          </node>
          <node id="node-Bip01_FannyPack" name="Bip01_FannyPack">
            <matrix>-0.9629914 -0.2062315 0.1735378 0.2299506 -0.2083319 0.9780381 0.00622665 -0.1378937 -0.1710107 -0.03015668 -0.9848072 0.01013958 0 0 0 1</matrix>
          </node>
        </node>
        <node id="node-EYE" name="EYE">
          <matrix sid="matrix">0.4275096 0.8993576 -0.0915998 0.01646331 -0.9029894 0.4200138 -0.09054396 -0.03313185 -0.04295847 0.1214217 0.9916704 0.7710661 0 0 0 1</matrix>
          <node id="node-CAM" name="CAM">
            <matrix>1 -6.03104e-8 0 4.84288e-8 6.03104e-8 1 -2.32831e-9 -0.104 0 2.32828e-9 1 0.30056 0 0 0 1</matrix>
          </node>
        </node>
      </node>
      <node id="node-BOUNDS" name="BOUNDS">
        <matrix>0.9999915 0.001706907 0.003750479 0 -0.001711356 0.9999978 0.001183292 0.1035326 -0.003748452 -0.0011897 0.9999923 -8.93474e-5 0 0 0 1</matrix>
        <instance_geometry url="#geom-BOUNDS">
          <bind_material>
            <technique_common>
              <instance_material symbol="ShapeBounds" target="#ShapeBounds-material"/>
            </technique_common>
          </bind_material>
        </instance_geometry>
      </node>
    </visual_scene>
  </library_visual_scenes>
  <library_animations>
    <animation>
      <source id="node-Bip01_matrix-input">
        <float_array id="node-Bip01_matrix-input-array" count="60">1.333333 1.366667 1.4 1.433333 1.466667 1.5 1.533333 1.566667 1.6 1.633333 1.666667 1.7 1.733333 1.766667 1.8 1.833333 1.866667 1.9 1.933333 1.966667 2 2.033333 2.066667 2.1 2.133333 2.166667 2.2 2.233333 2.266667 2.3 2.333333 2.366667 2.4 2.433333 2.466667 2.5 2.533333 2.566667 2.6 2.633333 2.666667 2.7 2.733333 2.766667 2.8 2.833333 2.866667 2.9 2.933333 2.966667 3 3.033333 3.066667 3.1 3.133333 3.166667 3.2 3.233333 3.266667 3.3</float_array>
        <technique_common>
          <accessor source="#node-Bip01_matrix-input-array" count="60" stride="1">
            <param name="TIME" type="float"/>
          </accessor>
        </technique_common>
      </source>
      <source id="node-Bip01_matrix-output">
        <float_array id="node-Bip01_matrix-output-array" count="960">0.4275097 -0.9029896 -0.04295843 -8.10623e-5 0.8993581 0.4200139 0.121422 0.009366631 -0.09159964 -0.0905441 0.991671 0.8041388 0 0 0 1 0.4275097 -0.9029896 -0.04295843 -8.10623e-5 0.8993581 0.4200139 0.121422 0.009519934 -0.09159964 -0.0905441 0.991671 0.8039939 0 0 0 1 0.4275097 -0.9029896 -0.04295843 -8.10623e-5 0.8993581 0.4200139 0.121422 0.009686529 -0.09159964 -0.0905441 0.991671 0.8038365 0 0 0 1 0.4275096 -0.9029896 -0.04295843 -8.10623e-5 0.8993582 0.4200139 0.1214221 0.009865164 -0.09159964 -0.0905441 0.991671 0.8036677 0 0 0 1 0.4275097 -0.9029896 -0.04295843 -8.10623e-5 0.8993581 0.4200139 0.121422 0.01005452 -0.09159964 -0.0905441 0.991671 0.8034888 0 0 0 1 0.4275097 -0.9029896 -0.04295843 -8.10623e-5 0.8993581 0.420014 0.121422 0.01025331 -0.09159964 -0.0905441 0.991671 0.8033009 0 0 0 1 0.4275096 -0.9029896 -0.04295843 -8.10623e-5 0.8993582 0.4200139 0.1214221 0.01046019 -0.09159964 -0.0905441 0.991671 0.8031054 0 0 0 1 0.4275096 -0.9029896 -0.04295843 -8.10623e-5 0.8993582 0.4200139 0.1214221 0.01067394 -0.09159964 -0.0905441 0.991671 0.8029034 0 0 0 1 0.4275097 -0.9029896 -0.04295843 -8.10623e-5 0.8993581 0.420014 0.121422 0.01089316 -0.09159964 -0.0905441 0.991671 0.8026962 0 0 0 1 0.4275097 -0.9029896 -0.04295843 -8.10623e-5 0.8993581 0.420014 0.121422 0.01111662 -0.09159964 -0.0905441 0.991671 0.8024851 0 0 0 1 0.4275096 -0.9029896 -0.04295843 -8.10623e-5 0.8993582 0.4200139 0.1214221 0.01134306 -0.09159964 -0.0905441 0.991671 0.8022711 0 0 0 1 0.4275097 -0.9029896 -0.04295843 -8.10623e-5 0.8993581 0.4200139 0.121422 0.01157104 -0.09159964 -0.0905441 0.991671 0.8020556 0 0 0 1 0.4275097 -0.9029896 -0.04295843 -8.10623e-5 0.8993581 0.420014 0.121422 0.01179939 -0.09159964 -0.0905441 0.991671 0.8018398 0 0 0 1 0.4275096 -0.9029896 -0.04295843 -8.10623e-5 0.8993582 0.4200139 0.121422 0.01202678 -0.09159964 -0.0905441 0.991671 0.8016249 0 0 0 1 0.4275096 -0.9029896 -0.04295843 -8.10623e-5 0.8993582 0.4200139 0.1214221 0.01225185 -0.09159964 -0.0905441 0.991671 0.8014122 0 0 0 1 0.4275097 -0.9029896 -0.04295843 -8.10623e-5 0.8993581 0.4200139 0.121422 0.0124734 -0.09159964 -0.0905441 0.991671 0.8012029 0 0 0 1 0.4275096 -0.9029896 -0.04295843 -8.10623e-5 0.8993582 0.4200139 0.1214221 0.01269 -0.09159964 -0.0905441 0.991671 0.8009982 0 0 0 1 0.4275096 -0.9029896 -0.04295843 -8.10623e-5 0.8993582 0.4200139 0.121422 0.01290047 -0.09159964 -0.0905441 0.991671 0.8007993 0 0 0 1 0.4275097 -0.9029896 -0.04295843 -8.10623e-5 0.8993581 0.420014 0.121422 0.01310348 -0.09159964 -0.0905441 0.991671 0.8006075 0 0 0 1 0.4275097 -0.9029896 -0.04295843 -8.10623e-5 0.8993581 0.4200139 0.121422 0.01329773 -0.09159964 -0.0905441 0.991671 0.8004239 0 0 0 1 0.4275096 -0.9029896 -0.04295843 -8.10623e-5 0.8993582 0.4200139 0.1214221 0.01348191 -0.09159964 -0.0905441 0.991671 0.8002499 0 0 0 1 0.4275097 -0.9029896 -0.04295843 -8.10623e-5 0.8993581 0.420014 0.121422 0.01365464 -0.09159964 -0.0905441 0.991671 0.8000866 0 0 0 1 0.4275097 -0.9029896 -0.04295843 -8.10623e-5 0.8993581 0.420014 0.121422 0.0138148 -0.09159964 -0.0905441 0.991671 0.7999353 0 0 0 1 0.4275096 -0.9029896 -0.04295843 -8.10623e-5 0.8993582 0.4200139 0.1214221 0.01396095 -0.09159964 -0.0905441 0.991671 0.7997971 0 0 0 1 0.4275096 -0.9029896 -0.04295843 -8.10623e-5 0.8993582 0.4200139 0.1214221 0.01409178 -0.09159964 -0.0905441 0.991671 0.7996735 0 0 0 1 0.4275097 -0.9029896 -0.04295843 -8.10623e-5 0.8993581 0.420014 0.121422 0.01420611 -0.09159964 -0.0905441 0.991671 0.7995654 0 0 0 1 0.4275097 -0.9029896 -0.04295843 -8.10623e-5 0.8993581 0.4200139 0.121422 0.01430255 -0.09159964 -0.0905441 0.991671 0.7994742 0 0 0 1 0.4275096 -0.9029896 -0.04295843 -8.10623e-5 0.8993582 0.4200139 0.1214221 0.01437979 -0.09159964 -0.0905441 0.991671 0.7994012 0 0 0 1 0.4275097 -0.9029896 -0.04295843 -8.10623e-5 0.8993581 0.4200139 0.121422 0.0144366 -0.09159964 -0.0905441 0.991671 0.7993475 0 0 0 1 0.4275097 -0.9029896 -0.04295843 -8.10623e-5 0.8993581 0.4200139 0.121422 0.01447165 -0.09159964 -0.0905441 0.991671 0.7993146 0 0 0 1 0.4275097 -0.9029896 -0.04295843 -8.10623e-5 0.8993581 0.4200139 0.121422 0.01448363 -0.09159964 -0.0905441 0.991671 0.7993032 0 0 0 1 0.4275099 -0.9029894 -0.04296106 -8.10623e-5 0.8993582 0.4200139 0.121422 0.01447165 -0.09159851 -0.09054648 0.9916709 0.7993146 0 0 0 1 0.4275107 -0.9029886 -0.04296863 -8.10623e-5 0.899358 0.420014 0.121422 0.0144366 -0.09159529 -0.0905534 0.9916705 0.7993475 0 0 0 1 0.4275116 -0.9029877 -0.04298055 -8.10623e-5 0.8993582 0.4200138 0.1214221 0.01437979 -0.09159016 -0.09056425 0.99167 0.7994012 0 0 0 1 0.4275132 -0.9029861 -0.04299628 -8.10623e-5 0.899358 0.420014 0.121422 0.01430255 -0.09158337 -0.09057855 0.9916693 0.7994742 0 0 0 1 0.4275149 -0.9029844 -0.0430153 -8.10623e-5 0.8993582 0.4200139 0.121422 0.01420611 -0.09157514 -0.09059584 0.9916685 0.7995654 0 0 0 1 0.4275169 -0.9029823 -0.04303699 -8.10623e-5 0.8993581 0.420014 0.121422 0.01409178 -0.09156578 -0.09061563 0.9916675 0.7996735 0 0 0 1 0.427519 -0.9029802 -0.04306089 -8.10623e-5 0.8993582 0.4200138 0.121422 0.01396095 -0.09155547 -0.09063744 0.9916665 0.7997972 0 0 0 1 0.4275214 -0.9029778 -0.04308646 -8.10623e-5 0.8993582 0.4200139 0.121422 0.0138148 -0.09154444 -0.09066069 0.9916654 0.7999352 0 0 0 1 0.427524 -0.9029754 -0.04311311 -8.10623e-5 0.8993581 0.420014 0.121422 0.01365464 -0.091533 -0.09068495 0.9916642 0.8000866 0 0 0 1 0.4275264 -0.9029729 -0.04314029 -8.10623e-5 0.8993582 0.4200139 0.121422 0.01348191 -0.09152126 -0.09070968 0.991663 0.8002499 0 0 0 1 0.4275289 -0.9029704 -0.04316747 -8.10623e-5 0.8993582 0.4200139 0.121422 0.01329773 -0.09150952 -0.09073442 0.9916619 0.8004239 0 0 0 1 0.4275314 -0.902968 -0.04319411 -8.10623e-5 0.8993581 0.420014 0.121422 0.01310348 -0.09149807 -0.09075874 0.9916607 0.8006075 0 0 0 1 0.4275338 -0.9029656 -0.04321962 -8.10623e-5 0.8993581 0.420014 0.121422 0.01290047 -0.09148705 -0.09078198 0.9916596 0.8007993 0 0 0 1 0.427536 -0.9029635 -0.04324358 -8.10623e-5 0.8993581 0.4200139 0.121422 0.01269 -0.09147673 -0.09080374 0.9916586 0.8009982 0 0 0 1 0.427538 -0.9029614 -0.04326528 -8.10623e-5 0.8993581 0.420014 0.121422 0.0124734 -0.09146738 -0.09082353 0.9916576 0.8012029 0 0 0 1 0.4275397 -0.9029598 -0.04328429 -8.10623e-5 0.8993582 0.4200139 0.121422 0.01225185 -0.09145915 -0.09084087 0.9916568 0.8014122 0 0 0 1 0.4275411 -0.9029583 -0.04330003 -8.10623e-5 0.8993582 0.4200139 0.121422 0.01202678 -0.09145236 -0.09085512 0.9916561 0.8016249 0 0 0 1 0.4275423 -0.9029572 -0.04331195 -8.10623e-5 0.8993581 0.4200139 0.121422 0.01179939 -0.09144723 -0.09086602 0.9916556 0.8018398 0 0 0 1 0.4275429 -0.9029565 -0.04331946 -8.10623e-5 0.8993582 0.4200139 0.121422 0.01157104 -0.09144401 -0.09087288 0.9916552 0.8020556 0 0 0 1 0.4275432 -0.9029563 -0.04332214 -8.10623e-5 0.8993582 0.4200139 0.121422 0.01134306 -0.09144288 -0.09087526 0.9916551 0.8022711 0 0 0 1 0.427543 -0.9029566 -0.04331934 -8.10623e-5 0.8993581 0.420014 0.121422 0.01111662 -0.09144407 -0.0908727 0.9916552 0.8024851 0 0 0 1 0.4275422 -0.9029573 -0.04331046 -8.10623e-5 0.8993582 0.4200139 0.121422 0.01089316 -0.09144788 -0.09086465 0.9916557 0.8026962 0 0 0 1 0.4275407 -0.9029588 -0.04329514 -8.10623e-5 0.8993582 0.420014 0.121422 0.01067394 -0.0914545 -0.09085071 0.9916563 0.8029034 0 0 0 1 0.4275386 -0.9029608 -0.04327267 -8.10623e-5 0.8993582 0.4200139 0.121422 0.01046019 -0.09146416 -0.09083026 0.9916573 0.8031054 0 0 0 1 0.427536 -0.9029635 -0.04324257 -8.10623e-5 0.899358 0.420014 0.121422 0.01025331 -0.09147715 -0.09080284 0.9916586 0.8033009 0 0 0 1 0.4275323 -0.9029671 -0.0432043 -8.10623e-5 0.8993582 0.4200139 0.121422 0.01005452 -0.09149366 -0.09076797 0.9916602 0.8034888 0 0 0 1 0.427528 -0.9029714 -0.04315727 -8.10623e-5 0.8993582 0.4200139 0.121422 0.009865164 -0.09151393 -0.09072518 0.9916623 0.8036677 0 0 0 1 0.4275228 -0.9029765 -0.04310101 -8.10623e-5 0.8993581 0.4200139 0.121422 0.009686529 -0.09153819 -0.09067392 0.9916648 0.8038365 0 0 0 1 0.4275167 -0.9029825 -0.04303491 -8.10623e-5 0.8993581 0.4200139 0.121422 0.009519934 -0.09156668 -0.09061372 0.9916676 0.8039939 0 0 0 1</float_array>
        <technique_common>
          <accessor source="#node-Bip01_matrix-output-array" count="60" stride="16">
            <param name="TRANSFORM" type="float4x4"/>
          </accessor>
        </technique_common>
      </source>
      <source id="node-Bip01_matrix-interpolation">
        <Name_array id="node-Bip01_matrix-interpolation-array" count="60">LINEAR LINEAR LINEAR LINEAR LINEAR LINEAR LINEAR LINEAR LINEAR LINEAR LINEAR LINEAR LINEAR LINEAR LINEAR LINEAR LINEAR LINEAR LINEAR LINEAR LINEAR LINEAR LINEAR LINEAR LINEAR LINEAR LINEAR LINEAR LINEAR LINEAR LINEAR LINEAR LINEAR LINEAR LINEAR LINEAR LINEAR LINEAR LINEAR LINEAR LINEAR LINEAR LINEAR LINEAR LINEAR LINEAR LINEAR LINEAR LINEAR LINEAR LINEAR LINEAR LINEAR LINEAR LINEAR LINEAR LINEAR LINEAR LINEAR LINEAR</Name_array>
        <technique_common>
          <accessor source="#node-Bip01_matrix-interpolation-array" count="60" stride="1">
            <param name="INTERPOLATION" type="name"/>
          </accessor>
        </technique_common>
      </source>
      <source id="node-Bip01_L_UpperArm_matrix-input">
        <float_array id="node-Bip01_L_UpperArm_matrix-input-array" count="60">1.333333 1.366667 1.4 1.433333 1.466667 1.5 1.533333 1.566667 1.6 1.633333 1.666667 1.7 1.733333 1.766667 1.8 1.833333 1.866667 1.9 1.933333 1.966667 2 2.033333 2.066667 2.1 2.133333 2.166667 2.2 2.233333 2.266667 2.3 2.333333 2.366667 2.4 2.433333 2.466667 2.5 2.533333 2.566667 2.6 2.633333 2.666667 2.7 2.733333 2.766667 2.8 2.833333 2.866667 2.9 2.933333 2.966667 3 3.033333 3.066667 3.1 3.133333 3.166667 3.2 3.233333 3.266667 3.3</float_array>
        <technique_common>
          <accessor source="#node-Bip01_L_UpperArm_matrix-input-array" count="60" stride="1">
            <param name="TIME" type="float"/>
          </accessor>
        </technique_common>
      </source>
      <source id="node-Bip01_L_UpperArm_matrix-output">
