<?xml version="1.0" encoding="utf-8"?>
<COLLADA xmlns="http://www.collada.org/2005/11/COLLADASchema" version="1.4.1">
  <asset>
    <contributor>
      <author>MattO</author>
      <authoring_tool>OpenCOLLADA for 3ds Max;  Version: 1.3.0;  Revision: 839M;  Platform: x64;  Configuration: Release_Max2012</authoring_tool>
      <source_data>file:///C:/Dropbox/Prj/GGStout/Turret/TP_Soldier_Turret_Animation_Master.max</source_data>
    </contributor>
    <created>2011-09-30T18:22:23</created>
    <modified>2011-09-30T18:22:23</modified>
    <unit name="meter" meter="1"/>
    <up_axis>Z_UP</up_axis>
  </asset>
  <library_effects>
    <effect id="ShapeBounds">
      <profile_COMMON>
        <technique sid="common">
          <blinn>
            <emission>
              <color>0 0 0 1</color>
            </emission>
            <ambient>
              <color>0.1647059 1 0 1</color>
            </ambient>
            <diffuse>
              <color>0.1647059 1 0 1</color>
            </diffuse>
            <specular>
              <color>0.9 0.9 0.9 1</color>
            </specular>
            <shininess>
              <float>10</float>
            </shininess>
            <reflective>
              <color>0 0 0 1</color>
            </reflective>
            <transparent opaque="A_ONE">
              <color>1 1 1 1</color>
            </transparent>
            <transparency>
              <float>1</float>
            </transparency>
          </blinn>
        </technique>
      </profile_COMMON>
      <extra>
        <technique profile="OpenCOLLADA3dsMax">
          <extended_shader>
            <apply_reflection_dimming>0</apply_reflection_dimming>
            <dim_level>0</dim_level>
            <falloff_type>0</falloff_type>
            <index_of_refraction>1.5</index_of_refraction>
            <opacity_type>0</opacity_type>
            <reflection_level>3</reflection_level>
            <wire_size>1</wire_size>
            <wire_units>0</wire_units>
          </extended_shader>
          <shader>
            <ambient_diffuse_lock>1</ambient_diffuse_lock>
            <ambient_diffuse_texture_lock>1</ambient_diffuse_texture_lock>
            <diffuse_specular_lock>0</diffuse_specular_lock>
            <soften>0.1</soften>
            <use_self_illum_color>0</use_self_illum_color>
          </shader>
        </technique>
      </extra>
    </effect>
  </library_effects>
  <library_materials>
    <material id="ShapeBounds-material" name="ShapeBounds">
      <instance_effect url="#ShapeBounds"/>
    </material>
  </library_materials>
  <library_geometries>
    <geometry id="geom-BOUNDS" name="BOUNDS">
      <mesh>
        <source id="geom-BOUNDS-positions">
          <float_array id="geom-BOUNDS-positions-array" count="24">-0.425 -0.425 0 0.425 -0.425 0 -0.425 0.425 0 0.425 0.425 0 -0.425 -0.425 1.84 0.425 -0.425 1.84 -0.425 0.425 1.84 0.425 0.425 1.84</float_array>
          <technique_common>
            <accessor source="#geom-BOUNDS-positions-array" count="8" stride="3">
              <param name="X" type="float"/>
              <param name="Y" type="float"/>
              <param name="Z" type="float"/>
            </accessor>
          </technique_common>
        </source>
        <source id="geom-BOUNDS-normals">
          <float_array id="geom-BOUNDS-normals-array" count="72">0 0 -1 0 0 -1 0 0 -1 0 0 -1 0 0 1 0 0 1 0 0 1 0 0 1 0 -1 0 0 -1 0 0 -1 0 0 -1 0 1 0 0 1 0 0 1 0 0 1 0 0 0 1 0 0 1 0 0 1 0 0 1 0 -1 0 0 -1 0 0 -1 0 0 -1 0 0</float_array>
          <technique_common>
            <accessor source="#geom-BOUNDS-normals-array" count="24" stride="3">
              <param name="X" type="float"/>
              <param name="Y" type="float"/>
              <param name="Z" type="float"/>
            </accessor>
          </technique_common>
        </source>
        <source id="geom-BOUNDS-map1">
          <float_array id="geom-BOUNDS-map1-array" count="36">0 0 0 1 0 0 0 1 0 1 1 0 0 0 0 1 0 0 0 1 0 1 1 0 0 0 0 1 0 0 0 1 0 1 1 0</float_array>
          <technique_common>
            <accessor source="#geom-BOUNDS-map1-array" count="12" stride="3">
              <param name="S" type="float"/>
              <param name="T" type="float"/>
              <param name="P" type="float"/>
            </accessor>
          </technique_common>
        </source>
        <vertices id="geom-BOUNDS-vertices">
          <input semantic="POSITION" source="#geom-BOUNDS-positions"/>
        </vertices>
        <triangles material="ShapeBounds" count="12">
          <input semantic="VERTEX" source="#geom-BOUNDS-vertices" offset="0"/>
          <input semantic="NORMAL" source="#geom-BOUNDS-normals" offset="1"/>
          <input semantic="TEXCOORD" source="#geom-BOUNDS-map1" offset="2" set="0"/>
          <p>0 0 9 2 1 11 3 2 10 3 2 10 1 3 8 0 0 9 4 4 8 5 5 9 7 6 11 7 6 11 6 7 10 4 4 8 0 8 4 1 9 5 5 10 7 5 10 7 4 11 6 0 8 4 1 12 0 3 13 1 7 14 3 7 14 3 5 15 2 1 12 0 3 16 4 2 17 5 6 18 7 6 18 7 7 19 6 3 16 4 2 20 0 0 21 1 4 22 3 4 22 3 6 23 2 2 20 0</p>
        </triangles>
      </mesh>
      <extra>
        <technique profile="OpenCOLLADA3dsMax">
          <max_box>
            <generateuvs>1</generateuvs>
            <height>1.84</height>
            <heightsegments>1</heightsegments>
            <length>0.85</length>
            <lengthsegments>1</lengthsegments>
            <width>0.85</width>
            <widthsegments>1</widthsegments>
          </max_box>
        </technique>
      </extra>
    </geometry>
  </library_geometries>
  <library_lights>
    <light id="EnvironmentAmbientLight" name="EnvironmentAmbientLight">
      <technique_common>
        <ambient>
          <color>0 0 0</color>
        </ambient>
      </technique_common>
    </light>
  </library_lights>
  <library_visual_scenes>
    <visual_scene id="MaxScene">
      <node name="EnvironmentAmbientLight">
        <instance_light url="#EnvironmentAmbientLight"/>
      </node>
      <node id="node-Bip01" name="Bip01">
        <matrix sid="matrix">0.4236141 -0.9058327 -0.004269943 -8.10623e-5 0.8993581 0.4200139 0.1214221 0.009366653 -0.1081946 -0.0552763 0.9925918 0.5661784 0 0 0 1</matrix>
        <node id="node-Bip01_Pelvis" name="Bip01_Pelvis">
          <matrix sid="matrix">-0.009626731 0.9912359 0.1317526 0 -0.1217413 -0.1319404 0.9837534 0 0.9925152 -0.0065694 0.1219445 0 0 0 0 1</matrix>
          <node id="node-Bip01_Spine" name="Bip01_Spine">
            <matrix sid="matrix">0.9916931 0.08133212 -0.09964906 0.1974927 -0.09817781 0.9791404 -0.1778911 0.02499387 0.08310217 0.1861967 0.9789917 0.02778858 0 0 0 1</matrix>
            <node id="node-Bip01_Spine1" name="Bip01_Spine1">
              <matrix>0.9768804 -0.1934979 -0.09090087 0.1022493 0.1920003 0.9810756 -0.02502521 -9.91225e-5 0.09402294 0.006993679 0.9955453 -7.07805e-7 0 0 0 1</matrix>
              <node id="node-Bip01_Spine2" name="Bip01_Spine2">
                <matrix>0.9832346 -0.1803838 0.02667584 0.126897 0.1810793 0.9831128 -0.02645708 -1.68368e-4 -0.02145293 0.03084394 0.999294 -5.27501e-6 0 0 0 1</matrix>
                <node id="node-Bip01_Neck" name="Bip01_Neck">
                  <matrix>0.9021776 -0.4308735 0.02058497 0.2151071 0.4312887 0.9018877 -0.02426412 -4.97103e-5 -0.008110601 0.03076866 0.9994937 -1.68756e-6 0 0 0 1</matrix>
                  <node id="node-Bip01_Head" name="Bip01_Head">
                    <matrix>0.8249742 0.5162327 -0.230046 0.07051814 -0.5614573 0.7951709 -0.2290605 -0.01395923 0.06467739 0.31813 0.9458385 -1.49012e-8 0 0 0 1</matrix>
                    <node id="node-ALTEYE" name="ALTEYE">
                      <matrix>0.4506335 0.3792478 0.8081463 0.06454694 0.04412806 0.8947043 -0.4444741 0.2214611 -0.8916176 0.2359568 0.3864483 0.04716265 0 0 0 1</matrix>
                    </node>
                  </node>
                  <node id="node-Bip01_L_Clavicle" name="Bip01_L_Clavicle">
                    <matrix sid="matrix">-0.5548651 -0.4308214 0.7117004 -0.02496195 0.2355236 -0.9018189 -0.362286 -0.01206511 0.7979057 -0.03339763 0.6018565 0.06855243 0 0 0 1</matrix>
                    <node id="node-Bip01_L_UpperArm" name="Bip01_L_UpperArm">
                      <matrix sid="matrix">-0.4139953 0.7107928 0.5686664 0.1824006 -0.8983264 -0.4199289 -0.12911 5.96046e-8 0.1470289 -0.5642988 0.8123728 5.96046e-8 0 0 0 1</matrix>
                      <node id="node-Bip01_L_Forearm" name="Bip01_L_Forearm">
                        <matrix sid="matrix">0.8758084 0.4826591 5.73345e-9 0.2843689 -0.4826592 0.8758086 0 0 -7.45058e-9 2.98023e-8 1 2.98023e-8 0 0 0 1</matrix>
                        <node id="node-Bip01_L_Hand" name="Bip01_L_Hand">
                          <matrix sid="matrix">0.662675 0.148056 0.7341263 0.281068 -0.5917407 0.7043455 0.3920976 5.96046e-8 -0.4590261 -0.6942456 0.5543628 -2.98023e-8 0 0 0 1</matrix>
                          <node id="node-Bip01_L_Finger0" name="Bip01_L_Finger0">
                            <matrix>0.5215105 0.269013 0.8097276 0.02119678 0.7250717 0.3605264 -0.5867638 -0.004734278 -0.4497753 0.8931141 -0.007035486 -0.02572191 0 0 0 1</matrix>
                            <node id="node-Bip01_L_Finger01" name="Bip01_L_Finger01">
                              <matrix>0.6423535 -0.7636237 -0.06527569 0.04982853 0.7605615 0.6456372 -0.06854744 -5.96046e-8 0.09448886 -0.005614504 0.9955101 0 0 0 0 1</matrix>
                              <node id="node-Bip01_L_Finger02" name="Bip01_L_Finger02">
                                <matrix>0.9505156 -0.3106764 -3.72529e-9 0.0520224 0.3106764 0.9505157 -1.49012e-8 5.96046e-8 -2.23517e-8 0 0.9999999 0 0 0 0 1</matrix>
                              </node>
                            </node>
                          </node>
                          <node id="node-Bip01_L_Finger1" name="Bip01_L_Finger1">
                            <matrix>0.6408504 -0.7640201 0.07472673 0.1199945 0.7674397 0.6352569 -0.0865149 -0.008367479 0.01862848 0.1127914 0.993444 -0.0410139 0 0 0 1</matrix>
                            <node id="node-Bip01_L_Finger11" name="Bip01_L_Finger11">
                              <matrix>0.8240548 -0.5665102 -7.45058e-9 0.03644173 0.5665103 0.8240549 0 1.19209e-7 0 -2.98023e-8 1 1.19209e-7 0 0 0 1</matrix>
                              <node id="node-Bip01_L_Finger12" name="Bip01_L_Finger12">
                                <matrix>0.8146399 -0.5796779 -0.01831834 0.03117537 0.5799673 0.8142334 0.02573052 -1.19209e-7 1.49012e-8 -0.0315851 0.9995012 -1.19209e-7 0 0 0 1</matrix>
                              </node>
                            </node>
                          </node>
                          <node id="node-Bip01_L_Finger2" name="Bip01_L_Finger2">
                            <matrix>0.6754014 -0.7374504 1.52119e-4 0.1229537 0.7368312 0.6748428 0.04082685 -0.008801937 -0.03021043 -0.02746241 0.9991663 -0.01328242 0 0 0 1</matrix>
                            <node id="node-Bip01_L_Finger21" name="Bip01_L_Finger21">
                              <matrix>0.5508358 -0.8338857 0.0348487 0.03895518 0.8322219 0.551937 0.05265062 -1.19209e-7 -0.06313889 3.72529e-9 0.9980046 1.19209e-7 0 0 0 1</matrix>
                              <node id="node-Bip01_L_Finger22" name="Bip01_L_Finger22">
                                <matrix>0.1984735 -0.9799248 -0.01886612 0.03800541 0.9755273 0.1993682 -0.09272985 0 0.09462957 -5.58794e-9 0.9955126 -5.96046e-8 0 0 0 1</matrix>
                              </node>
                            </node>
                          </node>
                          <node id="node-Bip01_L_Finger3" name="Bip01_L_Finger3">
                            <matrix>0.7159053 -0.6949217 -0.06755454 0.1211882 0.6883786 0.6863562 0.234627 -0.001191258 -0.1166809 -0.2144738 0.9697352 0.01196861 0 0 0 1</matrix>
                            <node id="node-Bip01_L_Finger31" name="Bip01_L_Finger31">
                              <matrix>0.4441953 -0.8949344 -0.04222352 0.03155847 0.8909185 0.4461976 -0.08468726 1.19209e-7 0.09462957 -1.86265e-8 0.9955125 1.19209e-7 0 0 0 1</matrix>
                              <node id="node-Bip01_L_Finger32" name="Bip01_L_Finger32">
                                <matrix>0.1993681 -0.9794357 0.03095102 0.03366613 0.9799246 0.1992686 -0.006297078 1.19209e-7 3.25963e-9 0.03158511 0.999501 -5.96046e-8 0 0 0 1</matrix>
                              </node>
                            </node>
                          </node>
                          <node id="node-Bip01_L_Finger4" name="Bip01_L_Finger4">
                            <matrix>0.592579 -0.789795 0.1583476 0.1136795 0.7783523 0.6120424 0.1399001 0.005147517 -0.2074079 0.04034832 0.9774221 0.03886575 0 0 0 1</matrix>
                            <node id="node-Bip01_L_Finger41" name="Bip01_L_Finger41">
                              <matrix>0.4202555 -0.9064696 -0.04120621 0.03661621 0.906853 0.4211511 -0.01578782 1.19209e-7 0.03166521 -0.03073305 0.9990259 -5.96046e-8 0 0 0 1</matrix>
                              <node id="node-Bip01_L_Finger42" name="Bip01_L_Finger42">
                                <matrix>0.402447 -0.9138246 0.05441484 0.01772618 0.9154229 0.4021218 -0.01728318 -2.98023e-8 -0.006087579 0.05676818 0.9983688 0 0 0 0 1</matrix>
                              </node>
                            </node>
                          </node>
                        </node>
                      </node>
                    </node>
                  </node>
                  <node id="node-Bip01_R_Clavicle" name="Bip01_R_Clavicle">
                    <matrix>-0.07751408 -0.3624381 -0.9287788 -0.02385312 0.5681534 -0.7815726 0.2575766 -0.0162707 -0.8192639 -0.5077232 0.2665033 -0.06807297 0 0 0 1</matrix>
                    <node id="node-Bip01_R_UpperArm" name="Bip01_R_UpperArm">
                      <matrix>0.7005728 -0.04837945 -0.7119393 0.1824007 -0.6460729 0.3805888 -0.6616208 0 0.302965 0.9234781 0.2353735 0 0 0 0 1</matrix>
                      <node id="node-Bip01_R_Forearm" name="Bip01_R_Forearm">
                        <matrix>-0.1981754 0.9801665 -7.45058e-9 0.2843689 -0.9801666 -0.1981755 -7.45058e-9 -5.96046e-8 -1.49012e-8 3.72529e-8 0.9999999 2.98023e-8 0 0 0 1</matrix>
                        <node id="node-Bip01_R_Hand" name="Bip01_R_Hand">
                          <matrix>0.8251113 -0.2495067 -0.5068904 0.2810679 -0.5635476 -0.299842 -0.7697461 8.9407e-8 0.04006979 0.9207829 -0.3880119 -2.98023e-8 0 0 0 1</matrix>
                          <node id="node-Bip01_R_Finger0" name="Bip01_R_Finger0">
                            <matrix>0.5215105 0.269013 -0.8097275 0.02119684 0.7250715 0.3605264 0.5867638 -0.004734278 0.4497753 -0.893114 -0.007035494 0.02572194 0 0 0 1</matrix>
                            <node id="node-Bip01_R_Finger01" name="Bip01_R_Finger01">
                              <matrix>0.6423535 -0.7636236 0.06527567 0.0498285 0.7605616 0.6456372 0.06854744 2.98023e-8 -0.09448889 0.00561446 0.99551 0 0 0 0 1</matrix>
                              <node id="node-Bip01_R_Finger02" name="Bip01_R_Finger02">
                                <matrix>0.9505157 -0.3106765 0 0.05202243 0.3106764 0.9505157 0 -5.96046e-8 5.96046e-8 2.98023e-8 1 -1.19209e-7 0 0 0 1</matrix>
                              </node>
                            </node>
                          </node>
                          <node id="node-Bip01_R_Finger1" name="Bip01_R_Finger1">
                            <matrix>0.9820224 -0.1733427 -0.07472672 0.1199946 0.1795577 0.9799357 0.08651491 -0.008367509 0.05823067 -0.09837733 0.993444 0.04101385 0 0 0 1</matrix>
                            <node id="node-Bip01_R_Finger11" name="Bip01_R_Finger11">
                              <matrix>0.8240547 -0.5665103 0 0.03644168 0.5665102 0.8240547 -7.45058e-9 0 -1.11759e-8 7.45058e-9 1 -2.98023e-8 0 0 0 1</matrix>
                              <node id="node-Bip01_R_Finger12" name="Bip01_R_Finger12">
                                <matrix>0.8146397 -0.5796779 0.0183183 0.03117543 0.5799672 0.8142334 -0.02573051 0 -4.19095e-9 0.03158511 0.999501 0 0 0 0 1</matrix>
                              </node>
                            </node>
                          </node>
                          <node id="node-Bip01_R_Finger2" name="Bip01_R_Finger2">
                            <matrix>0.6754013 -0.7374504 -1.52096e-4 0.1229539 0.7368312 0.6748427 -0.04082684 -0.008802086 0.03021045 0.02746241 0.9991662 0.01328248 0 0 0 1</matrix>
                            <node id="node-Bip01_R_Finger21" name="Bip01_R_Finger21">
                              <matrix>0.5508358 -0.8338858 -0.0348487 0.03895515 0.832222 0.551937 -0.05265061 0 0.06313887 -1.49012e-8 0.9980047 -2.98023e-8 0 0 0 1</matrix>
                              <node id="node-Bip01_R_Finger22" name="Bip01_R_Finger22">
                                <matrix>0.1984735 -0.9799246 0.01886614 0.03800535 0.9755272 0.199368 0.09272984 0 -0.09462956 -5.58794e-9 0.9955126 0 0 0 0 1</matrix>
                              </node>
                            </node>
                          </node>
                          <node id="node-Bip01_R_Finger3" name="Bip01_R_Finger3">
                            <matrix>0.7159052 -0.6949215 0.06755455 0.1211882 0.6883785 0.6863562 -0.234627 -0.001191258 0.1166809 0.2144738 0.9697352 -0.01196867 0 0 0 1</matrix>
                            <node id="node-Bip01_R_Finger31" name="Bip01_R_Finger31">
                              <matrix>0.4441953 -0.8949345 0.0422235 0.03155839 0.8909185 0.4461976 0.08468728 1.19209e-7 -0.09462959 1.49012e-8 0.9955127 -5.96046e-8 0 0 0 1</matrix>
                              <node id="node-Bip01_R_Finger32" name="Bip01_R_Finger32">
                                <matrix>0.1993681 -0.9794359 -0.03095104 0.03366601 0.9799247 0.1992686 0.006297082 -1.19209e-7 -2.98023e-8 -0.03158512 0.9995011 2.98023e-8 0 0 0 1</matrix>
                              </node>
                            </node>
                          </node>
                          <node id="node-Bip01_R_Finger4" name="Bip01_R_Finger4">
                            <matrix>0.5925791 -0.7897949 -0.1583475 0.1136795 0.7783521 0.6120424 -0.1399001 0.005147427 0.2074078 -0.04034826 0.977422 -0.03886575 0 0 0 1</matrix>
                            <node id="node-Bip01_R_Finger41" name="Bip01_R_Finger41">
                              <matrix>0.4202555 -0.9064696 0.04120621 0.03661624 0.906853 0.421151 0.01578784 0 -0.03166522 0.03073305 0.999026 2.98023e-8 0 0 0 1</matrix>
                              <node id="node-Bip01_R_Finger42" name="Bip01_R_Finger42">
                                <matrix>0.4024471 -0.9138247 -0.05441486 0.01772636 0.9154231 0.4021218 0.01728317 -5.96046e-8 0.006087605 -0.05676818 0.9983689 -2.98023e-8 0 0 0 1</matrix>
                              </node>
                            </node>
                          </node>
                          <node id="node-MOUNT0" name="MOUNT0">
                            <matrix>-6.33299e-7 1 -1.3411e-7 0.1095392 -0.9999998 -6.48201e-7 4.8615e-7 0.02518257 4.93601e-7 1.49012e-7 0.9999999 0.01321676 0 0 0 1</matrix>
                          </node>
                        </node>
                      </node>
                    </node>
                  </node>
                </node>
                <node id="node-Bip01_L_Pauldron_Upper" name="Bip01_L_Pauldron_Upper">
                  <matrix sid="matrix">0.7170839 -0.2633146 0.6453345 0.176903 -0.5515651 -0.7804334 0.29445 -0.03908375 0.4261073 -0.5670896 -0.7048712 0.2290198 0 0 0 1</matrix>
                </node>
                <node id="node-Bip01_R_Pauldron_Lower" name="Bip01_R_Pauldron_Lower">
                  <matrix>-0.2772104 -0.9060032 -0.319866 0.1729062 0.8560929 -0.384044 0.3458561 -0.1133294 -0.4361892 -0.17796 0.8820829 -0.2351095 0 0 0 1</matrix>
                </node>
                <node id="node-Bip01_L_Pauldron_Lower" name="Bip01_L_Pauldron_Lower">
                  <matrix>-0.3015728 -0.9289848 0.2145742 0.1529202 0.6634326 -0.3660941 -0.6525589 -0.1054226 0.6847712 -0.05443852 0.7267222 0.2344799 0 0 0 1</matrix>
                </node>
              </node>
            </node>
            <node id="node-Bip01_L_Thigh" name="Bip01_L_Thigh">
              <matrix sid="matrix">-0.8161829 0.5395921 -0.2066052 -0.1851134 0.2053796 0.6051592 0.7691564 -0.02197146 0.5400597 0.5853398 -0.6047419 0.1217295 0 0 0 1</matrix>
              <node id="node-Bip01_L_Calf" name="Bip01_L_Calf">
                <matrix sid="matrix">-0.693031 0.7209079 0 0.4629988 -0.7209076 -0.693031 0 -2.98023e-8 5.58794e-8 2.98023e-8 1 -1.49012e-8 0 0 0 1</matrix>
                <node id="node-Bip01_L_Foot" name="Bip01_L_Foot">
                  <matrix sid="matrix">0.6461247 -0.6947086 0.3160743 0.3610502 0.7321554 0.6811374 4.06243e-4 -2.98023e-8 -0.2155723 0.231153 0.9487343 -1.49012e-8 0 0 0 1</matrix>
                  <node id="node-Bip01_L_Toe0" name="Bip01_L_Toe0">
                    <matrix sid="matrix">-0.4999998 -0.8660254 1.21444e-6 0.1486306 0.8660254 -0.4999999 2.83122e-7 0.1543275 3.31551e-7 1.20699e-6 1 0 0 0 0 1</matrix>
                  </node>
                </node>
              </node>
            </node>
            <node id="node-Bip01_R_Thigh" name="Bip01_R_Thigh">
              <matrix sid="matrix">-0.3656048 0.9207947 -0.1359049 -0.2063019 0.9020296 0.3865226 0.1922043 -0.06944689 0.229511 -0.05231947 -0.9718989 -0.1278868 0 0 0 1</matrix>
              <node id="node-Bip01_R_Calf" name="Bip01_R_Calf">
                <matrix sid="matrix">-0.5836723 0.8119894 -7.45058e-9 0.4629987 -0.8119893 -0.5836723 -7.45058e-9 5.96046e-8 1.11759e-8 7.45058e-9 1 0 0 0 0 1</matrix>
                <node id="node-Bip01_R_Foot" name="Bip01_R_Foot">
                  <matrix sid="matrix">0.5640575 -0.8159738 0.1265935 0.36105 0.8094274 0.5766999 0.1106553 0 -0.1632983 0.04005237 0.9857634 3.72529e-9 0 0 0 1</matrix>
                  <node id="node-Bip01_R_Toe0" name="Bip01_R_Toe0">
                    <matrix sid="matrix">-0.3051539 -0.9472734 0.0977453 0.1486307 0.9517196 -0.3069488 -0.003513966 0.1543275 0.03333148 0.0919538 0.9952053 -3.72529e-9 0 0 0 1</matrix>
                  </node>
                </node>
              </node>
            </node>
          </node>
          <node id="node-Bip01_FannyPack" name="Bip01_FannyPack">
            <matrix sid="matrix">-0.9629917 -0.2062316 0.1735378 0.2299505 -0.2083319 0.9780381 0.006226717 -0.1378937 -0.1710107 -0.03015659 -0.9848074 0.01013958 0 0 0 1</matrix>
          </node>
        </node>
        <node id="node-EYE" name="EYE">
          <matrix sid="matrix">0.4236141 0.8993576 -0.1081947 0.03411197 -0.9058327 0.4200138 -0.05527613 0.01160578 -0.004269959 0.1214216 0.9925913 0.4805326 0 0 0 1</matrix>
          <node id="node-CAM" name="CAM">
            <matrix>1 -6.03104e-8 0 4.83124e-8 6.03104e-8 1 -2.32831e-9 -0.104 0 2.32831e-9 1 0.3005601 0 0 0 1</matrix>
          </node>
        </node>
      </node>
      <node id="node-BOUNDS" name="BOUNDS">
        <matrix>0.9999915 0.001706907 0.003750479 0 -0.001711356 0.9999978 0.001183292 0.1035326 -0.003748452 -0.0011897 0.9999923 -8.93474e-5 0 0 0 1</matrix>
        <instance_geometry url="#geom-BOUNDS">
          <bind_material>
            <technique_common>
              <instance_material symbol="ShapeBounds" target="#ShapeBounds-material"/>
            </technique_common>
          </bind_material>
        </instance_geometry>
      </node>
    </visual_scene>
  </library_visual_scenes>
  <library_animations>
    <animation>
      <source id="node-Bip01_matrix-input">
        <float_array id="node-Bip01_matrix-input-array" count="31">20.33333 20.36667 20.4 20.43333 20.46667 20.5 20.53333 20.56667 20.6 20.63333 20.66667 20.7 20.73333 20.76667 20.8 20.83333 20.86667 20.9 20.93333 20.96667 21 21.03333 21.06667 21.1 21.13333 21.16667 21.2 21.23333 21.26667 21.3 21.33333</float_array>
        <technique_common>
          <accessor source="#node-Bip01_matrix-input-array" count="31" stride="1">
            <param name="TIME" type="float"/>
          </accessor>
        </technique_common>
      </source>
      <source id="node-Bip01_matrix-output">
        <float_array id="node-Bip01_matrix-output-array" count="496">0.4236141 -0.9058327 -0.004269897 -8.10623e-5 0.8993581 0.4200139 0.121422 0.009366631 -0.1081946 -0.05527627 0.9925918 0.5661784 0 0 0 1 0.4236141 -0.9058327 -0.004269897 -7.33961e-5 0.8993581 0.4200139 0.121422 0.009366631 -0.1081946 -0.05527627 0.9925918 0.5697593 0 0 0 1 0.4236141 -0.9058327 -0.004269897 -6.34079e-5 0.8993581 0.4200139 0.121422 0.009366631 -0.1081946 -0.05527627 0.9925918 0.5744404 0 0 0 1 0.4236141 -0.9058327 -0.004269897 -5.19062e-5 0.8993581 0.4200139 0.121422 0.009366631 -0.1081946 -0.05527627 0.9925918 0.5796849 0 0 0 1 0.4236141 -0.9058327 -0.004269897 -3.96998e-5 0.8993581 0.4200139 0.121422 0.009366631 -0.1081946 -0.05527627 0.9925918 0.5849562 0 0 0 1 0.4236141 -0.9058327 -0.004269897 -2.75972e-5 0.8993581 0.4200139 0.121422 0.009366631 -0.1081946 -0.05527627 0.9925918 0.589718 0 0 0 1 0.4236141 -0.9058327 -0.004269897 -1.64073e-5 0.8993581 0.4200139 0.121422 0.009366631 -0.1081946 -0.05527627 0.9925918 0.5934335 0 0 0 1 0.4236141 -0.9058327 -0.004269897 -6.93869e-6 0.8993581 0.4200139 0.121422 0.009366631 -0.1081946 -0.05527627 0.9925918 0.5955662 0 0 0 1 0.4236141 -0.9058327 -0.004269897 0 0.8993581 0.4200139 0.121422 0.009366631 -0.1081946 -0.05527627 0.9925918 0.5955798 0 0 0 1 0.4236141 -0.9058327 -0.004269897 3.97046e-6 0.8993581 0.4200139 0.121422 0.009366631 -0.1081946 -0.05527627 0.9925918 0.5920296 0 0 0 1 0.4236141 -0.9058327 -0.004269897 5.51444e-6 0.8993581 0.4200139 0.121422 0.009366631 -0.1081946 -0.05527627 0.9925918 0.5848466 0 0 0 1 0.4236141 -0.9058327 -0.004269897 5.29385e-6 0.8993581 0.4200139 0.1214221 0.009366631 -0.1081946 -0.05527627 0.9925918 0.5755547 0 0 0 1 0.4236141 -0.9058327 -0.004269897 3.97042e-6 0.8993581 0.4200139 0.1214221 0.009366631 -0.1081946 -0.05527627 0.9925918 0.56568 0 0 0 1 0.4236141 -0.9058327 -0.004269897 2.20576e-6 0.8993581 0.4200139 0.121422 0.009366631 -0.1081946 -0.05527627 0.9925918 0.5567461 0 0 0 1 0.4236141 -0.9058327 -0.004269897 6.61761e-7 0.8993581 0.4200139 0.121422 0.009366631 -0.1081946 -0.05527627 0.9925918 0.5502789 0 0 0 1 0.4236141 -0.9058327 -0.004269897 0 0.8993581 0.4200139 0.121422 0.009366631 -0.1081946 -0.05527627 0.9925918 0.5478026 0 0 0 1 0.4236141 -0.9058327 -0.004269897 5.91079e-7 0.8993581 0.4200139 0.121422 0.009366631 -0.1081946 -0.05527627 0.9925918 0.5497606 0 0 0 1 0.4236141 -0.9058327 -0.004269897 2.02656e-6 0.8993581 0.4200139 0.121422 0.009366631 -0.1081946 -0.05527627 0.9925918 0.5549044 0 0 0 1 0.4236141 -0.9058327 -0.004269897 3.7998e-6 0.8993581 0.4200139 0.121422 0.009366631 -0.1081946 -0.05527627 0.9925918 0.562222 0 0 0 1 0.4236141 -0.9058327 -0.004269897 5.40415e-6 0.8993581 0.4200139 0.121422 0.009366631 -0.1081946 -0.05527627 0.9925918 0.5707014 0 0 0 1 0.4236141 -0.9058327 -0.004269897 6.33299e-6 0.8993581 0.4200139 0.121422 0.009366631 -0.1081946 -0.05527627 0.9925918 0.5793305 0 0 0 1 0.4236141 -0.9058327 -0.004269897 6.07967e-6 0.8993581 0.4200139 0.121422 0.009366631 -0.1081946 -0.05527627 0.9925918 0.5870971 0 0 0 1 0.4236141 -0.9058327 -0.004269897 4.13756e-6 0.8993581 0.4200139 0.121422 0.009366631 -0.1081946 -0.05527627 0.9925918 0.5929893 0 0 0 1 0.4236141 -0.9058327 -0.004269897 0 0.8993581 0.4200139 0.121422 0.009366631 -0.1081946 -0.05527627 0.9925918 0.595995 0 0 0 1 0.4236141 -0.9058327 -0.004269897 -7.63379e-6 0.8993581 0.4200139 0.121422 0.009366631 -0.1081946 -0.05527627 0.9925918 0.5955476 0 0 0 1 0.4236141 -0.9058327 -0.004269897 -1.88278e-5 0.8993581 0.4200139 0.121422 0.009366631 -0.1081946 -0.05527627 0.9925918 0.592348 0 0 0 1 0.4236141 -0.9058327 -0.004269897 -3.22361e-5 0.8993581 0.4200139 0.1214221 0.009366631 -0.1081946 -0.05527627 0.9925918 0.5872851 0 0 0 1 0.4236141 -0.9058327 -0.004269897 -4.65102e-5 0.8993581 0.4200139 0.1214221 0.009366631 -0.1081946 -0.05527627 0.9925918 0.5812479 0 0 0 1 0.4236141 -0.9058327 -0.004269897 -6.03045e-5 0.8993581 0.4200139 0.121422 0.009366631 -0.1081946 -0.05527627 0.9925918 0.575125 0 0 0 1 0.4236141 -0.9058327 -0.004269897 -7.22705e-5 0.8993581 0.4200139 0.121422 0.009366631 -0.1081946 -0.05527627 0.9925918 0.5698057 0 0 0 1 0.4236141 -0.9058327 -0.004269897 -8.10623e-5 0.8993581 0.4200139 0.121422 0.009366631 -0.1081946 -0.05527627 0.9925918 0.5661784 0 0 0 1</float_array>
        <technique_common>
          <accessor source="#node-Bip01_matrix-output-array" count="31" stride="16">
            <param name="TRANSFORM" type="float4x4"/>
          </accessor>
        </technique_common>
      </source>
      <source id="node-Bip01_matrix-interpolation">
        <Name_array id="node-Bip01_matrix-interpolation-array" count="31">LINEAR LINEAR LINEAR LINEAR LINEAR LINEAR LINEAR LINEAR LINEAR LINEAR LINEAR LINEAR LINEAR LINEAR LINEAR LINEAR LINEAR LINEAR LINEAR LINEAR LINEAR LINEAR LINEAR LINEAR LINEAR LINEAR LINEAR LINEAR LINEAR LINEAR LINEAR</Name_array>
        <technique_common>
          <accessor source="#node-Bip01_matrix-interpolation-array" count="31" stride="1">
            <param name="INTERPOLATION" type="name"/>
          </accessor>
        </technique_common>
      </source>
      <source id="node-Bip01_Pelvis_matrix-input">
        <float_array id="node-Bip01_Pelvis_matrix-input-array" count="31">20.33333 20.36667 20.4 20.43333 20.46667 20.5 20.53333 20.56667 20.6 20.63333 20.66667 20.7 20.73333 20.76667 20.8 20.83333 20.86667 20.9 20.93333 20.96667 21 21.03333 21.06667 21.1 21.13333 21.16667 21.2 21.23333 21.26667 21.3 21.33333</float_array>
        <technique_common>
          <accessor source="#node-Bip01_Pelvis_matrix-input-array" count="31" stride="1">
            <param name="TIME" type="float"/>
          </accessor>
        </technique_common>
      </source>
      <source id="node-Bip01_Pelvis_matrix-output">
        <float_array id="node-Bip01_Pelvis_matrix-output-array" count="496">-0.009626686 0.9912359 0.1317526 0 -0.1217413 -0.1319404 0.9837535 0 0.9925152 -0.006569385 0.1219445 0 0 0 0 1 -0.005043148 0.9930221 0.1178199 0 -0.1000073 -0.1177316 0.9879969 0 0.994974 -0.006800174 0.09990322 0 0 0 0 1 7.84799e-4 0.9949009 0.100854 0 -0.07005631 -0.1005516 0.9924623 0 0.9975427 -0.007844328 0.06962013 0 0 0 0 1 0.006914794 0.9966645 0.0813148 0 -0.03510582 -0.0810247 0.9960936 0 0.9993597 -0.009742379 0.03442841 0 0 0 0 1 0.01252168 0.9981346 0.05975383 0 0.001542687 -0.05977773 0.9982106 0 0.9999204 -0.01240706 -0.002288281 0 0 0 0 1 0.01694852 0.9991782 0.03682124 0 0.0365262 -0.03742074 0.998632 0 0.999189 -0.01558041 -0.03713041 0 0 0 0 1 0.01973903 0.9997174 0.01324313 0 0.06646388 -0.01452839 0.9976831 0 0.9975936 -0.01881307 -0.06673187 0 0 0 0 1 0.02064538 0.9997346 -0.01021748 0 0.08799332 0.008363008 0.996086 0 0.9959071 -0.02146357 -0.08779734 0 0 0 0 1 0.01961016 0.9992694 -0.03280454 0 0.09777808 0.0307368 0.9947335 0 0.9950151 -0.02271443 -0.09710389 0 0 0 0 1 0.01108306 0.9976861 -0.0670796 0 0.05003297 0.06644636 0.9965349 0 0.9986861 -0.01440083 -0.04918074 0 0 0 0 1 -5.87851e-5 0.9945744 -0.1040289 0 -0.04261356 0.103932 0.9936711 0 0.9990916 0.004491448 0.04237622 0 0 0 0 1 -0.005906403 0.9940372 -0.1088817 0 -0.09394544 0.1078504 0.9897184 0 0.9955599 0.01607465 0.09274822 0 0 0 0 1 -0.00708127 0.9980515 -0.06199324 0 -0.06828528 0.06136745 0.9957768 0 0.9976407 0.01128458 0.06771767 0 0 0 0 1 -0.002958118 0.9999098 0.01310092 0 -0.008664548 -0.01312613 0.9998763 0 0.9999582 0.002844214 0.008702576 0 0 0 0 1 0.007420241 0.9961852 0.08694851 0 0.05236238 -0.08721882 0.9948122 0 0.9986006 -0.002828955 -0.05280983 0 0 0 0 1 0.0176382 0.9912359 0.130921 0 0.08289796 -0.1319403 0.9877853 0 0.996402 -0.006569683 -0.08449864 0 0 0 0 1 0.02483409 0.9886881 0.1479161 0 0.08391427 -0.1495013 0.9851944 0 0.9961636 -0.01205414 -0.08667778 0 0 0 0 1 0.03235936 0.9867047 0.1592699 0 0.07772064 -0.1613551 0.9838314 0 0.99645 -0.01945757 -0.0819087 0 0 0 0 1 0.03957861 0.9854075 0.1655469 0 0.06579035 -0.1678872 0.9836085 0 0.9970483 -0.02803844 -0.07147502 0 0 0 0 1 0.04596573 0.9848389 0.1672708 0 0.04959392 -0.1694912 0.9842831 0 0.9977112 -0.03694766 -0.05663287 0 0 0 0 1 0.05105507 0.9849854 0.1649154 0 0.03059363 -0.1665958 0.9855506 0 0.9982271 -0.04527205 -0.03863984 0 0 0 0 1 0.05440175 0.9857941 0.1589037 0 0.01023626 -0.1596816 0.9871155 0 0.9984667 -0.05207419 -0.01877784 0 0 0 0 1 0.05554878 0.9871824 0.1496169 0 -0.01005423 -0.1492875 0.9887428 0 0.9984053 -0.05642771 0.00163263 0 0 0 0 1 0.05400121 0.9890417 0.1374059 0 -0.02888631 -0.1360017 0.9902874 0 0.9981229 -0.05744588 0.02122551 0 0 0 0 1 0.03721719 0.9952276 0.09020531 0 -0.05549496 -0.08807027 0.9945673 0 0.9977652 -0.04202091 0.05195242 0 0 0 0 1 0.009401857 0.9998357 0.01550114 0 -0.0905165 -0.0145871 0.9957881 0 0.9958506 -0.01076531 0.09036445 0 0 0 0 1 -0.008875668 0.9996628 -0.02440357 0 -0.1161357 0.02320879 0.9929622 0 0.9931938 0.01164728 0.1158905 0 0 0 0 1 -0.01350551 0.9999012 -0.003911137 0 -0.1246815 0.002196967 0.9921945 0 0.9921049 0.01388776 0.1246395 0 0 0 0 1 -0.01334255 0.9989192 0.0445255 0 -0.1254631 -0.04585009 0.9910383 0 0.9920085 0.007636666 0.1259393 0 0 0 0 1 -0.01104664 0.9951739 0.09750384 0 -0.1230435 -0.09812158 0.9875387 0 0.9923399 -0.001088201 0.1235336 0 0 0 0 1 -0.009626686 0.9912359 0.1317526 0 -0.1217413 -0.1319404 0.9837535 0 0.9925152 -0.006569385 0.1219445 0 0 0 0 1</float_array>
        <technique_common>
          <accessor source="#node-Bip01_Pelvis_matrix-output-array" count="31" stride="16">
            <param name="TRANSFORM" type="float4x4"/>
          </accessor>
        </technique_common>
      </source>
      <source id="node-Bip01_Pelvis_matrix-interpolation">
        <Name_array id="node-Bip01_Pelvis_matrix-interpolation-array" count="31">LINEAR LINEAR LINEAR LINEAR LINEAR LINEAR LINEAR LINEAR LINEAR LINEAR LINEAR LINEAR LINEAR LINEAR LINEAR LINEAR LINEAR LINEAR LINEAR LINEAR LINEAR LINEAR LINEAR LINEAR LINEAR LINEAR LINEAR LINEAR LINEAR LINEAR LINEAR</Name_array>
        <technique_common>
          <accessor source="#node-Bip01_Pelvis_matrix-interpolation-array" count="31" stride="1">
            <param name="INTERPOLATION" type="name"/>
          </accessor>
        </technique_common>
      </source>
      <source id="node-Bip01_Spine_matrix-input">
        <float_array id="node-Bip01_Spine_matrix-input-array" count="31">20.33333 20.36667 20.4 20.43333 20.46667 20.5 20.53333 20.56667 20.6 20.63333 20.66667 20.7 20.73333 20.76667 20.8 20.83333 20.86667 20.9 20.93333 20.96667 21 21.03333 21.06667 21.1 21.13333 21.16667 21.2 21.23333 21.26667 21.3 21.33333</float_array>
        <technique_common>
          <accessor source="#node-Bip01_Spine_matrix-input-array" count="31" stride="1">
            <param name="TIME" type="float"/>
          </accessor>
        </technique_common>
      </source>
      <source id="node-Bip01_Spine_matrix-output">
        <float_array id="node-Bip01_Spine_matrix-output-array" count="496">0.9916931 0.08133208 -0.09964907 0.1974927 -0.09817779 0.9791404 -0.1778911 0.02499383 0.08310216 0.1861967 0.9789918 0.02778857 0 0 0 1 0.9931344 0.08708614 -0.07810294 0.1981041 -0.09894859 0.9815206 -0.1637888 0.0249952 0.06239587 0.1703925 0.9833989 0.02302736 0 0 0 1 0.994352 0.09445041 -0.04840588 0.1987704 -0.1006148 0.9840446 -0.146741 0.02483695 0.03377383 0.1507827 0.9879899 0.01654356 0 0 0 1 0.9946625 0.1022624 -0.01374626 0.1992951 -0.1031808 0.9864748 -0.1273627 0.02450555 5.35965e-4 0.1281013 0.991761 0.009013533 0 0 0 1 0.9937289 0.1095073 0.02260619 0.1995554 -0.1065263 0.9886146 -0.1062695 0.02401351 -0.03398609 0.103195 0.9940804 0.001125991 0 0 0 1 0.9916659 0.1153802 0.05732262 0.199527 -0.1103658 0.9903299 -0.08405882 0.02340888 -0.06646704 0.07703185 0.9948107 -0.006424367 0 0 0 1 0.9890318 0.1193197 0.08705705 0.1992831 -0.1142299 0.9915618 -0.06129169 0.02277904 -0.09363579 0.05067479 0.9943161 -0.01294779 0 0 0 1 0.9867066 0.1210064 0.1084797 0.198971 -0.1174648 0.992331 -0.03848826 0.02225136 -0.1123052 0.0252341 0.9933534 -0.01776736 0 0 0 1 0.9856634 0.1203219 0.1182804 0.1987658 -0.119247 0.9927332 -0.0161494 0.0219897 -0.119364 0.001813232 0.9928489 -0.02022093 0 0 0 1 0.9913767 0.1100947 0.07107293 0.199271 -0.111752 0.9935394 0.01976674 0.02360397 -0.06843751 -0.02753883 0.9972751 -0.01158225 0 0 0 1 0.99526 0.09497159 -0.02092653 0.1990565 -0.09363031 0.9939303 0.05775654 0.02728533 0.02628475 -0.05552339 0.9981113 0.005679011 0 0 0 1 0.9936426 0.08655184 -0.07199627 0.198198 -0.08215492 0.9946926 0.06194549 0.02957886 0.07697564 -0.05563688 0.9954795 0.01558631 0 0 0 1 0.9951578 0.08671665 -0.04627025 0.1985812 -0.08609658 0.9961703 0.01523357 0.02873122 0.04741406 -0.0111761 0.9988127 0.01184338 0 0 0 1 0.9955167 0.09366929 0.0131312 0.1991521 -0.09273475 0.9939156 -0.05943119 0.02709913 -0.01861816 0.05794703 0.9981461 0.002077877 0 0 0 1 0.9915823 0.1065472 0.07356733 0.1991568 -0.09609442 0.9863957 -0.1333767 0.02587026 -0.08677738 0.1251847 0.988331 -0.008218169 0 0 0 1 0.9876199 0.1178398 0.1035413 0.1989898 -0.09817808 0.9791405 -0.1778911 0.02499377 -0.1223441 0.1655233 0.9785878 -0.01336503 0 0 0 1 0.9866659 0.1250164 0.1042174 0.1991332 -0.102934 0.9753009 -0.1954295 0.02383351 -0.1260752 0.1820962 0.9751646 -0.01334822 0 0 0 1 0.9863903 0.1322535 0.09768891 0.19939 -0.1098021 0.972088 -0.207336 0.0223059 -0.1223832 0.1937878 0.97338 -0.01209676 0 0 0 1 0.9866038 0.1389639 0.08545231 0.1997008 -0.1180461 0.9696781 -0.2139852 0.02056187 -0.1125975 0.2010313 0.9730921 -0.009851396 0 0 0 1 0.9870724 0.144665 0.06899523 0.2000025 -0.1268149 0.968178 -0.2157536 0.0187717 -0.09801167 0.2042148 0.9740073 -0.006848514 0 0 0 1 0.9875921 0.1489378 0.04979491 0.2002404 -0.1351875 0.9676439 -0.2130489 0.01711702 -0.07991474 0.2036738 0.975772 -0.003326117 0 0 0 1 0.9880394 0.1513913 0.02931421 0.2003771 -0.1422135 0.968093 -0.2063287 0.01578319 -0.05961519 0.199692 0.9780437 4.71629e-4 0 0 0 1 0.9883963 0.1516314 0.008995652 0.2003952 -0.1469491 0.9695092 -0.196107 0.0149526 -0.03845733 0.1925094 0.9805413 0.004291713 0 0 0 1 0.9887539 0.1492351 -0.009746015 0.2002981 -0.1484863 0.9718449 -0.1829468 0.01479905 -0.01783043 0.1823365 0.9830746 0.007871389 0 0 0 1 0.9907 0.1313389 -0.03554892 0.1997814 -0.1349784 0.9816046 -0.1350311 0.0180363 0.01716017 0.1385737 0.9902035 0.01274091 0 0 0 1 0.9923742 0.1019524 -0.06927567 0.1986621 -0.1062319 0.9924573 -0.06118154 0.02438563 0.06251555 0.06807422 0.9957197 0.01841181 0 0 0 1 0.9921503 0.08239179 -0.09407091 0.1976478 -0.08489716 0.9961256 -0.02294182 0.02884638 0.09181618 0.03074812 0.9953011 0.02243876 0 0 0 1 0.9917334 0.07730597 -0.1024143 0.197308 -0.08214384 0.9956535 -0.04388874 0.02929913 0.0985763 0.05193859 0.9937731 0.02472567 0 0 0 1 0.9916424 0.07742422 -0.1032046 0.1972932 -0.08701944 0.991953 -0.09196257 0.02802783 0.09525394 0.1001748 0.9903998 0.02626991 0 0 0 1 0.9916887 0.07984584 -0.1008875 0.1974201 -0.09398156 0.9850785 -0.1441807 0.02619028 0.08786988 0.1524639 0.9843951 0.02719634 0 0 0 1 0.9916931 0.08133208 -0.09964907 0.1974927 -0.09817779 0.9791404 -0.1778911 0.02499383 0.08310216 0.1861967 0.9789918 0.02778857 0 0 0 1</float_array>
        <technique_common>
          <accessor source="#node-Bip01_Spine_matrix-output-array" count="31" stride="16">
            <param name="TRANSFORM" type="float4x4"/>
          </accessor>
        </technique_common>
      </source>
      <source id="node-Bip01_Spine_matrix-interpolation">
