<?xml version="1.0" encoding="utf-8"?>
<COLLADA xmlns="http://www.collada.org/2005/11/COLLADASchema" version="1.4.1">
  <asset>
    <contributor>
      <author>MattO</author>
      <authoring_tool>OpenCOLLADA for 3ds Max;  Version: 1.3.0;  Revision: 839M;  Platform: x64;  Configuration: Release_Max2012</authoring_tool>
      <source_data>file:///C:/Dropbox/Prj/GGStout/Turret/TP_Soldier_Turret_Animation_Master.max</source_data>
    </contributor>
    <created>2011-09-30T18:22:22</created>
    <modified>2011-09-30T18:22:22</modified>
    <unit name="meter" meter="1"/>
    <up_axis>Z_UP</up_axis>
  </asset>
  <library_effects>
    <effect id="ShapeBounds">
      <profile_COMMON>
        <technique sid="common">
          <blinn>
            <emission>
              <color>0 0 0 1</color>
            </emission>
            <ambient>
              <color>0.1647059 1 0 1</color>
            </ambient>
            <diffuse>
              <color>0.1647059 1 0 1</color>
            </diffuse>
            <specular>
              <color>0.9 0.9 0.9 1</color>
            </specular>
            <shininess>
              <float>10</float>
            </shininess>
            <reflective>
              <color>0 0 0 1</color>
            </reflective>
            <transparent opaque="A_ONE">
              <color>1 1 1 1</color>
            </transparent>
            <transparency>
              <float>1</float>
            </transparency>
          </blinn>
        </technique>
      </profile_COMMON>
      <extra>
        <technique profile="OpenCOLLADA3dsMax">
          <extended_shader>
            <apply_reflection_dimming>0</apply_reflection_dimming>
            <dim_level>0</dim_level>
            <falloff_type>0</falloff_type>
            <index_of_refraction>1.5</index_of_refraction>
            <opacity_type>0</opacity_type>
            <reflection_level>3</reflection_level>
            <wire_size>1</wire_size>
            <wire_units>0</wire_units>
          </extended_shader>
          <shader>
            <ambient_diffuse_lock>1</ambient_diffuse_lock>
            <ambient_diffuse_texture_lock>1</ambient_diffuse_texture_lock>
            <diffuse_specular_lock>0</diffuse_specular_lock>
            <soften>0.1</soften>
            <use_self_illum_color>0</use_self_illum_color>
          </shader>
        </technique>
      </extra>
    </effect>
  </library_effects>
  <library_materials>
    <material id="ShapeBounds-material" name="ShapeBounds">
      <instance_effect url="#ShapeBounds"/>
    </material>
  </library_materials>
  <library_geometries>
    <geometry id="geom-BOUNDS" name="BOUNDS">
      <mesh>
        <source id="geom-BOUNDS-positions">
          <float_array id="geom-BOUNDS-positions-array" count="24">-0.425 -0.425 0 0.425 -0.425 0 -0.425 0.425 0 0.425 0.425 0 -0.425 -0.425 1.84 0.425 -0.425 1.84 -0.425 0.425 1.84 0.425 0.425 1.84</float_array>
          <technique_common>
            <accessor source="#geom-BOUNDS-positions-array" count="8" stride="3">
              <param name="X" type="float"/>
              <param name="Y" type="float"/>
              <param name="Z" type="float"/>
            </accessor>
          </technique_common>
        </source>
        <source id="geom-BOUNDS-normals">
          <float_array id="geom-BOUNDS-normals-array" count="72">0 0 -1 0 0 -1 0 0 -1 0 0 -1 0 0 1 0 0 1 0 0 1 0 0 1 0 -1 0 0 -1 0 0 -1 0 0 -1 0 1 0 0 1 0 0 1 0 0 1 0 0 0 1 0 0 1 0 0 1 0 0 1 0 -1 0 0 -1 0 0 -1 0 0 -1 0 0</float_array>
          <technique_common>
            <accessor source="#geom-BOUNDS-normals-array" count="24" stride="3">
              <param name="X" type="float"/>
              <param name="Y" type="float"/>
              <param name="Z" type="float"/>
            </accessor>
          </technique_common>
        </source>
        <source id="geom-BOUNDS-map1">
          <float_array id="geom-BOUNDS-map1-array" count="36">0 0 0 1 0 0 0 1 0 1 1 0 0 0 0 1 0 0 0 1 0 1 1 0 0 0 0 1 0 0 0 1 0 1 1 0</float_array>
          <technique_common>
            <accessor source="#geom-BOUNDS-map1-array" count="12" stride="3">
              <param name="S" type="float"/>
              <param name="T" type="float"/>
              <param name="P" type="float"/>
            </accessor>
          </technique_common>
        </source>
        <vertices id="geom-BOUNDS-vertices">
          <input semantic="POSITION" source="#geom-BOUNDS-positions"/>
        </vertices>
        <triangles material="ShapeBounds" count="12">
          <input semantic="VERTEX" source="#geom-BOUNDS-vertices" offset="0"/>
          <input semantic="NORMAL" source="#geom-BOUNDS-normals" offset="1"/>
          <input semantic="TEXCOORD" source="#geom-BOUNDS-map1" offset="2" set="0"/>
          <p>0 0 9 2 1 11 3 2 10 3 2 10 1 3 8 0 0 9 4 4 8 5 5 9 7 6 11 7 6 11 6 7 10 4 4 8 0 8 4 1 9 5 5 10 7 5 10 7 4 11 6 0 8 4 1 12 0 3 13 1 7 14 3 7 14 3 5 15 2 1 12 0 3 16 4 2 17 5 6 18 7 6 18 7 7 19 6 3 16 4 2 20 0 0 21 1 4 22 3 4 22 3 6 23 2 2 20 0</p>
        </triangles>
      </mesh>
      <extra>
        <technique profile="OpenCOLLADA3dsMax">
          <max_box>
            <generateuvs>1</generateuvs>
            <height>1.84</height>
            <heightsegments>1</heightsegments>
            <length>0.85</length>
            <lengthsegments>1</lengthsegments>
            <width>0.85</width>
            <widthsegments>1</widthsegments>
          </max_box>
        </technique>
      </extra>
    </geometry>
  </library_geometries>
  <library_lights>
    <light id="EnvironmentAmbientLight" name="EnvironmentAmbientLight">
      <technique_common>
        <ambient>
          <color>0 0 0</color>
        </ambient>
      </technique_common>
    </light>
  </library_lights>
  <library_visual_scenes>
    <visual_scene id="MaxScene">
      <node name="EnvironmentAmbientLight">
        <instance_light url="#EnvironmentAmbientLight"/>
      </node>
      <node id="node-Bip01" name="Bip01">
        <matrix sid="matrix">0.4236142 -0.9058326 -0.004269948 -8.10623e-5 0.9044826 0.4232317 -0.05278436 0.009366653 0.04962097 0.01849811 0.9985968 0.8592638 0 0 0 1</matrix>
        <node id="node-Bip01_Pelvis" name="Bip01_Pelvis">
          <matrix sid="matrix">-0.009626728 0.9912359 0.1317525 0 -0.1217413 -0.1319404 0.9837533 0 0.9925151 -0.006569393 0.1219445 0 0 0 0 1</matrix>
          <node id="node-Bip01_Spine" name="Bip01_Spine">
            <matrix sid="matrix">0.9916931 0.08133213 -0.09964909 0.1974929 -0.0981778 0.9791404 -0.177891 0.02499387 0.08310217 0.1861968 0.9789917 0.02778859 0 0 0 1</matrix>
            <node id="node-Bip01_Spine1" name="Bip01_Spine1">
              <matrix>0.9768806 -0.1934979 -0.09090087 0.1022493 0.1920003 0.9810757 -0.02502521 -9.91225e-5 0.09402296 0.006993679 0.9955454 -7.15256e-7 0 0 0 1</matrix>
              <node id="node-Bip01_Spine2" name="Bip01_Spine2">
                <matrix>0.9832346 -0.1803839 0.02667585 0.126897 0.1810793 0.9831126 -0.02645703 -1.68394e-4 -0.02145292 0.03084389 0.999294 -5.28991e-6 0 0 0 1</matrix>
                <node id="node-Bip01_Neck" name="Bip01_Neck">
                  <matrix>0.9021773 -0.4308736 0.02058498 0.215107 0.4312887 0.9018875 -0.02426415 -4.96507e-5 -0.008110592 0.03076864 0.9994935 -1.69501e-6 0 0 0 1</matrix>
                  <node id="node-Bip01_Head" name="Bip01_Head">
                    <matrix>0.8249741 0.516233 -0.230046 0.07051826 -0.5614573 0.795171 -0.2290606 -0.01395923 0.06467734 0.3181301 0.9458385 -9.31323e-10 0 0 0 1</matrix>
                    <node id="node-ALTEYE" name="ALTEYE">
                      <matrix>0.4506335 0.3792479 0.8081464 0.06454694 0.04412808 0.8947045 -0.4444741 0.2214611 -0.8916174 0.2359568 0.3864483 0.04716264 0 0 0 1</matrix>
                    </node>
                  </node>
                  <node id="node-Bip01_L_Clavicle" name="Bip01_L_Clavicle">
                    <matrix sid="matrix">-0.5610905 -0.4308203 0.7068037 -0.02496195 0.2386592 -0.9018181 -0.3602302 -0.01206511 0.792603 -0.03343645 0.6088208 0.06855243 0 0 0 1</matrix>
                    <node id="node-Bip01_L_UpperArm" name="Bip01_L_UpperArm">
                      <matrix sid="matrix">-0.440852 0.643216 0.6260375 0.1824006 -0.8875738 -0.4162528 -0.1973498 0 0.1336513 -0.6426563 0.7544074 1.19209e-7 0 0 0 1</matrix>
                      <node id="node-Bip01_L_Forearm" name="Bip01_L_Forearm">
                        <matrix sid="matrix">0.8926089 0.4508318 1.30385e-8 0.284369 -0.4508318 0.8926089 0 0 6.70552e-8 1.49012e-8 1 2.98023e-8 0 0 0 1</matrix>
                        <node id="node-Bip01_L_Hand" name="Bip01_L_Hand">
                          <matrix sid="matrix">0.610723 0.1999211 0.7661913 0.2810681 -0.570821 0.7817655 0.2510105 0 -0.5487996 -0.5906558 0.5915614 -2.98023e-8 0 0 0 1</matrix>
                          <node id="node-Bip01_L_Finger0" name="Bip01_L_Finger0">
                            <matrix>0.5215105 0.269013 0.8097274 0.02119672 0.7250716 0.3605266 -0.5867638 -0.004734159 -0.4497753 0.893114 -0.007035494 -0.02572191 0 0 0 1</matrix>
                            <node id="node-Bip01_L_Finger01" name="Bip01_L_Finger01">
                              <matrix>0.6423534 -0.7636238 -0.06527568 0.04982853 0.7605616 0.6456372 -0.06854746 0 0.09448884 -0.005614519 0.9955101 0 0 0 0 1</matrix>
                              <node id="node-Bip01_L_Finger02" name="Bip01_L_Finger02">
                                <matrix>0.9505157 -0.3106765 0 0.0520224 0.3106764 0.9505157 -2.98023e-8 0 2.98023e-8 0 0.9999998 0 0 0 0 1</matrix>
                              </node>
                            </node>
                          </node>
                          <node id="node-Bip01_L_Finger1" name="Bip01_L_Finger1">
                            <matrix>0.6408504 -0.7640198 0.07472669 0.1199946 0.7674395 0.6352571 -0.08651491 -0.008367538 0.01862844 0.1127913 0.993444 -0.04101384 0 0 0 1</matrix>
                            <node id="node-Bip01_L_Finger11" name="Bip01_L_Finger11">
                              <matrix>0.8240547 -0.5665103 -1.21508e-8 0.03644173 0.5665103 0.8240547 -2.98023e-8 0 1.49012e-8 2.98023e-8 0.9999999 0 0 0 0 1</matrix>
                              <node id="node-Bip01_L_Finger12" name="Bip01_L_Finger12">
                                <matrix>0.8146398 -0.5796778 -0.01831836 0.03117549 0.5799671 0.8142333 0.02573043 1.19209e-7 -5.96046e-8 -0.03158511 0.999501 0 0 0 0 1</matrix>
                              </node>
                            </node>
                          </node>
                          <node id="node-Bip01_L_Finger2" name="Bip01_L_Finger2">
                            <matrix>0.6754013 -0.7374503 1.52096e-4 0.1229537 0.7368312 0.6748428 0.04082689 -0.008801937 -0.03021038 -0.02746239 0.9991663 -0.01328242 0 0 0 1</matrix>
                            <node id="node-Bip01_L_Finger21" name="Bip01_L_Finger21">
                              <matrix>0.5508359 -0.8338858 0.03484869 0.03895515 0.8322219 0.5519372 0.05265057 -1.19209e-7 -0.06313889 2.98023e-8 0.9980047 0 0 0 0 1</matrix>
                              <node id="node-Bip01_L_Finger22" name="Bip01_L_Finger22">
                                <matrix>0.1984735 -0.9799246 -0.01886612 0.03800523 0.9755272 0.1993682 -0.09272981 0 0.09462959 0 0.9955125 0 0 0 0 1</matrix>
                              </node>
                            </node>
                          </node>
                          <node id="node-Bip01_L_Finger3" name="Bip01_L_Finger3">
                            <matrix>0.7159052 -0.6949216 -0.06755456 0.1211882 0.6883786 0.6863562 0.234627 -0.001191258 -0.1166809 -0.2144738 0.9697353 0.01196873 0 0 0 1</matrix>
                            <node id="node-Bip01_L_Finger31" name="Bip01_L_Finger31">
                              <matrix>0.4441953 -0.8949344 -0.04222353 0.03155848 0.8909184 0.4461977 -0.08468726 0 0.09462953 -2.98023e-8 0.9955126 -5.96046e-8 0 0 0 1</matrix>
                              <node id="node-Bip01_L_Finger32" name="Bip01_L_Finger32">
                                <matrix>0.1993682 -0.9794357 0.03095101 0.03366578 0.9799247 0.1992687 -0.006297089 0 2.98023e-8 0.03158507 0.9995009 0 0 0 0 1</matrix>
                              </node>
                            </node>
                          </node>
                          <node id="node-Bip01_L_Finger4" name="Bip01_L_Finger4">
                            <matrix>0.592579 -0.7897948 0.1583476 0.1136798 0.7783521 0.6120423 0.1399001 0.005147398 -0.2074078 0.04034832 0.9774221 0.0388658 0 0 0 1</matrix>
                            <node id="node-Bip01_L_Finger41" name="Bip01_L_Finger41">
                              <matrix>0.4202557 -0.9064696 -0.04120625 0.03661623 0.906853 0.4211512 -0.01578775 0 0.03166524 -0.03073303 0.9990261 0 0 0 0 1</matrix>
                              <node id="node-Bip01_L_Finger42" name="Bip01_L_Finger42">
                                <matrix>0.4024471 -0.9138246 0.05441484 0.0177263 0.915423 0.4021218 -0.01728318 0 -0.006087542 0.05676816 0.9983687 0 0 0 0 1</matrix>
                              </node>
                            </node>
                          </node>
                        </node>
                      </node>
                    </node>
                  </node>
                  <node id="node-Bip01_R_Clavicle" name="Bip01_R_Clavicle">
                    <matrix>-0.07751405 -0.3624382 -0.9287789 -0.02385306 0.5681535 -0.7815726 0.2575767 -0.01627076 -0.8192638 -0.5077232 0.2665034 -0.06807298 0 0 0 1</matrix>
                    <node id="node-Bip01_R_UpperArm" name="Bip01_R_UpperArm">
                      <matrix>0.7005728 -0.04837948 -0.7119392 0.1824006 -0.646073 0.3805887 -0.6616207 0 0.3029649 0.9234779 0.2353735 0 0 0 0 1</matrix>
                      <node id="node-Bip01_R_Forearm" name="Bip01_R_Forearm">
                        <matrix>-0.1981755 0.9801664 1.11759e-8 0.2843689 -0.9801667 -0.1981754 2.23517e-8 -1.19209e-7 8.56817e-8 -3.1665e-8 1 0 0 0 0 1</matrix>
                        <node id="node-Bip01_R_Hand" name="Bip01_R_Hand">
                          <matrix>0.8251113 -0.2495067 -0.5068904 0.281068 -0.5635476 -0.299842 -0.7697461 5.96046e-8 0.04006981 0.920783 -0.3880119 2.98023e-8 0 0 0 1</matrix>
                          <node id="node-Bip01_R_Finger0" name="Bip01_R_Finger0">
                            <matrix>0.5215105 0.269013 -0.8097275 0.02119672 0.7250717 0.3605265 0.5867639 -0.004734218 0.4497752 -0.8931141 -0.007035432 0.02572191 0 0 0 1</matrix>
                            <node id="node-Bip01_R_Finger01" name="Bip01_R_Finger01">
                              <matrix>0.6423536 -0.7636235 0.06527564 0.04982853 0.7605613 0.6456372 0.06854746 0 -0.0944888 0.005614504 0.9955101 0 0 0 0 1</matrix>
                              <node id="node-Bip01_R_Finger02" name="Bip01_R_Finger02">
                                <matrix>0.9505158 -0.3106764 -5.96046e-8 0.05202234 0.3106765 0.9505157 1.49012e-8 0 0 -2.98023e-8 1 1.19209e-7 0 0 0 1</matrix>
                              </node>
                            </node>
                          </node>
                          <node id="node-Bip01_R_Finger1" name="Bip01_R_Finger1">
                            <matrix>0.9820226 -0.1733428 -0.07472671 0.1199946 0.1795577 0.9799359 0.08651491 -0.008367538 0.05823065 -0.09837732 0.9934441 0.0410139 0 0 0 1</matrix>
                            <node id="node-Bip01_R_Finger11" name="Bip01_R_Finger11">
                              <matrix>0.8240547 -0.5665101 1.49012e-8 0.0364418 0.5665102 0.8240547 -1.30385e-8 0 1.11759e-8 2.23517e-8 0.9999999 -2.98023e-8 0 0 0 1</matrix>
                              <node id="node-Bip01_R_Finger12" name="Bip01_R_Finger12">
                                <matrix>0.8146397 -0.5796779 0.0183183 0.03117555 0.5799672 0.8142333 -0.02573051 1.19209e-7 -2.70084e-8 0.03158513 0.9995011 2.98023e-8 0 0 0 1</matrix>
                              </node>
                            </node>
                          </node>
                          <node id="node-Bip01_R_Finger2" name="Bip01_R_Finger2">
                            <matrix>0.6754014 -0.7374504 -1.52119e-4 0.1229539 0.7368312 0.6748428 -0.04082684 -0.008801997 0.03021044 0.02746242 0.9991662 0.01328245 0 0 0 1</matrix>
                            <node id="node-Bip01_R_Finger21" name="Bip01_R_Finger21">
                              <matrix>0.5508358 -0.8338858 -0.03484872 0.03895509 0.8322221 0.551937 -0.05265063 0 0.06313889 -3.72529e-9 0.9980048 0 0 0 0 1</matrix>
                              <node id="node-Bip01_R_Finger22" name="Bip01_R_Finger22">
                                <matrix>0.1984734 -0.9799247 0.01886612 0.03800541 0.9755273 0.199368 0.09272986 -1.19209e-7 -0.09462959 1.21072e-8 0.9955125 0 0 0 0 1</matrix>
                              </node>
                            </node>
                          </node>
                          <node id="node-Bip01_R_Finger3" name="Bip01_R_Finger3">
                            <matrix>0.7159054 -0.6949216 0.06755455 0.1211882 0.6883786 0.6863562 -0.234627 -0.001191258 0.1166809 0.2144739 0.9697353 -0.01196858 0 0 0 1</matrix>
                            <node id="node-Bip01_R_Finger31" name="Bip01_R_Finger31">
                              <matrix>0.4441954 -0.8949343 0.04222351 0.03155839 0.8909185 0.4461977 0.08468728 0 -0.09462959 7.45058e-9 0.9955126 -1.49012e-8 0 0 0 1</matrix>
                              <node id="node-Bip01_R_Finger32" name="Bip01_R_Finger32">
                                <matrix>0.199368 -0.9794359 -0.03095105 0.03366596 0.9799248 0.1992686 0.006297074 -1.19209e-7 -1.86265e-8 -0.03158512 0.9995012 2.98023e-8 0 0 0 1</matrix>
                              </node>
                            </node>
                          </node>
                          <node id="node-Bip01_R_Finger4" name="Bip01_R_Finger4">
                            <matrix>0.5925791 -0.789795 -0.1583476 0.1136795 0.7783522 0.6120423 -0.1399001 0.005147457 0.2074078 -0.0403483 0.9774221 -0.03886575 0 0 0 1</matrix>
                            <node id="node-Bip01_R_Finger41" name="Bip01_R_Finger41">
                              <matrix>0.4202556 -0.9064696 0.04120622 0.03661621 0.906853 0.4211511 0.01578782 0 -0.03166521 0.03073303 0.999026 5.96046e-8 0 0 0 1</matrix>
                              <node id="node-Bip01_R_Finger42" name="Bip01_R_Finger42">
                                <matrix>0.402447 -0.9138244 -0.05441485 0.0177263 0.915423 0.4021219 0.01728318 -2.38419e-7 0.006087586 -0.05676816 0.9983688 -5.96046e-8 0 0 0 1</matrix>
                              </node>
                            </node>
                          </node>
                          <node id="node-MOUNT0" name="MOUNT0">
                            <matrix>-6.33299e-7 1 -1.22003e-7 0.1095392 -0.9999999 -6.4075e-7 4.57279e-7 0.02518263 4.77477e-7 1.19675e-7 0.9999998 0.01321676 0 0 0 1</matrix>
                          </node>
                        </node>
                      </node>
                    </node>
                  </node>
                </node>
                <node id="node-Bip01_L_Pauldron_Upper" name="Bip01_L_Pauldron_Upper">
                  <matrix sid="matrix">0.7130526 -0.2587402 0.6516212 0.1769029 -0.5519397 -0.7802832 0.294145 -0.03908369 0.4323418 -0.5693967 -0.6991917 0.2290197 0 0 0 1</matrix>
                </node>
                <node id="node-Bip01_R_Pauldron_Lower" name="Bip01_R_Pauldron_Lower">
                  <matrix>-0.2772097 -0.9060031 -0.3198658 0.172906 0.8560928 -0.3840435 0.3458561 -0.1133294 -0.4361889 -0.1779601 0.8820829 -0.2351094 0 0 0 1</matrix>
                </node>
                <node id="node-Bip01_L_Pauldron_Lower" name="Bip01_L_Pauldron_Lower">
                  <matrix>-0.3015726 -0.9289846 0.214574 0.1529204 0.6634324 -0.3660938 -0.6525587 -0.1054225 0.6847709 -0.05443846 0.7267221 0.2344799 0 0 0 1</matrix>
                </node>
              </node>
            </node>
            <node id="node-Bip01_L_Thigh" name="Bip01_L_Thigh">
              <matrix sid="matrix">-0.9571354 -0.2587769 -0.1301005 -0.1851134 -0.2849491 0.7607765 0.5831149 -0.02197146 -0.05191931 0.5951921 -0.8019044 0.1217295 0 0 0 1</matrix>
              <node id="node-Bip01_L_Calf" name="Bip01_L_Calf">
                <matrix sid="matrix">0.7430897 0.669192 0 0.4629988 -0.669192 0.7430896 -8.3819e-9 3.72529e-9 -1.86265e-8 7.45058e-9 1 0 0 0 0 1</matrix>
                <node id="node-Bip01_L_Foot" name="Bip01_L_Foot">
                  <matrix sid="matrix">0.7377799 -0.6541868 -0.1664943 0.3610501 0.6737866 0.7286894 0.1225696 2.98023e-8 0.04113926 -0.2026111 0.9783947 1.49012e-8 0 0 0 1</matrix>
                  <node id="node-Bip01_L_Toe0" name="Bip01_L_Toe0">
                    <matrix sid="matrix">-3.50177e-7 -1 2.30968e-7 0.1486307 1 -3.50177e-7 -1.69594e-6 0.1543275 1.6219e-6 2.27243e-7 1 0 0 0 0 1</matrix>
                  </node>
                </node>
              </node>
            </node>
            <node id="node-Bip01_R_Thigh" name="Bip01_R_Thigh">
              <matrix sid="matrix">-0.6171345 0.7676109 0.1729692 -0.2063019 0.7806261 0.5696613 0.2571163 -0.06944691 0.09883139 0.2936997 -0.9507748 -0.1278868 0 0 0 1</matrix>
              <node id="node-Bip01_R_Calf" name="Bip01_R_Calf">
                <matrix sid="matrix">-0.0517073 0.9986624 0 0.4629988 -0.9986622 -0.05170727 0 0 -2.98023e-8 -1.49012e-8 0.9999999 0 0 0 0 1</matrix>
                <node id="node-Bip01_R_Foot" name="Bip01_R_Foot">
                  <matrix sid="matrix">0.9682119 0.2066289 -0.1409624 0.3610501 -0.2007062 0.9780967 0.05517003 -1.49012e-8 0.1492746 -0.0251243 0.9884766 0 0 0 0 1</matrix>
                  <node id="node-Bip01_R_Toe0" name="Bip01_R_Toe0">
                    <matrix sid="matrix">-0.3051538 -0.9472733 0.09774531 0.1486306 0.9517193 -0.3069488 -0.003513962 0.1543275 0.0333315 0.09195383 0.9952052 0 0 0 0 1</matrix>
                  </node>
                </node>
              </node>
            </node>
          </node>
          <node id="node-Bip01_FannyPack" name="Bip01_FannyPack">
            <matrix sid="matrix">-0.9629917 -0.2062316 0.1735378 0.2299506 -0.2083319 0.9780382 0.006226586 -0.1378937 -0.1710107 -0.0301565 -0.9848074 0.01013957 0 0 0 1</matrix>
          </node>
        </node>
        <node id="node-EYE" name="EYE">
          <matrix sid="matrix">0.4236141 0.9044821 0.04962074 0.1223915 -0.9058326 0.4232315 0.01849819 0.04968282 -0.004269958 -0.05278463 0.9985964 0.7050079 0 0 0 1</matrix>
          <node id="node-CAM" name="CAM">
            <matrix>1 -6.03104e-8 -1.42109e-14 4.86616e-8 6.03104e-8 1 -2.32832e-9 -0.104 1.77636e-15 2.32831e-9 1 0.30056 0 0 0 1</matrix>
          </node>
        </node>
      </node>
      <node id="node-BOUNDS" name="BOUNDS">
        <matrix>0.9999916 0.001706907 0.00375048 0 -0.001711356 0.9999979 0.001183292 0.1035326 -0.003748453 -0.0011897 0.9999924 -8.93474e-5 0 0 0 1</matrix>
        <instance_geometry url="#geom-BOUNDS">
          <bind_material>
            <technique_common>
              <instance_material symbol="ShapeBounds" target="#ShapeBounds-material"/>
            </technique_common>
          </bind_material>
        </instance_geometry>
      </node>
    </visual_scene>
  </library_visual_scenes>
  <library_animations>
    <animation>
      <source id="node-Bip01_matrix-input">
        <float_array id="node-Bip01_matrix-input-array" count="21">16.66667 16.7 16.73333 16.76667 16.8 16.83333 16.86667 16.9 16.93333 16.96667 17 17.03333 17.06667 17.1 17.13333 17.16667 17.2 17.23333 17.26667 17.3 17.33333</float_array>
        <technique_common>
          <accessor source="#node-Bip01_matrix-input-array" count="21" stride="1">
            <param name="TIME" type="float"/>
          </accessor>
        </technique_common>
      </source>
      <source id="node-Bip01_matrix-output">
        <float_array id="node-Bip01_matrix-output-array" count="336">0.4236142 -0.9058327 -0.004269897 -8.10623e-5 0.9044826 0.4232317 -0.05278432 0.009366631 0.04962092 0.01849806 0.9985968 0.8592638 0 0 0 1 0.4236142 -0.9058327 -0.004269897 -6.55012e-5 0.9038875 0.4230046 -0.06367397 0.009366631 0.05948418 0.0231136 0.9979616 0.8491089 0 0 0 1 0.4236141 -0.9058328 -0.004269897 -4.18179e-5 0.903959 0.4230324 -0.06246435 0.009366631 0.05838859 0.02260094 0.9980381 0.8360091 0 0 0 1 0.4236143 -0.9058327 -0.004269897 -1.74911e-5 0.9042962 0.4231617 -0.05641496 0.009366631 0.05290937 0.02003687 0.9983983 0.8250426 0 0 0 1 0.4236142 -0.9058327 -0.004269897 0 0.9044826 0.4232317 -0.05278432 0.009366631 0.04962092 0.01849806 0.9985968 0.8212879 0 0 0 1 0.4236142 -0.9058327 -0.004269897 5.14681e-6 0.9044826 0.4232317 -0.05278432 0.009366631 0.04962092 0.01849806 0.9985968 0.8336181 0 0 0 1 0.4236142 -0.9058327 -0.004269897 2.57339e-6 0.9044826 0.4232317 -0.05278432 0.009366631 0.04962092 0.01849806 0.9985968 0.8557599 0 0 0 1 0.4236142 -0.9058327 -0.004269897 0 0.9044826 0.4232317 -0.05278432 0.009366631 0.04962092 0.01849806 0.9985968 0.8700709 0 0 0 1 0.4236142 -0.9058327 -0.004269897 0 0.9044826 0.4232317 -0.05278432 0.009366631 0.04962092 0.01849806 0.9985968 0.867996 0 0 0 1 0.4236142 -0.9058327 -0.004269897 0 0.9044826 0.4232317 -0.05278432 0.009366631 0.04962092 0.01849806 0.9985968 0.8580906 0 0 0 1 0.4236142 -0.9058327 -0.004269897 0 0.9044826 0.4232317 -0.05278432 0.009366631 0.04962092 0.01849806 0.9985968 0.8483803 0 0 0 1 0.4236143 -0.9058327 -0.004269897 -2.2875e-7 0.9044826 0.4232317 -0.05278432 0.009366631 0.04962092 0.01849806 0.9985968 0.8394499 0 0 0 1 0.4236143 -0.9058327 -0.004269897 -4.57495e-7 0.9044826 0.4232317 -0.05278432 0.009366631 0.04962092 0.01849806 0.9985968 0.8307145 0 0 0 1 0.4236142 -0.9058327 -0.004269897 0 0.9044826 0.4232317 -0.05278432 0.009366631 0.04962092 0.01849806 0.9985968 0.828444 0 0 0 1 0.4236143 -0.9058327 -0.004269897 2.83075e-6 0.9044826 0.4232317 -0.05278432 0.009366631 0.04962092 0.01849806 0.9985968 0.842747 0 0 0 1 0.4236142 -0.9058327 -0.004269897 5.14681e-6 0.9044826 0.4232317 -0.05278432 0.009366631 0.04962092 0.01849806 0.9985968 0.8636413 0 0 0 1 0.4236142 -0.9058327 -0.004269897 0 0.9044826 0.4232317 -0.05278432 0.009366631 0.04962092 0.01849806 0.9985968 0.877148 0 0 0 1 0.4236141 -0.9058328 -0.004269897 -2.06757e-5 0.9042963 0.4231615 -0.05641496 0.009366631 0.05290943 0.02003687 0.9983983 0.8741844 0 0 0 1 0.4236141 -0.9058328 -0.004269897 -4.46486e-5 0.903959 0.4230324 -0.06246435 0.009366631 0.05838859 0.02260094 0.9980381 0.8686516 0 0 0 1 0.4236143 -0.9058326 -0.004269897 -6.65628e-5 0.9038875 0.4230048 -0.06367397 0.009366631 0.05948418 0.0231136 0.9979616 0.8628502 0 0 0 1 0.4236142 -0.9058327 -0.004269897 -8.10623e-5 0.9044826 0.4232317 -0.05278432 0.009366631 0.04962092 0.01849806 0.9985968 0.8590803 0 0 0 1</float_array>
        <technique_common>
          <accessor source="#node-Bip01_matrix-output-array" count="21" stride="16">
            <param name="TRANSFORM" type="float4x4"/>
          </accessor>
        </technique_common>
      </source>
      <source id="node-Bip01_matrix-interpolation">
        <Name_array id="node-Bip01_matrix-interpolation-array" count="21">LINEAR LINEAR LINEAR LINEAR LINEAR LINEAR LINEAR LINEAR LINEAR LINEAR LINEAR LINEAR LINEAR LINEAR LINEAR LINEAR LINEAR LINEAR LINEAR LINEAR LINEAR</Name_array>
        <technique_common>
          <accessor source="#node-Bip01_matrix-interpolation-array" count="21" stride="1">
            <param name="INTERPOLATION" type="name"/>
          </accessor>
        </technique_common>
      </source>
      <source id="node-Bip01_Pelvis_matrix-input">
        <float_array id="node-Bip01_Pelvis_matrix-input-array" count="21">16.66667 16.7 16.73333 16.76667 16.8 16.83333 16.86667 16.9 16.93333 16.96667 17 17.03333 17.06667 17.1 17.13333 17.16667 17.2 17.23333 17.26667 17.3 17.33333</float_array>
        <technique_common>
          <accessor source="#node-Bip01_Pelvis_matrix-input-array" count="21" stride="1">
            <param name="TIME" type="float"/>
          </accessor>
        </technique_common>
      </source>
      <source id="node-Bip01_Pelvis_matrix-output">
        <float_array id="node-Bip01_Pelvis_matrix-output-array" count="336">-0.009626686 0.9912359 0.1317524 0 -0.1217413 -0.1319404 0.9837533 0 0.9925152 -0.006569385 0.1219445 0 0 0 0 1 -0.01201665 0.9965292 0.08237189 0 -0.124187 -0.08322733 0.9887623 0 0.9921861 0.001652061 0.1247561 0 0 0 0 1 -0.01410371 0.9998396 0.01104813 0 -0.126014 -0.0127384 0.9919467 0 0.9919283 0.01259791 0.1261734 0 0 0 0 1 -0.008875608 0.9996627 -0.02440357 0 -0.1161356 0.02320879 0.9929621 0 0.9931936 0.01164728 0.1158905 0 0 0 0 1 0.0230081 0.9983715 0.05220222 0 -0.07360363 -0.05038267 0.9960141 0 0.9970221 -0.02675867 0.07232451 0 0 0 0 1 0.05400121 0.9890418 0.1374058 0 -0.02888631 -0.1360017 0.9902874 0 0.998123 -0.05744588 0.02122551 0 0 0 0 1 0.05499166 0.9863837 0.1549944 0 0.001637101 -0.1553182 0.9878633 0 0.9984856 -0.05407047 -0.01015603 0 0 0 0 1 0.04977869 0.9851273 0.1644573 0 0.03396254 -0.1662358 0.9855009 0 0.9981827 -0.04347157 -0.04173243 0 0 0 0 1 0.04040372 0.9855288 0.1646226 0 0.06226134 -0.1669203 0.9840026 0 0.9972417 -0.02950775 -0.06810456 0 0 0 0 1 0.02889841 0.9876432 0.1540321 0 0.08057421 -0.1558967 0.9844816 0 0.9963296 -0.01603895 -0.08408379 0 0 0 0 1 0.0176382 0.991236 0.1309209 0 0.08289802 -0.1319403 0.9877853 0 0.996402 -0.006569683 -0.08449864 0 0 0 0 1 0.003105223 0.9980774 0.06190091 0 0.03354191 -0.06197041 0.9975141 0 0.9994324 -0.001021206 -0.03366988 0 0 0 0 1 -0.006530046 0.9991313 -0.04115605 0 -0.05065953 0.04077357 0.9978833 0 0.9986946 0.008601188 0.05034929 0 0 0 0 1 -0.005906403 0.9940371 -0.1088818 0 -0.09394538 0.1078506 0.9897184 0 0.9955599 0.01607465 0.09274822 0 0 0 0 1 -2.5332e-6 0.994091 -0.1085492 0 -0.04213351 0.1084526 0.9932083 0 0.999112 0.004576027 0.0418843 0 0 0 0 1 0.01072072 0.9972352 -0.07353067 0 0.05079954 0.07289677 0.9960449 0 0.9986514 -0.01441365 -0.04987758 0 0 0 0 1 0.01961016 0.9992694 -0.03280454 0 0.09777808 0.0307368 0.9947335 0 0.9950151 -0.02271443 -0.09710389 0 0 0 0 1 0.01921153 0.9997723 0.00928688 0 0.06537944 -0.01052492 0.9978049 0 0.9976755 -0.01856219 -0.06556671 0 0 0 0 1 0.01172941 0.9982138 0.05857914 0 -0.002564966 -0.05855286 0.998281 0 0.9999279 -0.01185953 0.001873552 0 0 0 0 1 -1.68774e-4 0.9946817 0.1029967 0 -0.075082 -0.1027187 0.9918729 0 0.9971774 -0.007565796 0.07470005 0 0 0 0 1 -0.009626686 0.9912359 0.1317524 0 -0.1217414 -0.1319404 0.9837534 0 0.9925152 -0.006569385 0.1219446 0 0 0 0 1</float_array>
        <technique_common>
          <accessor source="#node-Bip01_Pelvis_matrix-output-array" count="21" stride="16">
            <param name="TRANSFORM" type="float4x4"/>
          </accessor>
        </technique_common>
      </source>
      <source id="node-Bip01_Pelvis_matrix-interpolation">
        <Name_array id="node-Bip01_Pelvis_matrix-interpolation-array" count="21">LINEAR LINEAR LINEAR LINEAR LINEAR LINEAR LINEAR LINEAR LINEAR LINEAR LINEAR LINEAR LINEAR LINEAR LINEAR LINEAR LINEAR LINEAR LINEAR LINEAR LINEAR</Name_array>
        <technique_common>
          <accessor source="#node-Bip01_Pelvis_matrix-interpolation-array" count="21" stride="1">
            <param name="INTERPOLATION" type="name"/>
          </accessor>
        </technique_common>
      </source>
      <source id="node-Bip01_Spine_matrix-input">
        <float_array id="node-Bip01_Spine_matrix-input-array" count="21">16.66667 16.7 16.73333 16.76667 16.8 16.83333 16.86667 16.9 16.93333 16.96667 17 17.03333 17.06667 17.1 17.13333 17.16667 17.2 17.23333 17.26667 17.3 17.33333</float_array>
        <technique_common>
          <accessor source="#node-Bip01_Spine_matrix-input-array" count="21" stride="1">
            <param name="TIME" type="float"/>
          </accessor>
        </technique_common>
      </source>
      <source id="node-Bip01_Spine_matrix-output">
        <float_array id="node-Bip01_Spine_matrix-output-array" count="336">0.9916931 0.08133208 -0.09964907 0.1974928 -0.09817779 0.9791404 -0.177891 0.02499383 0.08310216 0.1861968 0.9789918 0.02778857 0 0 0 1 0.9916585 0.07881605 -0.1019878 0.1973637 -0.09177243 0.9873485 -0.1293095 0.02677214 0.09050583 0.1375905 0.9863455 0.02703839 0 0 0 1 0.9916498 0.0766353 -0.1037212 0.1972568 -0.08303272 0.9948089 -0.05882972 0.02904057 0.09867435 0.06695067 0.9928651 0.02542823 0 0 0 1 0.9921504 0.08239185 -0.09407091 0.1976478 -0.08489722 0.9961257 -0.02294182 0.02884638 0.09181618 0.03074812 0.9953011 0.02243876 0 0 0 1 0.9917949 0.1163404 -0.05299079 0.1992564 -0.121074 0.9878724 -0.09720844 0.02116042 0.04103881 0.1028266 0.9938524 0.01579141 0 0 0 1 0.9887537 0.1492351 -0.009746015 0.200298 -0.1484863 0.9718448 -0.1829468 0.01479905 -0.01783043 0.1823365 0.9830745 0.007871389 0 0 0 1 0.988225 0.1516005 0.02069932 0.2003964 -0.1443699 0.9686777 -0.2020415 0.01540112 -0.05068063 0.1966742 0.9791582 0.002085685 0 0 0 1 0.9875826 0.1478129 0.05321764 0.2001976 -0.1334189 0.9679756 -0.2126571 0.01747953 -0.08294683 0.2029163 0.9756767 -0.00395441 0 0 0 1 0.9868091 0.1396475 0.08189386 0.1997614 -0.1195449 0.9696989 -0.213057 0.02027231 -0.1091653 0.2004566 0.9736018 -0.009204387 0 0 0 1 0.9865284 0.1289265 0.1006967 0.1992743 -0.1066324 0.9735935 -0.2018544 0.02301192 -0.124062 0.1883976 0.9742252 -0.01266908 0 0 0 1 0.9876198 0.1178398 0.1035413 0.1989899 -0.09817808 0.9791403 -0.177891 0.02499377 -0.1223441 0.1655232 0.9785877 -0.01336503 0 0 0 1 0.9933139 0.1015078 0.05498975 0.1992083 -0.09513425 0.9895656 -0.1082101 0.02628058 -0.06540012 0.1022552 0.992606 -0.005069434 0 0 0 1 0.9956951 0.088144 -0.02867037 0.1988059 -0.08833438 0.9960761 -0.005441427 0.0282253 0.02807819 0.007950603 0.9995741 0.008935868 0 0 0 1 0.9936426 0.08655184 -0.07199627 0.1981979 -0.08215492 0.9946928 0.06194567 0.02957892 0.0769757 -0.055637 0.9954795 0.01558631 0 0 0 1 0.9952625 0.09505069 -0.02044928 0.1990622 -0.09361743 0.9936576 0.06229555 0.02728939 0.02624082 -0.06008607 0.9978483 0.005461037 0 0 0 1 0.991357 0.1097649 0.07185453 0.1992546 -0.1118894 0.9933746 0.02622938 0.02358943 -0.06849938 -0.03404241 0.9970703 -0.01189225 0 0 0 1 0.9856634 0.1203219 0.1182804 0.1987658 -0.119247 0.9927333 -0.01614934 0.0219897 -0.119364 0.001813232 0.9928489 -0.02022093 0 0 0 1 0.9891923 0.1187555 0.08600026 0.1992853 -0.1140897 0.9918172 -0.05729049 0.02283048 -0.09210014 0.04685962 0.9946466 -0.0128206 0 0 0 1 0.9939193 0.1085393 0.01854079 0.1995359 -0.1060209 0.9888005 -0.1050382 0.02412474 -0.02973389 0.1024337 0.9942953 0.001924037 0 0 0 1 0.9942107 0.09324526 -0.05338871 0.1986723 -0.1002603 0.9837582 -0.1488891 0.02488666 0.03863841 0.15338 0.9874116 0.01761257 0 0 0 1 0.9916931 0.08133208 -0.09964913 0.1974928 -0.09817779 0.9791404 -0.177891 0.02499383 0.08310222 0.1861968 0.9789918 0.02778857 0 0 0 1</float_array>
        <technique_common>
          <accessor source="#node-Bip01_Spine_matrix-output-array" count="21" stride="16">
            <param name="TRANSFORM" type="float4x4"/>
          </accessor>
        </technique_common>
      </source>
      <source id="node-Bip01_Spine_matrix-interpolation">
        <Name_array id="node-Bip01_Spine_matrix-interpolation-array" count="21">LINEAR LINEAR LINEAR LINEAR LINEAR LINEAR LINEAR LINEAR LINEAR LINEAR LINEAR LINEAR LINEAR LINEAR LINEAR LINEAR LINEAR LINEAR LINEAR LINEAR LINEAR</Name_array>
        <technique_common>
          <accessor source="#node-Bip01_Spine_matrix-interpolation-array" count="21" stride="1">
            <param name="INTERPOLATION" type="name"/>
          </accessor>
        </technique_common>
      </source>
      <source id="node-Bip01_L_Clavicle_matrix-input">
        <float_array id="node-Bip01_L_Clavicle_matrix-input-array" count="21">16.66667 16.7 16.73333 16.76667 16.8 16.83333 16.86667 16.9 16.93333 16.96667 17 17.03333 17.06667 17.1 17.13333 17.16667 17.2 17.23333 17.26667 17.3 17.33333</float_array>
        <technique_common>
          <accessor source="#node-Bip01_L_Clavicle_matrix-input-array" count="21" stride="1">
            <param name="TIME" type="float"/>
          </accessor>
        </technique_common>
      </source>
      <source id="node-Bip01_L_Clavicle_matrix-output">
        <float_array id="node-Bip01_L_Clavicle_matrix-output-array" count="336">-0.5610905 -0.4308202 0.7068037 -0.02496194 0.2386592 -0.9018181 -0.3602302 -0.01206511 0.792603 -0.03343641 0.6088208 0.06855243 0 0 0 1 -0.5611579 -0.4308201 0.7067503 -0.02496182 0.2386939 -0.9018182 -0.3602073 -0.01206529 0.7925449 -0.03343611 0.6088965 0.06855243 0 0 0 1 -0.5612221 -0.4308202 0.7066991 -0.02496182 0.2387269 -0.9018182 -0.3601852 -0.01206517 0.7924892 -0.03343588 0.6089687 0.06855243 0 0 0 1 -0.5612836 -0.4308202 0.7066504 -0.02496194 0.2387586 -0.9018182 -0.3601644 -0.01206523 0.7924363 -0.03343546 0.6090378 0.06855243 0 0 0 1 -0.5613421 -0.4308203 0.706604 -0.02496182 0.2387886 -0.9018182 -0.3601443 -0.01206511 0.7923858 -0.0334351 0.6091035 0.06855243 0 0 0 1 -0.5613976 -0.4308204 0.7065598 -0.02496182 0.2388173 -0.9018182 -0.3601253 -0.01206511 0.7923378 -0.03343474 0.6091659 0.06855243 0 0 0 1 -0.56145 -0.4308203 0.706518 -0.02496206 0.2388443 -0.9018182 -0.3601074 -0.01206511 0.7922923 -0.03343439 0.6092249 0.06855243 0 0 0 1 -0.5614998 -0.4308204 0.7064785 -0.02496194 0.23887 -0.9018182 -0.3600903 -0.01206517 0.7922495 -0.03343403 0.6092808 0.06855243 0 0 0 1 -0.5615467 -0.4308203 0.7064413 -0.02496194 0.2388942 -0.9018182 -0.3600742 -0.01206517 0.7922089 -0.03343367 0.6093335 0.06855243 0 0 0 1 -0.5615906 -0.4308204 0.7064062 -0.02496182 0.2389169 -0.9018182 -0.3600592 -0.01206505 0.792171 -0.03343331 0.6093829 0.06855243 0 0 0 1 -0.5616317 -0.4308204 0.7063736 -0.02496194 0.2389382 -0.9018182 -0.360045 -0.01206505 0.7921354 -0.03343302 0.6094292 0.06855243 0 0 0 1 -0.56167 -0.4308204 0.7063431 -0.02496194 0.238958 -0.9018182 -0.3600317 -0.01206511 0.7921021 -0.03343272 0.6094722 0.06855243 0 0 0 1 -0.5617055 -0.4308204 0.7063149 -0.02496206 0.2389765 -0.9018182 -0.3600196 -0.01206511 0.7920714 -0.03343236 0.6095123 0.06855243 0 0 0 1 -0.5617384 -0.4308204 0.7062888 -0.02496194 0.2389935 -0.9018182 -0.3600083 -0.01206511 0.7920431 -0.03343194 0.6095492 0.06855243 0 0 0 1 -0.5617683 -0.4308204 0.7062649 -0.02496194 0.2390091 -0.9018182 -0.3599978 -0.01206511 0.7920171 -0.03343164 0.609583 0.06855243 0 0 0 1 -0.5617956 -0.4308204 0.7062433 -0.02496194 0.2390233 -0.9018182 -0.3599884 -0.01206511 0.7919934 -0.03343123 0.6096136 0.06855243 0 0 0 1 -0.5618202 -0.4308204 0.7062238 -0.02496194 0.2390361 -0.9018182 -0.3599799 -0.01206517 0.7919722 -0.03343087 0.6096415 0.06855243 0 0 0 1 -0.5618422 -0.4308204 0.7062063 -0.02496182 0.2390477 -0.9018183 -0.3599722 -0.01206517 0.7919532 -0.03343051 0.609666 0.06855243 0 0 0 1 -0.5618612 -0.4308204 0.7061909 -0.02496194 0.2390577 -0.9018182 -0.3599655 -0.01206517 0.7919364 -0.03343015 0.6096876 0.06855243 0 0 0 1 -0.5618777 -0.4308205 0.7061779 -0.02496182 0.2390666 -0.9018183 -0.3599597 -0.01206529 0.7919223 -0.03342992 0.6097065 0.06855243 0 0 0 1 -0.5618917 -0.4308205 0.7061668 -0.02496182 0.2390739 -0.9018182 -0.3599548 -0.01206511 0.7919101 -0.0334295 0.6097221 0.06855243 0 0 0 1</float_array>
        <technique_common>
          <accessor source="#node-Bip01_L_Clavicle_matrix-output-array" count="21" stride="16">
            <param name="TRANSFORM" type="float4x4"/>
          </accessor>
        </technique_common>
      </source>
      <source id="node-Bip01_L_Clavicle_matrix-interpolation">
        <Name_array id="node-Bip01_L_Clavicle_matrix-interpolation-array" count="21">LINEAR LINEAR LINEAR LINEAR LINEAR LINEAR LINEAR LINEAR LINEAR LINEAR LINEAR LINEAR LINEAR LINEAR LINEAR LINEAR LINEAR LINEAR LINEAR LINEAR LINEAR</Name_array>
