<?xml version="1.0" encoding="utf-8"?>
<COLLADA xmlns="http://www.collada.org/2005/11/COLLADASchema" version="1.4.1">
  <asset>
    <contributor>
      <author>MattO</author>
      <authoring_tool>OpenCOLLADA for 3ds Max;  Version: 1.3.0;  Revision: 839M;  Platform: x64;  Configuration: Release_Max2012</authoring_tool>
      <source_data>file:///C:/Dropbox/Prj/GGStout/Lurker/SoldierTP_Lurker_Animation_Master.max</source_data>
    </contributor>
    <created>2011-09-29T23:38:17</created>
    <modified>2011-09-29T23:38:17</modified>
    <unit name="meter" meter="1"/>
    <up_axis>Z_UP</up_axis>
  </asset>
  <library_effects>
    <effect id="ShapeBounds">
      <profile_COMMON>
        <technique sid="common">
          <blinn>
            <emission>
              <color>0 0 0 1</color>
            </emission>
            <ambient>
              <color>0.1647059 1 0 1</color>
            </ambient>
            <diffuse>
              <color>0.1647059 1 0 1</color>
            </diffuse>
            <specular>
              <color>0.9 0.9 0.9 1</color>
            </specular>
            <shininess>
              <float>10</float>
            </shininess>
            <reflective>
              <color>0 0 0 1</color>
            </reflective>
            <transparent opaque="A_ONE">
              <color>1 1 1 1</color>
            </transparent>
            <transparency>
              <float>1</float>
            </transparency>
          </blinn>
        </technique>
      </profile_COMMON>
      <extra>
        <technique profile="OpenCOLLADA3dsMax">
          <extended_shader>
            <apply_reflection_dimming>0</apply_reflection_dimming>
            <dim_level>0</dim_level>
            <falloff_type>0</falloff_type>
            <index_of_refraction>1.5</index_of_refraction>
            <opacity_type>0</opacity_type>
            <reflection_level>3</reflection_level>
            <wire_size>1</wire_size>
            <wire_units>0</wire_units>
          </extended_shader>
          <shader>
            <ambient_diffuse_lock>1</ambient_diffuse_lock>
            <ambient_diffuse_texture_lock>1</ambient_diffuse_texture_lock>
            <diffuse_specular_lock>0</diffuse_specular_lock>
            <soften>0.1</soften>
            <use_self_illum_color>0</use_self_illum_color>
          </shader>
        </technique>
      </extra>
    </effect>
  </library_effects>
  <library_materials>
    <material id="ShapeBounds-material" name="ShapeBounds">
      <instance_effect url="#ShapeBounds"/>
    </material>
  </library_materials>
  <library_geometries>
    <geometry id="geom-Bounds" name="Bounds">
      <mesh>
        <source id="geom-Bounds-positions">
          <float_array id="geom-Bounds-positions-array" count="24">-0.425 -0.425 0 0.425 -0.425 0 -0.425 0.425 0 0.425 0.425 0 -0.425 -0.425 1.84 0.425 -0.425 1.84 -0.425 0.425 1.84 0.425 0.425 1.84</float_array>
          <technique_common>
            <accessor source="#geom-Bounds-positions-array" count="8" stride="3">
              <param name="X" type="float"/>
              <param name="Y" type="float"/>
              <param name="Z" type="float"/>
            </accessor>
          </technique_common>
        </source>
        <source id="geom-Bounds-normals">
          <float_array id="geom-Bounds-normals-array" count="72">0 0 -1 0 0 -1 0 0 -1 0 0 -1 0 0 1 0 0 1 0 0 1 0 0 1 0 -1 0 0 -1 0 0 -1 0 0 -1 0 1 0 0 1 0 0 1 0 0 1 0 0 0 1 0 0 1 0 0 1 0 0 1 0 -1 0 0 -1 0 0 -1 0 0 -1 0 0</float_array>
          <technique_common>
            <accessor source="#geom-Bounds-normals-array" count="24" stride="3">
              <param name="X" type="float"/>
              <param name="Y" type="float"/>
              <param name="Z" type="float"/>
            </accessor>
          </technique_common>
        </source>
        <source id="geom-Bounds-map1">
          <float_array id="geom-Bounds-map1-array" count="36">0 0 0 1 0 0 0 1 0 1 1 0 0 0 0 1 0 0 0 1 0 1 1 0 0 0 0 1 0 0 0 1 0 1 1 0</float_array>
          <technique_common>
            <accessor source="#geom-Bounds-map1-array" count="12" stride="3">
              <param name="S" type="float"/>
              <param name="T" type="float"/>
              <param name="P" type="float"/>
            </accessor>
          </technique_common>
        </source>
        <vertices id="geom-Bounds-vertices">
          <input semantic="POSITION" source="#geom-Bounds-positions"/>
        </vertices>
        <triangles material="ShapeBounds" count="12">
          <input semantic="VERTEX" source="#geom-Bounds-vertices" offset="0"/>
          <input semantic="NORMAL" source="#geom-Bounds-normals" offset="1"/>
          <input semantic="TEXCOORD" source="#geom-Bounds-map1" offset="2" set="0"/>
          <p>0 0 9 2 1 11 3 2 10 3 2 10 1 3 8 0 0 9 4 4 8 5 5 9 7 6 11 7 6 11 6 7 10 4 4 8 0 8 4 1 9 5 5 10 7 5 10 7 4 11 6 0 8 4 1 12 0 3 13 1 7 14 3 7 14 3 5 15 2 1 12 0 3 16 4 2 17 5 6 18 7 6 18 7 7 19 6 3 16 4 2 20 0 0 21 1 4 22 3 4 22 3 6 23 2 2 20 0</p>
        </triangles>
      </mesh>
      <extra>
        <technique profile="OpenCOLLADA3dsMax">
          <max_box>
            <generateuvs>1</generateuvs>
            <height>1.84</height>
            <heightsegments>1</heightsegments>
            <length>0.85</length>
            <lengthsegments>1</lengthsegments>
            <width>0.85</width>
            <widthsegments>1</widthsegments>
          </max_box>
        </technique>
      </extra>
    </geometry>
  </library_geometries>
  <library_lights>
    <light id="EnvironmentAmbientLight" name="EnvironmentAmbientLight">
      <technique_common>
        <ambient>
          <color>0 0 0</color>
        </ambient>
      </technique_common>
    </light>
  </library_lights>
  <library_visual_scenes>
    <visual_scene id="MaxScene">
      <node name="EnvironmentAmbientLight">
        <instance_light url="#EnvironmentAmbientLight"/>
      </node>
      <node id="node-Bip01" name="Bip01">
        <matrix sid="matrix">0.7792375 -0.6267175 0.003750234 -8.10623e-5 0.626718 0.7792453 0.001183393 0.009366653 -0.003664005 0.001428194 0.9999923 0.7990584 0 0 0 1</matrix>
        <node id="node-Bip01_Pelvis" name="Bip01_Pelvis">
          <matrix sid="matrix">-0.009626728 0.991236 0.1317526 0 -0.1217413 -0.1319404 0.9837535 0 0.9925151 -0.0065694 0.1219445 0 0 0 0 1</matrix>
          <node id="node-Bip01_Spine" name="Bip01_Spine">
            <matrix sid="matrix">0.9142388 -0.1596023 -0.3724171 0.1975123 0.1756539 0.9844077 0.009333367 0.02499345 0.3651206 -0.07394945 0.9280186 0.02780972 0 0 0 1</matrix>
            <node id="node-Bip01_Spine1" name="Bip01_Spine1">
              <matrix sid="matrix">0.9850425 0.02363086 -0.1706848 0.1022274 -0.01319332 0.9979873 0.06202859 -1.00851e-4 0.1718071 -0.05884881 0.9833716 5.94556e-6 0 0 0 1</matrix>
              <node id="node-Bip01_Spine2" name="Bip01_Spine2">
                <matrix>0.9369742 -0.3477308 -0.03409594 0.1269255 0.349036 0.9270917 0.1366548 -1.58779e-4 -0.01590914 -0.1399426 0.9900317 2.40505e-5 0 0 0 1</matrix>
                <node id="node-Bip01_Neck" name="Bip01_Neck">
                  <matrix>0.8407081 -0.4308255 0.3280236 0.215107 0.4136219 0.9019013 0.1244631 -4.97401e-5 -0.3494668 0.03104058 0.9364344 -1.66893e-6 0 0 0 1</matrix>
                  <node id="node-Bip01_Head" name="Bip01_Head">
                    <matrix sid="matrix">0.947571 -0.06889568 -0.3120295 0.07051826 -0.2855059 0.2560087 -0.9235507 -0.01395911 0.1435109 0.9642162 0.2229163 0 0 0 0 1</matrix>
                    <node id="node-ALTEYE" name="ALTEYE">
                      <matrix sid="matrix">0.4506335 0.3792482 0.8081468 0.06454706 0.04412799 0.8947044 -0.4444743 0.2214611 -0.891618 0.2359566 0.3864483 0.04716253 0 0 0 1</matrix>
                    </node>
                  </node>
                  <node id="node-Bip01_L_Clavicle" name="Bip01_L_Clavicle">
                    <matrix>-0.5778346 -0.4531802 0.6787746 -0.04690331 0.2838091 -0.8913432 -0.3534966 -0.01204777 0.7652188 -0.01162022 0.6436654 0.05588402 0 0 0 1</matrix>
                    <node id="node-Bip01_L_UpperArm" name="Bip01_L_UpperArm">
                      <matrix sid="matrix">0.8905665 0.4278125 0.1544913 0.1824008 -0.3058494 0.3118285 0.8995661 -5.96046e-8 0.336671 -0.8483746 0.4085501 -1.19209e-7 0 0 0 1</matrix>
                      <node id="node-Bip01_L_Forearm" name="Bip01_L_Forearm">
                        <matrix sid="matrix">0.3454416 0.9384404 -1.49012e-8 0.2843689 -0.9384403 0.3454415 -2.98023e-8 0 4.47035e-8 -8.9407e-8 1 -5.96046e-8 0 0 0 1</matrix>
                        <node id="node-Bip01_L_Hand" name="Bip01_L_Hand">
                          <matrix sid="matrix">0.950549 0.2430353 -0.1933662 0.281068 0.1396358 -0.8905631 -0.4328965 -2.98023e-8 -0.2774139 0.3844886 -0.8804602 5.96046e-8 0 0 0 1</matrix>
                          <node id="node-Bip01_L_Finger0" name="Bip01_L_Finger0">
                            <matrix>0.6413841 0.3141903 0.6999363 0.02119678 0.7352947 0.008702943 -0.6776913 -0.004734457 -0.2190155 0.94932 -0.2254407 -0.02572197 0 0 0 1</matrix>
                            <node id="node-Bip01_L_Finger01" name="Bip01_L_Finger01">
                              <matrix>0.9975641 -0.06975634 0 0.04982865 0.06975644 0.9975641 2.79397e-9 -2.98023e-8 0 5.21541e-8 1 -5.96046e-8 0 0 0 1</matrix>
                              <node id="node-Bip01_L_Finger02" name="Bip01_L_Finger02">
                                <matrix>0.9203135 0.3911815 0 0.05202246 -0.3911814 0.9203136 0 -2.98023e-8 0 -2.98023e-8 0.9999999 1.19209e-7 0 0 0 1</matrix>
                              </node>
                            </node>
                          </node>
                          <node id="node-Bip01_L_Finger1" name="Bip01_L_Finger1">
                            <matrix>0.9592715 -0.2819768 -0.01693495 0.1199947 0.2798395 0.9567644 -0.07931914 -0.008367419 0.03856896 0.07134949 0.9967053 -0.04101396 0 0 0 1</matrix>
                            <node id="node-Bip01_L_Finger11" name="Bip01_L_Finger11">
                              <matrix>0.7001772 -0.7139692 7.45058e-9 0.03644156 0.7139691 0.7001772 0 -1.19209e-7 2.98023e-8 -4.84288e-8 0.9999999 5.96046e-8 0 0 0 1</matrix>
                              <node id="node-Bip01_L_Finger12" name="Bip01_L_Finger12">
                                <matrix>0.875726 -0.4828088 -2.98023e-8 0.03117549 0.4828089 0.875726 3.72529e-8 2.98023e-8 1.49012e-8 2.98023e-8 1 0 0 0 0 1</matrix>
                              </node>
                            </node>
                          </node>
                          <node id="node-Bip01_L_Finger2" name="Bip01_L_Finger2">
                            <matrix>0.6611331 -0.7495596 -0.03260919 0.1229538 0.7489769 0.6568219 0.08728343 -0.008802116 -0.04400577 -0.08212952 0.9956495 -0.01328242 0 0 0 1</matrix>
                            <node id="node-Bip01_L_Finger21" name="Bip01_L_Finger21">
                              <matrix>0.8156036 -0.5786111 5.58794e-9 0.03895533 0.5786112 0.8156037 1.11759e-8 5.96046e-8 6.89179e-8 1.32713e-8 1 5.96046e-8 0 0 0 1</matrix>
                              <node id="node-Bip01_L_Finger22" name="Bip01_L_Finger22">
                                <matrix>0.976296 -0.2164397 -7.45058e-9 0.03800535 0.2164397 0.976296 2.61934e-8 0 1.11759e-8 4.51691e-8 0.9999999 -5.96046e-8 0 0 0 1</matrix>
                              </node>
                            </node>
                          </node>
                          <node id="node-Bip01_L_Finger3" name="Bip01_L_Finger3">
                            <matrix>0.4124629 -0.9064788 -0.09038846 0.1211882 0.9061532 0.3980611 0.1429456 -0.001191318 -0.09359707 -0.1408657 0.9855943 0.01196861 0 0 0 1</matrix>
                            <node id="node-Bip01_L_Finger31" name="Bip01_L_Finger31">
                              <matrix>0.9381479 -0.3462352 0 0.03155851 0.3462352 0.938148 5.12227e-9 5.96046e-8 4.28408e-8 1.11992e-7 1 0 0 0 0 1</matrix>
                              <node id="node-Bip01_L_Finger32" name="Bip01_L_Finger32">
                                <matrix>0.9636303 -0.2672384 -3.72529e-9 0.0336659 0.2672384 0.9636303 -2.23517e-8 0 -3.72529e-9 -4.65661e-8 0.9999999 -5.96046e-8 0 0 0 1</matrix>
                              </node>
                            </node>
                          </node>
                          <node id="node-Bip01_L_Finger4" name="Bip01_L_Finger4">
                            <matrix>0.07120572 -0.9696807 0.2337718 0.1136798 0.9750155 0.1171045 0.1887628 0.005147278 -0.2104155 0.2144901 0.953792 0.03886569 0 0 0 1</matrix>
                            <node id="node-Bip01_L_Finger41" name="Bip01_L_Finger41">
                              <matrix>0.9790112 -0.2038069 1.49012e-8 0.03661621 0.2038069 0.9790112 1.11759e-8 1.19209e-7 2.98023e-8 1.00583e-7 1 2.98023e-8 0 0 0 1</matrix>
                              <node id="node-Bip01_L_Finger42" name="Bip01_L_Finger42">
                                <matrix>0.9645151 0.2640274 -1.49012e-8 0.01772636 -0.2640274 0.9645153 -2.23517e-8 0 2.98023e-8 4.65661e-8 1 0 0 0 0 1</matrix>
                              </node>
                            </node>
                          </node>
                        </node>
                      </node>
                    </node>
                  </node>
                  <node id="node-Bip01_R_Clavicle" name="Bip01_R_Clavicle">
                    <matrix>0.2073931 -0.1669672 -0.9639035 8.67128e-4 0.5679266 -0.7817281 0.2576056 -0.01629049 -0.7965222 -0.6008521 -0.06729984 -0.07212147 0 0 0 1</matrix>
                    <node id="node-Bip01_R_UpperArm" name="Bip01_R_UpperArm">
                      <matrix sid="matrix">0.3443655 0.9301518 -0.1273972 0.1824007 -0.8986173 0.3658564 0.2421487 1.19209e-7 0.2718441 0.03109369 0.9618388 0 0 0 0 1</matrix>
                      <node id="node-Bip01_R_Forearm" name="Bip01_R_Forearm">
                        <matrix>-0.07265094 0.9973575 0 0.2843691 -0.9973575 -0.0726509 1.49012e-8 -2.98023e-8 1.86265e-8 2.98023e-8 1 0 0 0 0 1</matrix>
                        <node id="node-Bip01_R_Hand" name="Bip01_R_Hand">
                          <matrix>0.9247897 0.3771959 -0.04987455 0.2810681 0.2033487 -0.6007848 -0.7731153 -5.96046e-8 -0.3215797 0.7048269 -0.6323018 0 0 0 0 1</matrix>
                          <node id="node-Bip01_R_Finger0" name="Bip01_R_Finger0">
                            <matrix>0.5215106 0.269013 -0.8097275 0.02119681 0.7250716 0.3605265 0.5867637 -0.004734218 0.4497753 -0.893114 -0.007035481 0.02572203 0 0 0 1</matrix>
                            <node id="node-Bip01_R_Finger01" name="Bip01_R_Finger01">
                              <matrix>0.6423534 -0.7636236 0.06527568 0.04982859 0.7605616 0.6456373 0.06854745 0 -0.09448882 0.0056145 0.9955102 0 0 0 0 1</matrix>
                              <node id="node-Bip01_R_Finger02" name="Bip01_R_Finger02">
                                <matrix>0.9505158 -0.3106765 9.31323e-9 0.0520224 0.3106765 0.9505159 0 0 -3.72529e-8 -5.21541e-8 1 0 0 0 0 1</matrix>
                              </node>
                            </node>
                          </node>
                          <node id="node-Bip01_R_Finger1" name="Bip01_R_Finger1">
                            <matrix>0.9820224 -0.1733427 -0.07472672 0.1199947 0.1795577 0.9799358 0.0865149 -0.008367509 0.05823064 -0.09837732 0.9934441 0.04101408 0 0 0 1</matrix>
                            <node id="node-Bip01_R_Finger11" name="Bip01_R_Finger11">
                              <matrix>0.8240547 -0.5665103 3.72529e-9 0.03644174 0.5665102 0.8240547 0 5.96046e-8 -1.30385e-8 7.45058e-9 1 -1.19209e-7 0 0 0 1</matrix>
                              <node id="node-Bip01_R_Finger12" name="Bip01_R_Finger12">
                                <matrix>0.8146399 -0.5796779 0.01831834 0.03117545 0.5799672 0.8142335 -0.02573049 0 1.49012e-8 0.03158513 0.9995011 0 0 0 0 1</matrix>
                              </node>
                            </node>
                          </node>
                          <node id="node-Bip01_R_Finger2" name="Bip01_R_Finger2">
                            <matrix>0.6754013 -0.7374504 -1.52119e-4 0.1229539 0.7368312 0.6748427 -0.04082684 -0.008802086 0.03021043 0.02746242 0.9991661 0.0132823 0 0 0 1</matrix>
                            <node id="node-Bip01_R_Finger21" name="Bip01_R_Finger21">
                              <matrix>0.5508358 -0.8338858 -0.0348487 0.03895514 0.8322219 0.551937 -0.05265062 1.19209e-7 0.06313889 -1.16415e-8 0.9980047 2.38419e-7 0 0 0 1</matrix>
                              <node id="node-Bip01_R_Finger22" name="Bip01_R_Finger22">
                                <matrix>0.1984735 -0.9799246 0.01886613 0.0380054 0.9755273 0.199368 0.09272985 2.98023e-8 -0.09462957 -7.45058e-9 0.9955125 0 0 0 0 1</matrix>
                              </node>
                            </node>
                          </node>
                          <node id="node-Bip01_R_Finger3" name="Bip01_R_Finger3">
                            <matrix>0.7159052 -0.6949215 0.06755452 0.1211881 0.6883785 0.6863561 -0.234627 -0.001191229 0.1166809 0.2144738 0.9697352 -0.01196873 0 0 0 1</matrix>
                            <node id="node-Bip01_R_Finger31" name="Bip01_R_Finger31">
                              <matrix>0.4441953 -0.8949345 0.04222349 0.03155845 0.8909186 0.4461975 0.08468726 -1.49012e-8 -0.0946296 2.35159e-8 0.9955126 1.19209e-7 0 0 0 1</matrix>
                              <node id="node-Bip01_R_Finger32" name="Bip01_R_Finger32">
                                <matrix>0.199368 -0.9794357 -0.03095104 0.03366598 0.9799247 0.1992685 0.006297082 0 -1.11759e-8 -0.03158513 0.999501 0 0 0 0 1</matrix>
                              </node>
                            </node>
                          </node>
                          <node id="node-Bip01_R_Finger4" name="Bip01_R_Finger4">
                            <matrix>0.5925791 -0.789795 -0.1583476 0.1136797 0.7783521 0.6120423 -0.1399001 0.005147457 0.2074078 -0.04034831 0.9774221 -0.03886569 0 0 0 1</matrix>
                            <node id="node-Bip01_R_Finger41" name="Bip01_R_Finger41">
                              <matrix>0.4202556 -0.9064696 0.04120623 0.03661621 0.9068531 0.421151 0.01578781 0 -0.03166524 0.03073305 0.9990259 -1.19209e-7 0 0 0 1</matrix>
                              <node id="node-Bip01_R_Finger42" name="Bip01_R_Finger42">
                                <matrix>0.402447 -0.9138246 -0.05441485 0.01772627 0.9154231 0.4021218 0.01728316 0 0.006087631 -0.05676819 0.9983688 -1.19209e-7 0 0 0 1</matrix>
                              </node>
                            </node>
                          </node>
                          <node id="node-MOUNT0" name="MOUNT0">
                            <matrix>-6.16305e-7 1 6.98492e-9 0.1095391 -0.9999999 -6.45512e-7 4.75906e-7 0.02518262 4.76837e-7 6.75209e-9 1 0.01321673 0 0 0 1</matrix>
                          </node>
                        </node>
                      </node>
                    </node>
                  </node>
                </node>
                <node id="node-Bip01_L_Pauldron_Upper" name="Bip01_L_Pauldron_Upper">
                  <matrix>0.9726267 0.1182923 0.2000107 0.1769029 0.1448455 -0.9816833 -0.1237686 -0.03908369 0.1817062 0.1493514 -0.9719452 0.2290199 0 0 0 1</matrix>
                </node>
                <node id="node-Bip01_R_Pauldron_Lower" name="Bip01_R_Pauldron_Lower">
                  <matrix>-0.1156724 -0.9403759 -0.3198655 0.1729059 0.909775 -0.2295502 0.3458563 -0.1133294 -0.3986598 -0.2509995 0.8820828 -0.2351094 0 0 0 1</matrix>
                </node>
                <node id="node-Bip01_L_Pauldron_Lower" name="Bip01_L_Pauldron_Lower">
                  <matrix>-0.2099969 -0.7687201 0.6041284 0.15292 0.4002344 -0.6313506 -0.6642359 -0.1054225 0.892028 0.1023055 0.4402497 0.2344801 0 0 0 1</matrix>
                </node>
              </node>
            </node>
            <node id="node-Bip01_L_Thigh" name="Bip01_L_Thigh">
              <matrix sid="matrix">-0.5620559 0.826076 -0.04113143 -0.1485698 0.4835209 0.3685173 0.7939792 -4.51192e-4 0.6710447 0.4263726 -0.6065522 0.1658256 0 0 0 1</matrix>
              <node id="node-Bip01_L_Calf" name="Bip01_L_Calf">
                <matrix sid="matrix">0.5122988 0.8588073 -1.86265e-9 0.4629987 -0.8588071 0.5122988 9.31323e-10 0 5.7742e-8 -9.12696e-8 0.9999999 7.45058e-9 0 0 0 1</matrix>
                <node id="node-Bip01_L_Foot" name="Bip01_L_Foot">
                  <matrix sid="matrix">0.8140749 0.576306 -0.07179186 0.3610502 -0.5642482 0.8141303 0.1371719 1.49012e-8 0.1375007 -0.07115968 0.9879423 0 0 0 0 1</matrix>
                  <node id="node-Bip01_L_Toe0" name="Bip01_L_Toe0">
                    <matrix sid="matrix">4.47035e-7 -1 1.38907e-6 0.1486306 1 4.47035e-7 2.18861e-8 0.1543275 -2.23517e-8 1.38953e-6 1 0 0 0 0 1</matrix>
                  </node>
                </node>
              </node>
            </node>
            <node id="node-Bip01_R_Thigh" name="Bip01_R_Thigh">
              <matrix sid="matrix">-0.9065015 0.4213504 -0.0268158 -0.2416654 0.3850639 0.8511403 0.356772 0.01840352 0.17315 0.3130885 -0.9338068 -0.07079412 0 0 0 1</matrix>
              <node id="node-Bip01_R_Calf" name="Bip01_R_Calf">
                <matrix sid="matrix">0.7818699 0.6234417 -1.49012e-8 0.4629988 -0.6234415 0.7818699 1.49012e-8 -2.98023e-8 -2.98023e-8 3.72529e-8 0.9999999 0 0 0 0 1</matrix>
                <node id="node-Bip01_R_Foot" name="Bip01_R_Foot">
                  <matrix sid="matrix">0.7349802 0.6750681 0.06393219 0.3610502 -0.6771921 0.7355851 0.01803267 7.45058e-9 -0.03485417 -0.05654802 0.9977911 1.49012e-8 0 0 0 1</matrix>
                  <node id="node-Bip01_R_Toe0" name="Bip01_R_Toe0">
                    <matrix sid="matrix">-0.1805803 -0.9786913 0.09774528 0.1486307 0.9833316 -0.1817874 -0.003513992 0.1543275 0.02120797 0.09548151 0.9952053 1.49012e-8 0 0 0 1</matrix>
                  </node>
                </node>
              </node>
            </node>
          </node>
          <node id="node-Bip01_FannyPack" name="Bip01_FannyPack">
            <matrix>-0.9629918 -0.2062316 0.1735378 0.2299508 -0.2083318 0.9780384 0.006227053 -0.1378937 -0.1710108 -0.03015685 -0.9848076 0.01013963 0 0 0 1</matrix>
          </node>
        </node>
        <node id="node-EYE" name="EYE">
          <matrix sid="matrix">0.7792377 0.6267179 -0.003664042 0.05939464 -0.6267175 0.7792451 0.001428225 0.07235013 0.003750281 0.001183214 0.999992 0.7713364 0 0 0 1</matrix>
          <node id="node-CAM" name="CAM">
            <matrix>1 -6.03104e-8 3.55271e-15 4.84288e-8 6.03104e-8 1 -2.32831e-9 -0.104 -3.55271e-15 2.32832e-9 1 0.3005601 0 0 0 1</matrix>
          </node>
        </node>
      </node>
      <node id="node-Bounds" name="Bounds">
        <matrix>0.9999915 0.001706907 0.003750479 0 -0.001711356 0.9999978 0.001183292 0.1035326 -0.003748452 -0.0011897 0.9999923 -8.93474e-5 0 0 0 1</matrix>
        <instance_geometry url="#geom-Bounds">
          <bind_material>
            <technique_common>
              <instance_material symbol="ShapeBounds" target="#ShapeBounds-material"/>
            </technique_common>
          </bind_material>
        </instance_geometry>
      </node>
    </visual_scene>
  </library_visual_scenes>
  <library_animations>
    <animation>
      <source id="node-Bip01_matrix-input">
        <float_array id="node-Bip01_matrix-input-array" count="60">46.66667 46.7 46.73333 46.76667 46.8 46.83333 46.86666 46.9 46.93333 46.96667 47 47.03333 47.06667 47.1 47.13334 47.16667 47.2 47.23333 47.26667 47.3 47.33333 47.36666 47.4 47.43333 47.46667 47.5 47.53333 47.56667 47.6 47.63334 47.66667 47.7 47.73333 47.76667 47.8 47.83333 47.86666 47.9 47.93333 47.96667 48 48.03333 48.06667 48.1 48.13334 48.16667 48.2 48.23333 48.26667 48.3 48.33333 48.36666 48.4 48.43333 48.46667 48.5 48.53333 48.56667 48.6 48.63334</float_array>
        <technique_common>
          <accessor source="#node-Bip01_matrix-input-array" count="60" stride="1">
            <param name="TIME" type="float"/>
          </accessor>
        </technique_common>
      </source>
      <source id="node-Bip01_matrix-output">
        <float_array id="node-Bip01_matrix-output-array" count="960">0.7792375 -0.6267175 0.003750205 -8.10623e-5 0.626718 0.7792453 0.00118339 0.009366631 -0.003663957 0.001428186 0.9999923 0.7990584 0 0 0 1 0.7792375 -0.6267175 0.003750205 -8.10623e-5 0.626718 0.7792453 0.00118339 0.009369432 -0.003663957 0.001428186 0.9999923 0.7993727 0 0 0 1 0.7792375 -0.6267175 0.003750205 -8.10623e-5 0.626718 0.7792453 0.00118339 0.009372115 -0.003663957 0.001428186 0.9999923 0.8002799 0 0 0 1 0.7792375 -0.6267175 0.003750205 -8.10623e-5 0.626718 0.7792453 0.00118339 0.009374558 -0.003663957 0.001428186 0.9999923 0.8017358 0 0 0 1 0.7792375 -0.6267175 0.003750205 -8.10623e-5 0.626718 0.7792453 0.00118339 0.009376883 -0.003663957 0.001428186 0.9999923 0.8036971 0 0 0 1 0.7792375 -0.6267175 0.003750205 -8.10623e-5 0.626718 0.7792453 0.00118339 0.009379029 -0.003663957 0.001428186 0.9999923 0.8061207 0 0 0 1 0.7792375 -0.6267175 0.003750205 -8.10623e-5 0.626718 0.7792453 0.00118339 0.009380996 -0.003663957 0.001428186 0.9999923 0.8089649 0 0 0 1 0.7792375 -0.6267175 0.003750205 -8.10623e-5 0.626718 0.7792453 0.00118339 0.009382843 -0.003663957 0.001428186 0.9999923 0.8121879 0 0 0 1 0.7792375 -0.6267175 0.003750205 -8.10623e-5 0.626718 0.7792453 0.00118339 0.009384572 -0.003663957 0.001428186 0.9999923 0.81575 0 0 0 1 0.7792375 -0.6267175 0.003750205 -8.10623e-5 0.626718 0.7792453 0.00118339 0.009386122 -0.003663957 0.001428186 0.9999923 0.8196077 0 0 0 1 0.7792375 -0.6267175 0.003750205 -8.10623e-5 0.626718 0.7792453 0.00118339 0.009387493 -0.003663957 0.001428186 0.9999923 0.823722 0 0 0 1 0.7792375 -0.6267175 0.003750205 -8.10623e-5 0.626718 0.7792453 0.00118339 0.009388804 -0.003663957 0.001428186 0.9999923 0.8280524 0 0 0 1 0.7792375 -0.6267175 0.003750205 -8.10623e-5 0.626718 0.7792453 0.00118339 0.009389936 -0.003663957 0.001428186 0.9999923 0.83256 0 0 0 1 0.7792375 -0.6267175 0.003750205 -8.10623e-5 0.626718 0.7792453 0.00118339 0.00939095 -0.003663957 0.001428186 0.9999923 0.8372048 0 0 0 1 0.7792375 -0.6267175 0.003750205 -8.10623e-5 0.626718 0.7792453 0.00118339 0.009391844 -0.003663957 0.001428186 0.9999923 0.8419471 0 0 0 1 0.7792375 -0.6267175 0.003750205 -8.10623e-5 0.626718 0.7792453 0.00118339 0.009392678 -0.003663957 0.001428186 0.9999923 0.8467484 0 0 0 1 0.7792375 -0.6267175 0.003750205 -8.10623e-5 0.626718 0.7792453 0.00118339 0.009393334 -0.003663957 0.001428186 0.9999923 0.8515693 0 0 0 1 0.7792375 -0.6267175 0.003750205 -8.10623e-5 0.626718 0.7792453 0.00118339 0.00939387 -0.003663957 0.001428186 0.9999923 0.8563705 0 0 0 1 0.7792375 -0.6267175 0.003750205 -8.10623e-5 0.626718 0.7792453 0.00118339 0.009394347 -0.003663957 0.001428186 0.9999923 0.8611124 0 0 0 1 0.7792375 -0.6267175 0.003750205 -8.10623e-5 0.626718 0.7792453 0.00118339 0.009394645 -0.003663957 0.001428186 0.9999923 0.8657567 0 0 0 1 0.7792375 -0.6267175 0.003750205 -8.10623e-5 0.626718 0.7792453 0.00118339 0.009394943 -0.003663957 0.001428186 0.9999923 0.8702635 0 0 0 1 0.7792375 -0.6267175 0.003750205 -8.10623e-5 0.626718 0.7792453 0.00118339 0.009395062 -0.003663957 0.001428186 0.9999923 0.874593 0 0 0 1 0.7792375 -0.6267175 0.003750205 -8.10623e-5 0.626718 0.7792453 0.00118339 0.009395122 -0.003663957 0.001428186 0.9999923 0.8787062 0 0 0 1 0.7792375 -0.6267175 0.003750205 -8.10623e-5 0.626718 0.7792453 0.00118339 0.009395122 -0.003663957 0.001428186 0.9999923 0.8825625 0 0 0 1 0.7792375 -0.6267175 0.003750205 -8.10623e-5 0.626718 0.7792453 0.00118339 0.009395003 -0.003663957 0.001428186 0.9999923 0.8861231 0 0 0 1 0.7792375 -0.6267175 0.003750205 -8.10623e-5 0.626718 0.7792453 0.00118339 0.009394824 -0.003663957 0.001428186 0.9999923 0.8893445 0 0 0 1 0.7792375 -0.6267175 0.003750205 -8.10623e-5 0.626718 0.7792453 0.00118339 0.009394526 -0.003663957 0.001428186 0.9999923 0.8921868 0 0 0 1 0.7792375 -0.6267175 0.003750205 -8.10623e-5 0.626718 0.7792453 0.00118339 0.009394228 -0.003663957 0.001428186 0.9999923 0.8946083 0 0 0 1 0.7792375 -0.6267175 0.003750205 -8.10623e-5 0.626718 0.7792453 0.00118339 0.009393811 -0.003663957 0.001428186 0.9999923 0.8965673 0 0 0 1 0.7792375 -0.6267175 0.003750205 -8.10623e-5 0.626718 0.7792453 0.00118339 0.009393334 -0.003663957 0.001428186 0.9999923 0.8980207 0 0 0 1 0.7792375 -0.6267175 0.003750205 -8.10623e-5 0.626718 0.7792453 0.00118339 0.009392797 -0.003663957 0.001428186 0.9999923 0.898925 0 0 0 1 0.7792375 -0.6267175 0.003750205 -8.10623e-5 0.626718 0.7792453 0.00118339 0.009392201 -0.003663957 0.001428186 0.9999923 0.8992365 0 0 0 1 0.7792375 -0.6267175 0.003750205 -8.10623e-5 0.626718 0.7792453 0.00118339 0.009391546 -0.003663957 0.001428186 0.9999923 0.8988807 0 0 0 1 0.7792375 -0.6267175 0.003750205 -8.10623e-5 0.626718 0.7792453 0.00118339 0.00939089 -0.003663957 0.001428186 0.9999923 0.8978502 0 0 0 1 0.7792375 -0.6267175 0.003750205 -8.10623e-5 0.626718 0.7792453 0.00118339 0.009390115 -0.003663957 0.001428186 0.9999923 0.8961985 0 0 0 1 0.7792375 -0.6267175 0.003750205 -8.10623e-5 0.626718 0.7792453 0.00118339 0.00938934 -0.003663957 0.001428186 0.9999923 0.89398 0 0 0 1 0.7792375 -0.6267175 0.003750205 -8.10623e-5 0.626718 0.7792453 0.00118339 0.009388506 -0.003663957 0.001428186 0.9999923 0.8912445 0 0 0 1 0.7792375 -0.6267175 0.003750205 -8.10623e-5 0.626718 0.7792453 0.00118339 0.009387671 -0.003663957 0.001428186 0.9999923 0.8880448 0 0 0 1 0.7792375 -0.6267175 0.003750205 -8.10623e-5 0.626718 0.7792453 0.00118339 0.009386777 -0.003663957 0.001428186 0.9999923 0.884431 0 0 0 1 0.7792375 -0.6267175 0.003750205 -8.10623e-5 0.626718 0.7792453 0.00118339 0.009385824 -0.003663957 0.001428186 0.9999923 0.8804538 0 0 0 1 0.7792375 -0.6267175 0.003750205 -8.10623e-5 0.626718 0.7792453 0.00118339 0.00938493 -0.003663957 0.001428186 0.9999923 0.876162 0 0 0 1 0.7792375 -0.6267175 0.003750205 -8.10623e-5 0.626718 0.7792453 0.00118339 0.009383916 -0.003663957 0.001428186 0.9999923 0.8716051 0 0 0 1 0.7792375 -0.6267175 0.003750205 -8.10623e-5 0.626718 0.7792453 0.00118339 0.009382963 -0.003663957 0.001428186 0.9999923 0.8668344 0 0 0 1 0.7792375 -0.6267175 0.003750205 -8.10623e-5 0.626718 0.7792453 0.00118339 0.009381949 -0.003663957 0.001428186 0.9999923 0.8618939 0 0 0 1 0.7792375 -0.6267175 0.003750205 -8.10623e-5 0.626718 0.7792453 0.00118339 0.009380936 -0.003663957 0.001428186 0.9999923 0.8568332 0 0 0 1 0.7792375 -0.6267175 0.003750205 -8.10623e-5 0.626718 0.7792453 0.00118339 0.009379923 -0.003663957 0.001428186 0.9999923 0.851701 0 0 0 1 0.7792375 -0.6267175 0.003750205 -8.10623e-5 0.626718 0.7792453 0.00118339 0.00937891 -0.003663957 0.001428186 0.9999923 0.8465455 0 0 0 1 0.7792375 -0.6267175 0.003750205 -8.10623e-5 0.626718 0.7792453 0.00118339 0.009377896 -0.003663957 0.001428186 0.9999923 0.8414136 0 0 0 1 0.7792375 -0.6267175 0.003750205 -8.10623e-5 0.626718 0.7792453 0.00118339 0.009376943 -0.003663957 0.001428186 0.9999923 0.8363539 0 0 0 1 0.7792375 -0.6267175 0.003750205 -8.10623e-5 0.626718 0.7792453 0.00118339 0.009375929 -0.003663957 0.001428186 0.9999923 0.8314148 0 0 0 1 0.7792375 -0.6267175 0.003750205 -8.10623e-5 0.626718 0.7792453 0.00118339 0.009374916 -0.003663957 0.001428186 0.9999923 0.8266459 0 0 0 1 0.7792375 -0.6267175 0.003750205 -8.10623e-5 0.626718 0.7792453 0.00118339 0.009373962 -0.003663957 0.001428186 0.9999923 0.8220914 0 0 0 1 0.7792375 -0.6267175 0.003750205 -8.10623e-5 0.626718 0.7792453 0.00118339 0.009373009 -0.003663957 0.001428186 0.9999923 0.8178024 0 0 0 1 0.7792375 -0.6267175 0.003750205 -8.10623e-5 0.626718 0.7792453 0.00118339 0.009372115 -0.003663957 0.001428186 0.9999923 0.8138284 0 0 0 1 0.7792375 -0.6267175 0.003750205 -8.10623e-5 0.626718 0.7792453 0.00118339 0.009371221 -0.003663957 0.001428186 0.9999923 0.8102183 0 0 0 1 0.7792375 -0.6267175 0.003750205 -8.10623e-5 0.626718 0.7792453 0.00118339 0.009370326 -0.003663957 0.001428186 0.9999923 0.8070228 0 0 0 1 0.7792375 -0.6267175 0.003750205 -8.10623e-5 0.626718 0.7792453 0.00118339 0.009369492 -0.003663957 0.001428186 0.9999923 0.8042919 0 0 0 1 0.7792375 -0.6267175 0.003750205 -8.10623e-5 0.626718 0.7792453 0.00118339 0.009368717 -0.003663957 0.001428186 0.9999923 0.8020784 0 0 0 1 0.7792375 -0.6267175 0.003750205 -8.10623e-5 0.626718 0.7792453 0.00118339 0.009367942 -0.003663957 0.001428186 0.9999923 0.8004323 0 0 0 1 0.7792375 -0.6267175 0.003750205 -8.10623e-5 0.626718 0.7792453 0.00118339 0.009367287 -0.003663957 0.001428186 0.9999923 0.7994077 0 0 0 1</float_array>
        <technique_common>
          <accessor source="#node-Bip01_matrix-output-array" count="60" stride="16">
            <param name="TRANSFORM" type="float4x4"/>
          </accessor>
        </technique_common>
      </source>
      <source id="node-Bip01_matrix-interpolation">
        <Name_array id="node-Bip01_matrix-interpolation-array" count="60">LINEAR LINEAR LINEAR LINEAR LINEAR LINEAR LINEAR LINEAR LINEAR LINEAR LINEAR LINEAR LINEAR LINEAR LINEAR LINEAR LINEAR LINEAR LINEAR LINEAR LINEAR LINEAR LINEAR LINEAR LINEAR LINEAR LINEAR LINEAR LINEAR LINEAR LINEAR LINEAR LINEAR LINEAR LINEAR LINEAR LINEAR LINEAR LINEAR LINEAR LINEAR LINEAR LINEAR LINEAR LINEAR LINEAR LINEAR LINEAR LINEAR LINEAR LINEAR LINEAR LINEAR LINEAR LINEAR LINEAR LINEAR LINEAR LINEAR LINEAR</Name_array>
        <technique_common>
          <accessor source="#node-Bip01_matrix-interpolation-array" count="60" stride="1">
            <param name="INTERPOLATION" type="name"/>
          </accessor>
        </technique_common>
      </source>
      <source id="node-Bip01_Pelvis_matrix-input">
        <float_array id="node-Bip01_Pelvis_matrix-input-array" count="60">46.66667 46.7 46.73333 46.76667 46.8 46.83333 46.86666 46.9 46.93333 46.96667 47 47.03333 47.06667 47.1 47.13334 47.16667 47.2 47.23333 47.26667 47.3 47.33333 47.36666 47.4 47.43333 47.46667 47.5 47.53333 47.56667 47.6 47.63334 47.66667 47.7 47.73333 47.76667 47.8 47.83333 47.86666 47.9 47.93333 47.96667 48 48.03333 48.06667 48.1 48.13334 48.16667 48.2 48.23333 48.26667 48.3 48.33333 48.36666 48.4 48.43333 48.46667 48.5 48.53333 48.56667 48.6 48.63334</float_array>
        <technique_common>
          <accessor source="#node-Bip01_Pelvis_matrix-input-array" count="60" stride="1">
            <param name="TIME" type="float"/>
          </accessor>
        </technique_common>
      </source>
      <source id="node-Bip01_Pelvis_matrix-output">
