<?xml version="1.0" encoding="utf-8"?>
<COLLADA xmlns="http://www.collada.org/2005/11/COLLADASchema" version="1.4.1">
  <asset>
    <contributor>
      <author>MattO</author>
      <authoring_tool>OpenCOLLADA for 3ds Max;  Version: 1.3.0;  Revision: 839M;  Platform: x64;  Configuration: Release_Max2012</authoring_tool>
      <source_data>file:///C:/Dropbox/Prj/GGStout/Lurker/SoldierTP_Lurker_Animation_Master.max</source_data>
    </contributor>
    <created>2011-09-29T23:38:25</created>
    <modified>2011-09-29T23:38:25</modified>
    <unit name="meter" meter="1"/>
    <up_axis>Z_UP</up_axis>
  </asset>
  <library_effects>
    <effect id="ShapeBounds">
      <profile_COMMON>
        <technique sid="common">
          <blinn>
            <emission>
              <color>0 0 0 1</color>
            </emission>
            <ambient>
              <color>0.1647059 1 0 1</color>
            </ambient>
            <diffuse>
              <color>0.1647059 1 0 1</color>
            </diffuse>
            <specular>
              <color>0.9 0.9 0.9 1</color>
            </specular>
            <shininess>
              <float>10</float>
            </shininess>
            <reflective>
              <color>0 0 0 1</color>
            </reflective>
            <transparent opaque="A_ONE">
              <color>1 1 1 1</color>
            </transparent>
            <transparency>
              <float>1</float>
            </transparency>
          </blinn>
        </technique>
      </profile_COMMON>
      <extra>
        <technique profile="OpenCOLLADA3dsMax">
          <extended_shader>
            <apply_reflection_dimming>0</apply_reflection_dimming>
            <dim_level>0</dim_level>
            <falloff_type>0</falloff_type>
            <index_of_refraction>1.5</index_of_refraction>
            <opacity_type>0</opacity_type>
            <reflection_level>3</reflection_level>
            <wire_size>1</wire_size>
            <wire_units>0</wire_units>
          </extended_shader>
          <shader>
            <ambient_diffuse_lock>1</ambient_diffuse_lock>
            <ambient_diffuse_texture_lock>1</ambient_diffuse_texture_lock>
            <diffuse_specular_lock>0</diffuse_specular_lock>
            <soften>0.1</soften>
            <use_self_illum_color>0</use_self_illum_color>
          </shader>
        </technique>
      </extra>
    </effect>
  </library_effects>
  <library_materials>
    <material id="ShapeBounds-material" name="ShapeBounds">
      <instance_effect url="#ShapeBounds"/>
    </material>
  </library_materials>
  <library_geometries>
    <geometry id="geom-Bounds" name="Bounds">
      <mesh>
        <source id="geom-Bounds-positions">
          <float_array id="geom-Bounds-positions-array" count="24">-0.425 -0.425 0 0.425 -0.425 0 -0.425 0.425 0 0.425 0.425 0 -0.425 -0.425 1.84 0.425 -0.425 1.84 -0.425 0.425 1.84 0.425 0.425 1.84</float_array>
          <technique_common>
            <accessor source="#geom-Bounds-positions-array" count="8" stride="3">
              <param name="X" type="float"/>
              <param name="Y" type="float"/>
              <param name="Z" type="float"/>
            </accessor>
          </technique_common>
        </source>
        <source id="geom-Bounds-normals">
          <float_array id="geom-Bounds-normals-array" count="72">0 0 -1 0 0 -1 0 0 -1 0 0 -1 0 0 1 0 0 1 0 0 1 0 0 1 0 -1 0 0 -1 0 0 -1 0 0 -1 0 1 0 0 1 0 0 1 0 0 1 0 0 0 1 0 0 1 0 0 1 0 0 1 0 -1 0 0 -1 0 0 -1 0 0 -1 0 0</float_array>
          <technique_common>
            <accessor source="#geom-Bounds-normals-array" count="24" stride="3">
              <param name="X" type="float"/>
              <param name="Y" type="float"/>
              <param name="Z" type="float"/>
            </accessor>
          </technique_common>
        </source>
        <source id="geom-Bounds-map1">
          <float_array id="geom-Bounds-map1-array" count="36">0 0 0 1 0 0 0 1 0 1 1 0 0 0 0 1 0 0 0 1 0 1 1 0 0 0 0 1 0 0 0 1 0 1 1 0</float_array>
          <technique_common>
            <accessor source="#geom-Bounds-map1-array" count="12" stride="3">
              <param name="S" type="float"/>
              <param name="T" type="float"/>
              <param name="P" type="float"/>
            </accessor>
          </technique_common>
        </source>
        <vertices id="geom-Bounds-vertices">
          <input semantic="POSITION" source="#geom-Bounds-positions"/>
        </vertices>
        <triangles material="ShapeBounds" count="12">
          <input semantic="VERTEX" source="#geom-Bounds-vertices" offset="0"/>
          <input semantic="NORMAL" source="#geom-Bounds-normals" offset="1"/>
          <input semantic="TEXCOORD" source="#geom-Bounds-map1" offset="2" set="0"/>
          <p>0 0 9 2 1 11 3 2 10 3 2 10 1 3 8 0 0 9 4 4 8 5 5 9 7 6 11 7 6 11 6 7 10 4 4 8 0 8 4 1 9 5 5 10 7 5 10 7 4 11 6 0 8 4 1 12 0 3 13 1 7 14 3 7 14 3 5 15 2 1 12 0 3 16 4 2 17 5 6 18 7 6 18 7 7 19 6 3 16 4 2 20 0 0 21 1 4 22 3 4 22 3 6 23 2 2 20 0</p>
        </triangles>
      </mesh>
      <extra>
        <technique profile="OpenCOLLADA3dsMax">
          <max_box>
            <generateuvs>1</generateuvs>
            <height>1.84</height>
            <heightsegments>1</heightsegments>
            <length>0.85</length>
            <lengthsegments>1</lengthsegments>
            <width>0.85</width>
            <widthsegments>1</widthsegments>
          </max_box>
        </technique>
      </extra>
    </geometry>
  </library_geometries>
  <library_lights>
    <light id="EnvironmentAmbientLight" name="EnvironmentAmbientLight">
      <technique_common>
        <ambient>
          <color>0 0 0</color>
        </ambient>
      </technique_common>
    </light>
  </library_lights>
  <library_visual_scenes>
    <visual_scene id="MaxScene">
      <node name="EnvironmentAmbientLight">
        <instance_light url="#EnvironmentAmbientLight"/>
      </node>
      <node id="node-Bip01" name="Bip01">
        <matrix>0.7792376 -0.6267173 0.003750267 -8.10623e-5 0.6267178 0.7792454 0.001183462 0.009366653 -0.003664074 0.001428161 0.9999923 0.7990584 0 0 0 1</matrix>
        <node id="node-Bip01_Pelvis" name="Bip01_Pelvis">
          <matrix sid="matrix">-0.009626727 0.991236 0.1317526 0 -0.1217413 -0.1319404 0.9837534 0 0.9925151 -0.0065694 0.1219445 0 0 0 0 1</matrix>
          <node id="node-Bip01_Spine" name="Bip01_Spine">
            <matrix sid="matrix">0.9142389 -0.1596023 -0.3724171 0.1975123 0.1756539 0.9844078 0.009333353 0.02499345 0.3651207 -0.07394949 0.9280187 0.02780973 0 0 0 1</matrix>
            <node id="node-Bip01_Spine1" name="Bip01_Spine1">
              <matrix>0.9850424 0.02363086 -0.1706849 0.1022274 -0.01319331 0.9979873 0.06202858 -1.00836e-4 0.1718071 -0.05884882 0.9833715 5.93066e-6 0 0 0 1</matrix>
              <node id="node-Bip01_Spine2" name="Bip01_Spine2">
                <matrix>0.9369743 -0.3477308 -0.03409588 0.1269256 0.3490361 0.9270918 0.1366547 -1.58779e-4 -0.01590914 -0.1399428 0.9900318 2.40505e-5 0 0 0 1</matrix>
                <node id="node-Bip01_Neck" name="Bip01_Neck">
                  <matrix sid="matrix">0.9240022 -0.1965201 0.3280243 0.2150941 0.1639444 0.9785863 0.1244633 -5.39124e-5 -0.3454595 -0.06122665 0.9364341 3.36766e-6 0 0 0 1</matrix>
                  <node id="node-Bip01_Head" name="Bip01_Head">
                    <matrix sid="matrix">0.7834033 0.3850439 -0.4878733 0.07051814 -0.4782695 -0.1278206 -0.8688614 -0.01395917 -0.3969103 0.9140038 0.08401962 -1.49012e-8 0 0 0 1</matrix>
                    <node id="node-ALTEYE" name="ALTEYE">
                      <matrix sid="matrix">0.009382491 -0.1786713 0.9838643 0.06454706 -0.004153793 0.9838922 0.1787161 0.2214611 -0.9999476 -0.005763882 0.008489079 0.04716256 0 0 0 1</matrix>
                    </node>
                  </node>
                  <node id="node-Bip01_L_Clavicle" name="Bip01_L_Clavicle">
                    <matrix sid="matrix">-0.6318739 -0.2048873 0.7475004 -0.0421201 0.1231928 -0.9787166 -0.1641262 -0.02386767 0.7652183 -0.01162041 0.6436659 0.055884 0 0 0 1</matrix>
                    <node id="node-Bip01_L_UpperArm" name="Bip01_L_UpperArm">
                      <matrix>0.8909864 0.428419 0.1503339 0.1824007 -0.3034132 0.3155105 0.899107 -2.98023e-8 0.3377627 -0.8467054 0.4111036 0 0 0 0 1</matrix>
                      <node id="node-Bip01_L_Forearm" name="Bip01_L_Forearm">
                        <matrix>0.3454525 0.9384363 0 0.284369 -0.9384362 0.3454526 -5.96046e-8 5.96046e-8 4.47035e-8 2.98023e-8 1 0 0 0 0 1</matrix>
                        <node id="node-Bip01_L_Hand" name="Bip01_L_Hand">
                          <matrix>0.9513536 0.2418793 -0.1908419 0.2810681 0.1384887 -0.8890261 -0.43641 -2.98023e-8 -0.2752219 0.3887509 -0.8792758 -5.96046e-8 0 0 0 1</matrix>
                          <node id="node-Bip01_L_Finger0" name="Bip01_L_Finger0">
                            <matrix>0.6413842 0.3141903 0.6999362 0.02119672 0.7352949 0.008702911 -0.6776915 -0.004734278 -0.2190156 0.94932 -0.2254408 -0.02572191 0 0 0 1</matrix>
                            <node id="node-Bip01_L_Finger01" name="Bip01_L_Finger01">
                              <matrix>0.997564 -0.06975643 -2.98023e-8 0.04982853 0.06975646 0.9975641 1.86265e-9 -2.98023e-8 0 6.33299e-8 0.9999999 5.96046e-8 0 0 0 1</matrix>
                              <node id="node-Bip01_L_Finger02" name="Bip01_L_Finger02">
                                <matrix>0.9203135 0.3911814 -2.98023e-8 0.05202222 -0.3911815 0.9203135 -2.23517e-8 0 0 -4.47035e-8 0.9999999 0 0 0 0 1</matrix>
                              </node>
                            </node>
                          </node>
                          <node id="node-Bip01_L_Finger1" name="Bip01_L_Finger1">
                            <matrix>0.9592717 -0.2819768 -0.01693491 0.1199946 0.2798395 0.9567645 -0.07931914 -0.008367538 0.03856893 0.07134952 0.9967054 -0.0410139 0 0 0 1</matrix>
                            <node id="node-Bip01_L_Finger11" name="Bip01_L_Finger11">
                              <matrix>0.7001772 -0.7139691 -2.23517e-8 0.03644168 0.7139692 0.7001772 2.98023e-8 5.96046e-8 1.49012e-8 -1.49012e-8 1 -1.19209e-7 0 0 0 1</matrix>
                              <node id="node-Bip01_L_Finger12" name="Bip01_L_Finger12">
                                <matrix>0.8757257 -0.4828088 -1.49012e-8 0.03117537 0.4828088 0.8757259 1.86265e-8 -2.98023e-8 0 5.58794e-8 0.9999999 0 0 0 0 1</matrix>
                              </node>
                            </node>
                          </node>
                          <node id="node-Bip01_L_Finger2" name="Bip01_L_Finger2">
                            <matrix>0.6611332 -0.7495596 -0.03260915 0.1229538 0.7489769 0.656822 0.08728346 -0.008802116 -0.04400572 -0.08212953 0.9956495 -0.01328254 0 0 0 1</matrix>
                            <node id="node-Bip01_L_Finger21" name="Bip01_L_Finger21">
                              <matrix>0.8156035 -0.5786111 1.86265e-9 0.03895521 0.5786111 0.8156034 3.81842e-8 5.96046e-8 5.58794e-9 -6.57747e-8 0.9999999 5.96046e-8 0 0 0 1</matrix>
                              <node id="node-Bip01_L_Finger22" name="Bip01_L_Finger22">
                                <matrix>0.9762961 -0.2164396 -1.86265e-9 0.03800535 0.2164396 0.9762962 2.42144e-8 0 0 5.54137e-8 1 5.96046e-8 0 0 0 1</matrix>
                              </node>
                            </node>
                          </node>
                          <node id="node-Bip01_L_Finger3" name="Bip01_L_Finger3">
                            <matrix>0.412463 -0.9064789 -0.09038838 0.1211882 0.9061533 0.3980611 0.1429456 -0.001191199 -0.09359706 -0.1408656 0.9855945 0.01196867 0 0 0 1</matrix>
                            <node id="node-Bip01_L_Finger31" name="Bip01_L_Finger31">
                              <matrix>0.9381477 -0.3462351 -5.58794e-9 0.03155839 0.3462351 0.9381477 -2.79397e-9 -2.98023e-8 -7.45058e-9 -1.42027e-8 0.9999999 -5.96046e-8 0 0 0 1</matrix>
                              <node id="node-Bip01_L_Finger32" name="Bip01_L_Finger32">
                                <matrix>0.9636306 -0.2672384 3.72529e-9 0.03366578 0.2672384 0.9636304 -5.02914e-8 0 1.49012e-8 2.79397e-9 1 5.96046e-8 0 0 0 1</matrix>
                              </node>
                            </node>
                          </node>
                          <node id="node-Bip01_L_Finger4" name="Bip01_L_Finger4">
                            <matrix>0.07120571 -0.9696807 0.233772 0.1136796 0.9750154 0.1171046 0.1887628 0.005147338 -0.2104155 0.2144902 0.953792 0.0388658 0 0 0 1</matrix>
                            <node id="node-Bip01_L_Finger41" name="Bip01_L_Finger41">
                              <matrix>0.9790111 -0.2038069 0 0.03661621 0.2038069 0.9790111 0 5.96046e-8 -1.49012e-8 0 0.9999999 -4.47035e-8 0 0 0 1</matrix>
                              <node id="node-Bip01_L_Finger42" name="Bip01_L_Finger42">
                                <matrix>0.9645151 0.2640274 0 0.01772642 -0.2640274 0.9645152 -1.49012e-8 -1.19209e-7 2.98023e-8 -2.8871e-8 0.9999999 0 0 0 0 1</matrix>
                              </node>
                            </node>
                          </node>
                        </node>
                      </node>
                    </node>
                  </node>
                  <node id="node-Bip01_R_Clavicle" name="Bip01_R_Clavicle">
                    <matrix sid="matrix">0.05201046 0.04280636 -0.9977287 0.005102277 0.6023684 -0.7982134 -0.002845615 -0.01549792 -0.7965221 -0.6008521 -0.06730054 -0.07212149 0 0 0 1</matrix>
                    <node id="node-Bip01_R_UpperArm" name="Bip01_R_UpperArm">
                      <matrix>0.3444382 0.9301254 -0.1273917 0.1824006 -0.8985945 0.3659246 0.2421301 0 0.2718272 0.03107467 0.9618442 0 0 0 0 1</matrix>
                      <node id="node-Bip01_R_Forearm" name="Bip01_R_Forearm">
                        <matrix>-0.07265081 0.9973576 2.98023e-8 0.2843689 -0.9973575 -0.0726508 7.45058e-9 1.49012e-8 1.49012e-8 -2.98023e-8 1 -1.19209e-7 0 0 0 1</matrix>
                        <node id="node-Bip01_R_Hand" name="Bip01_R_Hand">
                          <matrix>0.9247895 0.3771958 -0.04987458 0.2810681 0.2033487 -0.6007847 -0.7731152 5.96046e-8 -0.3215797 0.704827 -0.6323017 1.19209e-7 0 0 0 1</matrix>
                          <node id="node-Bip01_R_Finger0" name="Bip01_R_Finger0">
                            <matrix>0.5215105 0.269013 -0.8097276 0.02119675 0.7250717 0.3605265 0.5867639 -0.004734248 0.4497753 -0.893114 -0.00703546 0.02572179 0 0 0 1</matrix>
                            <node id="node-Bip01_R_Finger01" name="Bip01_R_Finger01">
                              <matrix>0.6423534 -0.7636236 0.06527573 0.04982853 0.7605615 0.6456373 0.06854747 0 -0.09448878 0.00561447 0.99551 0 0 0 0 1</matrix>
                              <node id="node-Bip01_R_Finger02" name="Bip01_R_Finger02">
                                <matrix>0.9505157 -0.3106764 -2.42144e-8 0.0520224 0.3106764 0.9505158 1.11759e-8 1.19209e-7 -2.79397e-8 5.21541e-8 0.9999999 2.98023e-8 0 0 0 1</matrix>
                              </node>
                            </node>
                          </node>
                          <node id="node-Bip01_R_Finger1" name="Bip01_R_Finger1">
                            <matrix>0.9820225 -0.1733428 -0.07472673 0.1199946 0.1795577 0.9799358 0.08651492 -0.008367568 0.05823066 -0.09837736 0.9934441 0.04101396 0 0 0 1</matrix>
                            <node id="node-Bip01_R_Finger11" name="Bip01_R_Finger11">
                              <matrix>0.8240548 -0.5665103 3.72529e-9 0.03644174 0.5665103 0.8240548 -7.45058e-9 0 -1.30385e-8 2.98023e-8 1 -1.19209e-7 0 0 0 1</matrix>
                              <node id="node-Bip01_R_Finger12" name="Bip01_R_Finger12">
                                <matrix>0.8146397 -0.5796779 0.01831834 0.03117546 0.5799672 0.8142334 -0.0257305 0 1.49012e-8 0.0315851 0.999501 1.19209e-7 0 0 0 1</matrix>
                              </node>
                            </node>
                          </node>
                          <node id="node-Bip01_R_Finger2" name="Bip01_R_Finger2">
                            <matrix>0.6754014 -0.7374504 -1.52119e-4 0.1229537 0.7368314 0.6748428 -0.04082685 -0.008802056 0.03021043 0.02746242 0.9991663 0.01328242 0 0 0 1</matrix>
                            <node id="node-Bip01_R_Finger21" name="Bip01_R_Finger21">
                              <matrix>0.5508358 -0.8338859 -0.03484871 0.03895518 0.832222 0.5519371 -0.05265062 5.96046e-8 0.0631389 -1.02445e-8 0.9980047 -1.19209e-7 0 0 0 1</matrix>
                              <node id="node-Bip01_R_Finger22" name="Bip01_R_Finger22">
                                <matrix>0.1984734 -0.9799246 0.01886612 0.03800538 0.9755272 0.199368 0.09272984 0 -0.09462957 0 0.9955125 1.19209e-7 0 0 0 1</matrix>
                              </node>
                            </node>
                          </node>
                          <node id="node-Bip01_R_Finger3" name="Bip01_R_Finger3">
                            <matrix>0.7159052 -0.6949216 0.06755453 0.1211881 0.6883786 0.6863563 -0.234627 -0.001191258 0.1166809 0.2144739 0.9697352 -0.01196873 0 0 0 1</matrix>
                            <node id="node-Bip01_R_Finger31" name="Bip01_R_Finger31">
                              <matrix>0.4441952 -0.8949346 0.04222354 0.03155845 0.8909186 0.4461976 0.08468728 1.49012e-8 -0.09462957 2.07219e-8 0.9955127 0 0 0 0 1</matrix>
                              <node id="node-Bip01_R_Finger32" name="Bip01_R_Finger32">
                                <matrix>0.1993681 -0.9794358 -0.03095101 0.03366594 0.9799249 0.1992686 0.006297074 0 -2.23517e-8 -0.03158513 0.9995011 -1.19209e-7 0 0 0 1</matrix>
                              </node>
                            </node>
                          </node>
                          <node id="node-Bip01_R_Finger4" name="Bip01_R_Finger4">
                            <matrix>0.5925791 -0.789795 -0.1583476 0.1136796 0.7783523 0.6120424 -0.1399001 0.005147427 0.2074078 -0.04034829 0.9774221 -0.0388658 0 0 0 1</matrix>
                            <node id="node-Bip01_R_Finger41" name="Bip01_R_Finger41">
                              <matrix>0.4202557 -0.9064696 0.04120626 0.03661621 0.9068531 0.4211511 0.01578783 -5.96046e-8 -0.03166523 0.030733 0.999026 0 0 0 0 1</matrix>
                              <node id="node-Bip01_R_Finger42" name="Bip01_R_Finger42">
                                <matrix>0.4024471 -0.9138246 -0.05441486 0.01772633 0.9154232 0.4021218 0.0172832 0 0.006087616 -0.05676817 0.9983689 0 0 0 0 1</matrix>
                              </node>
                            </node>
                          </node>
                          <node id="node-MOUNT0" name="MOUNT0">
                            <matrix>-6.18693e-7 1 8.84756e-9 0.109539 -1 -6.59553e-7 4.76837e-7 0.0251826 4.77768e-7 6.75209e-9 1 0.01321661 0 0 0 1</matrix>
                          </node>
                        </node>
                      </node>
                    </node>
                  </node>
                </node>
                <node id="node-Bip01_L_Pauldron_Upper" name="Bip01_L_Pauldron_Upper">
                  <matrix>0.9726268 0.1182922 0.2000107 0.176903 0.1448453 -0.9816829 -0.1237685 -0.03908372 0.1817063 0.1493511 -0.9719449 0.2290199 0 0 0 1</matrix>
                </node>
                <node id="node-Bip01_R_Pauldron_Lower" name="Bip01_R_Pauldron_Lower">
                  <matrix>-0.1156724 -0.9403759 -0.3198653 0.172906 0.909775 -0.2295502 0.3458564 -0.1133294 -0.3986599 -0.2509996 0.8820826 -0.2351095 0 0 0 1</matrix>
                </node>
                <node id="node-Bip01_L_Pauldron_Lower" name="Bip01_L_Pauldron_Lower">
                  <matrix>-0.2099968 -0.7687201 0.6041283 0.1529202 0.4002343 -0.6313505 -0.6642359 -0.1054225 0.892028 0.1023054 0.4402497 0.2344801 0 0 0 1</matrix>
                </node>
              </node>
            </node>
            <node id="node-Bip01_L_Thigh" name="Bip01_L_Thigh">
              <matrix sid="matrix">-0.4488794 0.8921273 -0.05115139 -0.1485698 0.5193911 0.3070586 0.7974635 -4.51207e-4 0.7271453 0.3313972 -0.6011952 0.1658256 0 0 0 1</matrix>
              <node id="node-Bip01_L_Calf" name="Bip01_L_Calf">
                <matrix sid="matrix">0.4034076 0.9150205 3.72529e-9 0.4629987 -0.9150203 0.4034076 -3.72529e-9 0 8.56817e-8 -1.09896e-7 1 0 0 0 0 1</matrix>
                <node id="node-Bip01_L_Foot" name="Bip01_L_Foot">
                  <matrix sid="matrix">0.9319396 -0.353629 -0.08021898 0.3610501 0.3615513 0.9231071 0.1309717 2.98023e-8 0.02773532 -0.1510608 0.9881354 7.45058e-9 0 0 0 1</matrix>
                  <node id="node-Bip01_L_Toe0" name="Bip01_L_Toe0">
                    <matrix>4.76837e-7 -1 1.39046e-6 0.1486307 1 4.7707e-7 2.30575e-8 0.1543275 -2.30466e-8 1.38953e-6 1 3.72529e-9 0 0 0 1</matrix>
                  </node>
                </node>
              </node>
            </node>
            <node id="node-Bip01_R_Thigh" name="Bip01_R_Thigh">
              <matrix sid="matrix">-0.9150401 0.3601362 0.1816684 -0.2416654 0.4023325 0.8470625 0.3472952 0.01840352 -0.02881089 0.3908803 -0.9199907 -0.07079414 0 0 0 1</matrix>
              <node id="node-Bip01_R_Calf" name="Bip01_R_Calf">
                <matrix>0.4440028 0.8960254 0 0.4629987 -0.8960253 0.4440028 1.49012e-8 7.45058e-9 1.49012e-8 -5.96046e-8 0.9999999 -2.98023e-8 0 0 0 1</matrix>
                <node id="node-Bip01_R_Foot" name="Bip01_R_Foot">
                  <matrix sid="matrix">0.6470511 -0.7363819 0.1976526 0.3610501 0.7123461 0.6762879 0.1876114 0 -0.2718237 0.0194029 0.9621514 0 0 0 0 1</matrix>
                  <node id="node-Bip01_R_Toe0" name="Bip01_R_Toe0">
                    <matrix sid="matrix">-0.1805808 -0.9786911 0.09774577 0.1486307 0.9833315 -0.1817879 -0.003513592 0.1543275 0.0212077 0.095482 0.9952052 0 0 0 0 1</matrix>
                  </node>
                </node>
              </node>
            </node>
          </node>
          <node id="node-Bip01_FannyPack" name="Bip01_FannyPack">
            <matrix>-0.9629918 -0.2062317 0.1735378 0.2299508 -0.2083319 0.9780385 0.006227079 -0.1378937 -0.1710108 -0.03015682 -0.9848076 0.01013964 0 0 0 1</matrix>
          </node>
        </node>
        <node id="node-EYE" name="EYE">
          <matrix>0.7792379 0.6267177 -0.003664111 0.05939458 -0.6267173 0.7792452 0.001428191 0.07235012 0.003750314 0.001183282 0.999992 0.7713364 0 0 0 1</matrix>
          <node id="node-CAM" name="CAM">
            <matrix>1 -6.03104e-8 3.55271e-15 4.84288e-8 6.03104e-8 1 -2.32831e-9 -0.104 -3.55271e-15 2.32832e-9 1 0.3005601 0 0 0 1</matrix>
          </node>
        </node>
      </node>
      <node id="node-Bounds" name="Bounds">
        <matrix>0.9999915 0.001706907 0.003750479 0 -0.001711356 0.9999978 0.001183292 0.1035326 -0.003748452 -0.0011897 0.9999923 -8.93474e-5 0 0 0 1</matrix>
        <instance_geometry url="#geom-Bounds">
          <bind_material>
            <technique_common>
              <instance_material symbol="ShapeBounds" target="#ShapeBounds-material"/>
            </technique_common>
          </bind_material>
        </instance_geometry>
      </node>
    </visual_scene>
  </library_visual_scenes>
  <library_animations>
    <animation>
      <source id="node-Bip01_Pelvis_matrix-input">
        <float_array id="node-Bip01_Pelvis_matrix-input-array" count="11">30 30.03333 30.06667 30.1 30.13333 30.16667 30.2 30.23333 30.26667 30.3 30.33333</float_array>
        <technique_common>
          <accessor source="#node-Bip01_Pelvis_matrix-input-array" count="11" stride="1">
            <param name="TIME" type="float"/>
          </accessor>
        </technique_common>
      </source>
      <source id="node-Bip01_Pelvis_matrix-output">
        <float_array id="node-Bip01_Pelvis_matrix-output-array" count="176">-0.009626686 0.991236 0.1317526 0 -0.1217413 -0.1319403 0.9837534 0 0.9925152 -0.006569385 0.1219445 0 0 0 0 1 -0.009940087 0.9911621 0.1322827 0 -0.121455 -0.1325064 0.9837127 0 0.9925472 -0.00628817 0.1216987 0 0 0 0 1 -0.01055955 0.991015 0.1333325 0 -0.1208881 -0.1336271 0.983631 0 0.9926099 -0.005731523 0.121213 0 0 0 0 1 -0.01102226 0.9909041 0.1341182 0 -0.120464 -0.1344653 0.9835688 0 0.9926565 -0.005315244 0.1208504 0 0 0 0 1 -0.01087093 0.9909405 0.1338611 0 -0.1206028 -0.134191 0.9835892 0 0.9926413 -0.00545144 0.120969 0 0 0 0 1 -0.009626686 0.991236 0.1317526 0 -0.1217413 -0.1319403 0.9837534 0 0.9925152 -0.006569385 0.1219445 0 0 0 0 1 -0.009940087 0.9911621 0.1322827 0 -0.121455 -0.1325064 0.9837127 0 0.9925472 -0.00628817 0.1216987 0 0 0 0 1 -0.01055955 0.991015 0.1333325 0 -0.1208881 -0.1336271 0.983631 0 0.9926099 -0.005731523 0.121213 0 0 0 0 1 -0.01102226 0.9909041 0.1341182 0 -0.120464 -0.1344653 0.9835688 0 0.9926565 -0.005315244 0.1208504 0 0 0 0 1 -0.01087093 0.9909405 0.1338611 0 -0.1206028 -0.134191 0.9835892 0 0.9926413 -0.00545144 0.120969 0 0 0 0 1 -0.009626686 0.991236 0.1317526 0 -0.1217413 -0.1319403 0.9837534 0 0.9925152 -0.006569385 0.1219445 0 0 0 0 1</float_array>
        <technique_common>
          <accessor source="#node-Bip01_Pelvis_matrix-output-array" count="11" stride="16">
            <param name="TRANSFORM" type="float4x4"/>
          </accessor>
        </technique_common>
      </source>
      <source id="node-Bip01_Pelvis_matrix-interpolation">
        <Name_array id="node-Bip01_Pelvis_matrix-interpolation-array" count="11">LINEAR LINEAR LINEAR LINEAR LINEAR LINEAR LINEAR LINEAR LINEAR LINEAR LINEAR</Name_array>
        <technique_common>
          <accessor source="#node-Bip01_Pelvis_matrix-interpolation-array" count="11" stride="1">
            <param name="INTERPOLATION" type="name"/>
          </accessor>
        </technique_common>
      </source>
      <source id="node-Bip01_Spine_matrix-input">
        <float_array id="node-Bip01_Spine_matrix-input-array" count="11">30 30.03333 30.06667 30.1 30.13333 30.16667 30.2 30.23333 30.26667 30.3 30.33333</float_array>
        <technique_common>
          <accessor source="#node-Bip01_Spine_matrix-input-array" count="11" stride="1">
            <param name="TIME" type="float"/>
          </accessor>
        </technique_common>
      </source>
      <source id="node-Bip01_Spine_matrix-output">
        <float_array id="node-Bip01_Spine_matrix-output-array" count="176">0.9142389 -0.1596023 -0.3724171 0.1975123 0.1756539 0.9844078 0.009333312 0.02499341 0.3651207 -0.07394945 0.9280187 0.02780967 0 0 0 1 0.9142667 -0.1599635 -0.3721936 0.1975103 0.1757783 0.9843913 0.008709371 0.02504748 0.364991 -0.07338643 0.9281142 0.02777481 0 0 0 1 0.9143216 -0.1606777 -0.3717509 0.1975063 0.1760243 0.9843575 0.007474303 0.02515447 0.3647348 -0.0722711 0.9283025 0.02770584 0 0 0 1 0.9143624 -0.1612111 -0.3714194 0.1975034 0.176208 0.9843311 0.006550192 0.02523446 0.3645437 -0.07143652 0.9284421 0.02765446 0 0 0 1 0.9143491 -0.1610366 -0.3715279 0.1975043 0.1761479 0.9843398 0.006852567 0.02520829 0.3646063 -0.07170969 0.9283965 0.02767127 0 0 0 1 0.9142389 -0.1596023 -0.3724171 0.1975123 0.1756539 0.9844078 0.009333312 0.02499341 0.3651207 -0.07394945 0.9280187 0.02780967 0 0 0 1 0.9142667 -0.1599635 -0.3721936 0.1975103 0.1757783 0.9843913 0.008709371 0.02504748 0.364991 -0.07338643 0.9281142 0.02777481 0 0 0 1 0.9143216 -0.1606777 -0.3717509 0.1975063 0.1760243 0.9843575 0.007474303 0.02515447 0.3647348 -0.0722711 0.9283025 0.02770584 0 0 0 1 0.9143624 -0.1612111 -0.3714194 0.1975034 0.176208 0.9843311 0.006550192 0.02523446 0.3645437 -0.07143652 0.9284421 0.02765446 0 0 0 1 0.9143491 -0.1610366 -0.3715279 0.1975043 0.1761479 0.9843398 0.006852567 0.02520829 0.3646063 -0.07170969 0.9283965 0.02767127 0 0 0 1 0.9142389 -0.1596023 -0.3724171 0.1975123 0.1756539 0.9844078 0.009333312 0.02499341 0.3651207 -0.07394945 0.9280187 0.02780967 0 0 0 1</float_array>
        <technique_common>
          <accessor source="#node-Bip01_Spine_matrix-output-array" count="11" stride="16">
            <param name="TRANSFORM" type="float4x4"/>
          </accessor>
        </technique_common>
      </source>
      <source id="node-Bip01_Spine_matrix-interpolation">
        <Name_array id="node-Bip01_Spine_matrix-interpolation-array" count="11">LINEAR LINEAR LINEAR LINEAR LINEAR LINEAR LINEAR LINEAR LINEAR LINEAR LINEAR</Name_array>
        <technique_common>
          <accessor source="#node-Bip01_Spine_matrix-interpolation-array" count="11" stride="1">
            <param name="INTERPOLATION" type="name"/>
          </accessor>
        </technique_common>
      </source>
      <source id="node-Bip01_Neck_matrix-input">
        <float_array id="node-Bip01_Neck_matrix-input-array" count="11">30 30.03333 30.06667 30.1 30.13333 30.16667 30.2 30.23333 30.26667 30.3 30.33333</float_array>
        <technique_common>
          <accessor source="#node-Bip01_Neck_matrix-input-array" count="11" stride="1">
            <param name="TIME" type="float"/>
          </accessor>
        </technique_common>
      </source>
      <source id="node-Bip01_Neck_matrix-output">
        <float_array id="node-Bip01_Neck_matrix-output-array" count="176">0.9240022 -0.1965201 0.3280243 0.215094 0.1639443 0.9785863 0.1244633 -5.39124e-5 -0.3454595 -0.0612266 0.9364342 3.36766e-6 0 0 0 1 0.922951 -0.2011445 0.3281807 0.2150945 0.1688228 0.9777535 0.124488 -5.38528e-5 -0.3459197 -0.05949199 0.9363762 3.30806e-6 0 0 0 1 0.919895 -0.2142538 0.3284639 0.2150951 0.1826796 0.9752534 0.1245362 -5.37634e-5 -0.3470178 -0.0545566 0.9362704 2.98023e-6 0 0 0 1 0.9147948 -0.2348203 0.3286488 0.2150962 0.204469 0.9709132 0.12458 -5.34654e-5 -0.3483434 -0.04676663 0.9361997 2.6226e-6 0 0 0 1 0.9074384 -0.2619293 0.3285555 0.2150977 0.2332643 0.9644002 0.1245807 -5.31673e-5 -0.3494903 -0.03640908 0.9362324 1.99676e-6 0 0 0 1 0.8975148 -0.2947333 0.328024 0.2150996 0.2682157 0.9552851 0.124463 -5.26607e-5 -0.3500398 -0.02372628 0.9364344 1.3411e-6 0 0 0 1 0.8847678 -0.3316606 0.3273949 0.2151017 0.3076378 0.9433537 0.12427 -5.20051e-5 -0.3500645 -0.00923115 0.9366803 5.36442e-7 0 0 0 1 0.8702139 -0.3683165 0.3272171 0.2151037 0.3467906 0.9296849 0.1241874 -5.126e-5 -0.3499488 0.00540626 0.9367533 -3.27826e-7 0 0 0 1 0.8560244 -0.4000017 0.3274466 0.2151054 0.3806545 0.9163322 0.1242489 -5.04851e-5 -0.3497496 0.0182839 0.9366649 -1.01328e-6 0 0 0 1 0.8450884 -0.4223195 0.3278295 0.2151066 0.4045215 0.9060302 0.1243872 -4.99189e-5 -0.3495543 0.02749586 0.9365127 -1.46031e-6 0 0 0 1 0.8407082 -0.4308254 0.3280237 0.2151072 0.4136219 0.9019015 0.124463 -4.97103e-5 -0.3494668 0.03104072 0.9364345 -1.69873e-6 0 0 0 1</float_array>
        <technique_common>
          <accessor source="#node-Bip01_Neck_matrix-output-array" count="11" stride="16">
            <param name="TRANSFORM" type="float4x4"/>
          </accessor>
        </technique_common>
      </source>
      <source id="node-Bip01_Neck_matrix-interpolation">
        <Name_array id="node-Bip01_Neck_matrix-interpolation-array" count="11">LINEAR LINEAR LINEAR LINEAR LINEAR LINEAR LINEAR LINEAR LINEAR LINEAR LINEAR</Name_array>
        <technique_common>
          <accessor source="#node-Bip01_Neck_matrix-interpolation-array" count="11" stride="1">
            <param name="INTERPOLATION" type="name"/>
          </accessor>
        </technique_common>
      </source>
      <source id="node-Bip01_Head_matrix-input">
        <float_array id="node-Bip01_Head_matrix-input-array" count="11">30 30.03333 30.06667 30.1 30.13333 30.16667 30.2 30.23333 30.26667 30.3 30.33333</float_array>
        <technique_common>
          <accessor source="#node-Bip01_Head_matrix-input-array" count="11" stride="1">
            <param name="TIME" type="float"/>
          </accessor>
        </technique_common>
      </source>
      <source id="node-Bip01_Head_matrix-output">
        <float_array id="node-Bip01_Head_matrix-output-array" count="176">0.7834033 0.3850439 -0.4878733 0.07051813 -0.4782695 -0.1278206 -0.8688614 -0.01395916 -0.3969103 0.9140039 0.0840196 0 0 0 0 1 0.7954688 0.3602588 -0.487281 0.07051825 -0.4870653 -0.09832787 -0.8678128 -0.01395916 -0.3605505 0.9276559 0.09725272 0 0 0 0 1 0.8217783 0.2892664 -0.4909226 0.07051801 -0.506124 -0.02523058 -0.8620915 -0.0139591 -0.2617604 0.956916 0.1256706 0 0 0 0 1 0.8439205 0.1758909 -0.5068141 0.07051825 -0.5239952 0.06772851 -0.8490242 -0.01395916 -0.1150097 0.982077 0.1493235 0 0 0 0 1 0.8439793 0.03406953 -0.5352928 0.07051825 -0.5332893 0.1602085 -0.8306236 -0.01395916 0.05745947 0.986495 0.1533815 0 0 0 0 1 0.8154672 -0.1078992 -0.5686572 0.07051837 -0.5332087 0.2421659 -0.8105826 -0.01395922 0.2251705 0.9642165 0.1399455 0 0 0 0 1 0.7689089 -0.2194447 -0.600519 0.07051813 -0.5262407 0.3162121 -0.7893544 -0.0139591 0.3631111 0.9229592 0.1276575 0 0 0 0 1 0.7182499 -0.2956584 -0.629844 0.07051825 -0.51414 0.3843951 -0.7667468 -0.01395916 0.4688041 0.8745436 0.1240819 0 0 0 0 1 0.674475 -0.3404016 -0.6551414 0.07051813 -0.4995915 0.4429175 -0.744468 -0.01395916 0.5435916 0.829428 0.128675 0 0 0 0 1 0.6454684 -0.3604786 -0.6733689 0.07051825 -0.4871209 0.4847577 -0.7264455 -0.01395922 0.5882889 0.7969099 0.1372991 0 0 0 0 1 0.6354455 -0.3649967 -0.680431 0.07051813 -0.4819583 0.5009902 -0.7188357 -0.01395916 0.6032621 0.7847204 0.1424388 0 0 0 0 1</float_array>
        <technique_common>
          <accessor source="#node-Bip01_Head_matrix-output-array" count="11" stride="16">
            <param name="TRANSFORM" type="float4x4"/>
          </accessor>
        </technique_common>
      </source>
      <source id="node-Bip01_Head_matrix-interpolation">
        <Name_array id="node-Bip01_Head_matrix-interpolation-array" count="11">LINEAR LINEAR LINEAR LINEAR LINEAR LINEAR LINEAR LINEAR LINEAR LINEAR LINEAR</Name_array>
        <technique_common>
          <accessor source="#node-Bip01_Head_matrix-interpolation-array" count="11" stride="1">
            <param name="INTERPOLATION" type="name"/>
          </accessor>
        </technique_common>
      </source>
      <source id="node-ALTEYE_matrix-input">
        <float_array id="node-ALTEYE_matrix-input-array" count="11">30 30.03333 30.06667 30.1 30.13333 30.16667 30.2 30.23333 30.26667 30.3 30.33333</float_array>
        <technique_common>
          <accessor source="#node-ALTEYE_matrix-input-array" count="11" stride="1">
            <param name="TIME" type="float"/>
          </accessor>
        </technique_common>
      </source>
      <source id="node-ALTEYE_matrix-output">
        <float_array id="node-ALTEYE_matrix-output-array" count="176">0.009382486 -0.1786713 0.9838643 0.06454706 -0.004153788 0.9838922 0.1787161 0.221461 -0.9999476 -0.005763828 0.008489072 0.04716253 0 0 0 1 0.009036362 -0.1398865 0.9901266 0.06454694 0.009752631 0.9901322 0.1397984 0.221461 -0.9999117 0.008392632 0.0103113 0.04716253 0 0 0 1 0.01032269 -0.03601723 0.9992983 0.06454682 0.0386309 0.9986197 0.03559386 0.2214611 -0.9992004 0.03823596 0.01169967 0.04716253 0 0 0 1 0.015114 0.1141872 0.9933446 0.06454694 0.06066054 0.9915235 -0.1149007 0.2214611 -0.9980441 0.06199294 0.008059144 0.04716253 0 0 0 1 0.02113324 0.2845444 0.9584302 0.06454694 0.06144315 0.9564627 -0.2853149 0.2214611 -0.9978871 0.06491827 0.002729713 0.04716253 0 0 0 1 0.0252242 0.4437668 0.8957877 0.06454694 0.04412788 0.8947049 -0.4444732 0.2214611 -0.9987075 0.0507403 0.002985596 0.04716253 0 0 0 1 0.02923458 0.5695947 0.8214062 0.06454694 0.02707672 0.8210045 -0.5702799 0.221461 -0.999206 0.03891247 0.008578836 0.04716253 0 0 0 1 0.03431767 0.6621831 0.7485566 0.06454694 0.01807385 0.7484638 -0.6629299 0.2214611 -0.9992477 0.0362792 0.01371723 0.04716253 0 0 0 1 0.04068213 0.7253538 0.6871737 0.06454694 0.01746159 0.6871219 -0.7263328 0.2214611 -0.9990199 0.04154753 0.01528757 0.04716253 0 0 0 1 0.04727184 0.7620773 0.6457588 0.06454694 0.02211397 0.6455243 -0.7634197 0.221461 -0.9986373 0.05036813 0.01366245 0.04716253 0 0 0 1 0.05066829 0.7742123 0.6308952 0.06454694 0.02562248 0.630491 -0.775774 0.2214612 -0.998387 0.05547189 0.0121085 0.04716253 0 0 0 1</float_array>
        <technique_common>
          <accessor source="#node-ALTEYE_matrix-output-array" count="11" stride="16">
            <param name="TRANSFORM" type="float4x4"/>
          </accessor>
        </technique_common>
      </source>
      <source id="node-ALTEYE_matrix-interpolation">
        <Name_array id="node-ALTEYE_matrix-interpolation-array" count="11">LINEAR LINEAR LINEAR LINEAR LINEAR LINEAR LINEAR LINEAR LINEAR LINEAR LINEAR</Name_array>
        <technique_common>
          <accessor source="#node-ALTEYE_matrix-interpolation-array" count="11" stride="1">
            <param name="INTERPOLATION" type="name"/>
          </accessor>
        </technique_common>
      </source>
      <source id="node-Bip01_L_Clavicle_matrix-input">
        <float_array id="node-Bip01_L_Clavicle_matrix-input-array" count="11">30 30.03333 30.06667 30.1 30.13333 30.16667 30.2 30.23333 30.26667 30.3 30.33333</float_array>
        <technique_common>
          <accessor source="#node-Bip01_L_Clavicle_matrix-input-array" count="11" stride="1">
            <param name="TIME" type="float"/>
          </accessor>
        </technique_common>
      </source>
      <source id="node-Bip01_L_Clavicle_matrix-output">
        <float_array id="node-Bip01_L_Clavicle_matrix-output-array" count="176">-0.6318739 -0.2048873 0.7475004 -0.04212009 0.1231927 -0.9787166 -0.1641262 -0.02386766 0.7652183 -0.0116204 0.6436659 0.055884 0 0 0 1 -0.6313779 -0.2097849 0.7465605 -0.04224884 0.126359 -0.9776781 -0.1678656 -0.02365612 0.7651115 -0.01165205 0.6437924 0.05587691 0 0 0 1 -0.6297501 -0.2236711 0.7438991 -0.04259908 0.1353359 -0.9745942 -0.178466 -0.02305209 0.7649175 -0.01171272 0.6440215 0.05586409 0 0 0 1 -0.6267134 -0.2454581 0.7395814 -0.04311776 0.149416 -0.9693358 -0.1950973 -0.02209162 0.7647909 -0.01176476 0.6441711 0.05585533 0 0 0 1 -0.6219195 -0.2741777 0.7335142 -0.04375183 0.1679694 -0.9616071 -0.2170209 -0.02080088 0.7648546 -0.0117616 0.6440955 0.05585902 0 0 0 1 -0.6149641 -0.3089352 0.7255194 -0.04444813 0.1904204 -0.9510121 -0.243549 -0.01920002 0.7652186 -0.0116201 0.6436658 0.055884 0 0 0 1 -0.6060123 -0.3480662 0.7152616 -0.04516828 0.2157083 -0.9374006 -0.2734043 -0.01734387 0.7656494 -0.01139855 0.6431569 0.05591535 0 0 0 1 -0.5963155 -0.3869117 0.7033544 -0.04584395 0.2408361 -0.9220476 -0.3030288 -0.01544177 0.7657714 -0.01130753 0.6430135 0.05592507 0 0 0 1 -0.5872645 -0.4204964 0.6915947 -0.04639589 0.2625929 -0.907223 -0.3286209 -0.01374632 0.7656144 -0.01137948 0.6431992 0.05591398 0 0 0 1 -0.5805009 -0.4441593 0.6824524 -0.04676628 0.2779482 -0.8958736 -0.3466345 -0.01252162 0.765352 -0.01153522 0.6435085 0.05589419 0 0 0 1 -0.5778346 -0.4531803 0.6787746 -0.04690337 0.2838091 -0.8913432 -0.3534964 -0.01204764 0.7652187 -0.01161998 0.6436654 0.05588406 0 0 0 1</float_array>
        <technique_common>
          <accessor source="#node-Bip01_L_Clavicle_matrix-output-array" count="11" stride="16">
            <param name="TRANSFORM" type="float4x4"/>
          </accessor>
        </technique_common>
      </source>
      <source id="node-Bip01_L_Clavicle_matrix-interpolation">
        <Name_array id="node-Bip01_L_Clavicle_matrix-interpolation-array" count="11">LINEAR LINEAR LINEAR LINEAR LINEAR LINEAR LINEAR LINEAR LINEAR LINEAR LINEAR</Name_array>
        <technique_common>
          <accessor source="#node-Bip01_L_Clavicle_matrix-interpolation-array" count="11" stride="1">
            <param name="INTERPOLATION" type="name"/>
          </accessor>
        </technique_common>
      </source>
      <source id="node-Bip01_R_Clavicle_matrix-input">
