<?xml version="1.0" encoding="utf-8"?>
<COLLADA xmlns="http://www.collada.org/2005/11/COLLADASchema" version="1.4.1">
  <asset>
    <contributor>
      <author>MattO</author>
      <authoring_tool>OpenCOLLADA for 3ds Max;  Version: 1.3.0;  Revision: 839M;  Platform: x64;  Configuration: Release_Max2012</authoring_tool>
      <source_data>file:///C:/Dropbox/Prj/GGStout/Lurker/SoldierTP_Lurker_Animation_Master.max</source_data>
    </contributor>
    <created>2011-09-29T23:38:31</created>
    <modified>2011-09-29T23:38:31</modified>
    <unit name="meter" meter="1"/>
    <up_axis>Z_UP</up_axis>
  </asset>
  <library_effects>
    <effect id="ShapeBounds">
      <profile_COMMON>
        <technique sid="common">
          <blinn>
            <emission>
              <color>0 0 0 1</color>
            </emission>
            <ambient>
              <color>0.1647059 1 0 1</color>
            </ambient>
            <diffuse>
              <color>0.1647059 1 0 1</color>
            </diffuse>
            <specular>
              <color>0.9 0.9 0.9 1</color>
            </specular>
            <shininess>
              <float>10</float>
            </shininess>
            <reflective>
              <color>0 0 0 1</color>
            </reflective>
            <transparent opaque="A_ONE">
              <color>1 1 1 1</color>
            </transparent>
            <transparency>
              <float>1</float>
            </transparency>
          </blinn>
        </technique>
      </profile_COMMON>
      <extra>
        <technique profile="OpenCOLLADA3dsMax">
          <extended_shader>
            <apply_reflection_dimming>0</apply_reflection_dimming>
            <dim_level>0</dim_level>
            <falloff_type>0</falloff_type>
            <index_of_refraction>1.5</index_of_refraction>
            <opacity_type>0</opacity_type>
            <reflection_level>3</reflection_level>
            <wire_size>1</wire_size>
            <wire_units>0</wire_units>
          </extended_shader>
          <shader>
            <ambient_diffuse_lock>1</ambient_diffuse_lock>
            <ambient_diffuse_texture_lock>1</ambient_diffuse_texture_lock>
            <diffuse_specular_lock>0</diffuse_specular_lock>
            <soften>0.1</soften>
            <use_self_illum_color>0</use_self_illum_color>
          </shader>
        </technique>
      </extra>
    </effect>
  </library_effects>
  <library_materials>
    <material id="ShapeBounds-material" name="ShapeBounds">
      <instance_effect url="#ShapeBounds"/>
    </material>
  </library_materials>
  <library_geometries>
    <geometry id="geom-Bounds" name="Bounds">
      <mesh>
        <source id="geom-Bounds-positions">
          <float_array id="geom-Bounds-positions-array" count="24">-0.425 -0.425 0 0.425 -0.425 0 -0.425 0.425 0 0.425 0.425 0 -0.425 -0.425 1.84 0.425 -0.425 1.84 -0.425 0.425 1.84 0.425 0.425 1.84</float_array>
          <technique_common>
            <accessor source="#geom-Bounds-positions-array" count="8" stride="3">
              <param name="X" type="float"/>
              <param name="Y" type="float"/>
              <param name="Z" type="float"/>
            </accessor>
          </technique_common>
        </source>
        <source id="geom-Bounds-normals">
          <float_array id="geom-Bounds-normals-array" count="72">0 0 -1 0 0 -1 0 0 -1 0 0 -1 0 0 1 0 0 1 0 0 1 0 0 1 0 -1 0 0 -1 0 0 -1 0 0 -1 0 1 0 0 1 0 0 1 0 0 1 0 0 0 1 0 0 1 0 0 1 0 0 1 0 -1 0 0 -1 0 0 -1 0 0 -1 0 0</float_array>
          <technique_common>
            <accessor source="#geom-Bounds-normals-array" count="24" stride="3">
              <param name="X" type="float"/>
              <param name="Y" type="float"/>
              <param name="Z" type="float"/>
            </accessor>
          </technique_common>
        </source>
        <source id="geom-Bounds-map1">
          <float_array id="geom-Bounds-map1-array" count="36">0 0 0 1 0 0 0 1 0 1 1 0 0 0 0 1 0 0 0 1 0 1 1 0 0 0 0 1 0 0 0 1 0 1 1 0</float_array>
          <technique_common>
            <accessor source="#geom-Bounds-map1-array" count="12" stride="3">
              <param name="S" type="float"/>
              <param name="T" type="float"/>
              <param name="P" type="float"/>
            </accessor>
          </technique_common>
        </source>
        <vertices id="geom-Bounds-vertices">
          <input semantic="POSITION" source="#geom-Bounds-positions"/>
        </vertices>
        <triangles material="ShapeBounds" count="12">
          <input semantic="VERTEX" source="#geom-Bounds-vertices" offset="0"/>
          <input semantic="NORMAL" source="#geom-Bounds-normals" offset="1"/>
          <input semantic="TEXCOORD" source="#geom-Bounds-map1" offset="2" set="0"/>
          <p>0 0 9 2 1 11 3 2 10 3 2 10 1 3 8 0 0 9 4 4 8 5 5 9 7 6 11 7 6 11 6 7 10 4 4 8 0 8 4 1 9 5 5 10 7 5 10 7 4 11 6 0 8 4 1 12 0 3 13 1 7 14 3 7 14 3 5 15 2 1 12 0 3 16 4 2 17 5 6 18 7 6 18 7 7 19 6 3 16 4 2 20 0 0 21 1 4 22 3 4 22 3 6 23 2 2 20 0</p>
        </triangles>
      </mesh>
      <extra>
        <technique profile="OpenCOLLADA3dsMax">
          <max_box>
            <generateuvs>1</generateuvs>
            <height>1.84</height>
            <heightsegments>1</heightsegments>
            <length>0.85</length>
            <lengthsegments>1</lengthsegments>
            <width>0.85</width>
            <widthsegments>1</widthsegments>
          </max_box>
        </technique>
      </extra>
    </geometry>
  </library_geometries>
  <library_lights>
    <light id="EnvironmentAmbientLight" name="EnvironmentAmbientLight">
      <technique_common>
        <ambient>
          <color>0 0 0</color>
        </ambient>
      </technique_common>
    </light>
  </library_lights>
  <library_visual_scenes>
    <visual_scene id="MaxScene">
      <node name="EnvironmentAmbientLight">
        <instance_light url="#EnvironmentAmbientLight"/>
      </node>
      <node id="node-Bip01" name="Bip01">
        <matrix sid="matrix">0.7792372 -0.6267179 0.003750079 -8.10623e-5 0.6267184 0.7792449 0.00118307 0.009366653 -0.003663681 0.001428351 0.9999923 0.7990584 0 0 0 1</matrix>
        <node id="node-Bip01_Pelvis" name="Bip01_Pelvis">
          <matrix>-0.009626746 0.991236 0.1317525 0 -0.1217414 -0.1319404 0.9837535 0 0.9925151 -0.006569401 0.1219446 0 0 0 0 1</matrix>
          <node id="node-Bip01_Spine" name="Bip01_Spine">
            <matrix sid="matrix">0.9142386 -0.1596023 -0.3724171 0.1975123 0.1756539 0.9844077 0.009333465 0.02499345 0.3651207 -0.07394949 0.9280184 0.02780975 0 0 0 1</matrix>
            <node id="node-Bip01_Spine1" name="Bip01_Spine1">
              <matrix sid="matrix">0.9850425 0.02363078 -0.1706849 0.1022275 -0.01319326 0.9979874 0.06202855 -1.00851e-4 0.1718071 -0.0588489 0.9833716 5.91576e-6 0 0 0 1</matrix>
              <node id="node-Bip01_Spine2" name="Bip01_Spine2">
                <matrix sid="matrix">0.9369742 -0.3477308 -0.03409582 0.1269257 0.3490359 0.9270917 0.1366549 -1.58794e-4 -0.01590919 -0.1399426 0.9900317 2.39909e-5 0 0 0 1</matrix>
                <node id="node-Bip01_Neck" name="Bip01_Neck">
                  <matrix sid="matrix">0.959497 -0.1979795 0.2004234 0.2150942 0.1995493 0.9798075 0.0125479 -5.3972e-5 -0.1988605 0.02795471 0.979629 -1.49012e-6 0 0 0 1</matrix>
                  <node id="node-Bip01_Head" name="Bip01_Head">
                    <matrix sid="matrix">0.998835 0.02048385 -0.04369497 0.07051802 -0.04791212 0.3127184 -0.9486366 -0.01395905 -0.005767599 0.9496248 0.3133354 2.98023e-8 0 0 0 1</matrix>
                    <node id="node-ALTEYE" name="ALTEYE">
                      <matrix sid="matrix">0.4506332 0.3792481 0.8081471 0.06454682 0.0441276 0.8947047 -0.444474 0.2214611 -0.8916181 0.235956 0.3864482 0.04716253 0 0 0 1</matrix>
                    </node>
                  </node>
                  <node id="node-Bip01_L_Clavicle" name="Bip01_L_Clavicle">
                    <matrix sid="matrix">-0.504608 -0.222698 0.8341321 -0.03349626 0.2065506 -0.9692419 -0.1338172 -0.01777768 0.8382765 0.1047652 0.5350854 0.0634778 0 0 0 1</matrix>
                    <node id="node-Bip01_L_UpperArm" name="Bip01_L_UpperArm">
                      <matrix sid="matrix">0.8909778 0.4284351 0.1503387 0.1824007 -0.303425 0.3155084 0.8991038 -2.98023e-8 0.3377746 -0.846698 0.4111089 -5.96046e-8 0 0 0 1</matrix>
                      <node id="node-Bip01_L_Forearm" name="Bip01_L_Forearm">
                        <matrix sid="matrix">0.3454963 0.9384202 -2.98023e-8 0.284369 -0.9384201 0.3454964 0 0 0 -5.96046e-8 0.9999999 5.96046e-8 0 0 0 1</matrix>
                        <node id="node-Bip01_L_Hand" name="Bip01_L_Hand">
                          <matrix sid="matrix">0.9513592 0.241855 -0.190845 0.281068 0.1384708 -0.8890384 -0.4363905 5.96046e-8 -0.2752118 0.3887375 -0.8792847 -5.96046e-8 0 0 0 1</matrix>
                          <node id="node-Bip01_L_Finger0" name="Bip01_L_Finger0">
                            <matrix sid="matrix">0.6413841 0.3141904 0.6999363 0.02119666 0.7352949 0.008702919 -0.6776914 -0.004734397 -0.2190156 0.9493201 -0.2254407 -0.02572185 0 0 0 1</matrix>
                            <node id="node-Bip01_L_Finger01" name="Bip01_L_Finger01">
                              <matrix sid="matrix">0.9975643 -0.06975646 0 0.04982865 0.06975643 0.9975642 -3.63216e-8 -5.96046e-8 2.98023e-8 -7.82311e-8 1 5.96046e-8 0 0 0 1</matrix>
                              <node id="node-Bip01_L_Finger02" name="Bip01_L_Finger02">
                                <matrix sid="matrix">0.9203137 0.3911815 -2.98023e-8 0.05202234 -0.3911815 0.9203137 -4.09782e-8 2.98023e-8 -2.98023e-8 -1.49012e-8 1 0 0 0 0 1</matrix>
                              </node>
                            </node>
                          </node>
                          <node id="node-Bip01_L_Finger1" name="Bip01_L_Finger1">
                            <matrix sid="matrix">0.9592718 -0.2819768 -0.01693499 0.1199946 0.2798395 0.9567646 -0.07931919 -0.008367538 0.03856901 0.07134949 0.9967055 -0.0410139 0 0 0 1</matrix>
                            <node id="node-Bip01_L_Finger11" name="Bip01_L_Finger11">
                              <matrix sid="matrix">0.7001771 -0.7139692 -2.98023e-8 0.03644168 0.7139691 0.7001771 1.49012e-8 0 0 8.9407e-8 1 -5.96046e-8 0 0 0 1</matrix>
                              <node id="node-Bip01_L_Finger12" name="Bip01_L_Finger12">
                                <matrix sid="matrix">0.8757258 -0.4828088 1.49012e-8 0.03117526 0.4828088 0.8757259 1.11759e-8 -2.98023e-8 2.98023e-8 -1.11759e-8 1 5.96046e-8 0 0 0 1</matrix>
                              </node>
                            </node>
                          </node>
                          <node id="node-Bip01_L_Finger2" name="Bip01_L_Finger2">
                            <matrix sid="matrix">0.6611332 -0.7495596 -0.03260923 0.1229537 0.7489769 0.656822 0.08728344 -0.008802295 -0.04400574 -0.08212952 0.9956497 -0.01328254 0 0 0 1</matrix>
                            <node id="node-Bip01_L_Finger21" name="Bip01_L_Finger21">
                              <matrix sid="matrix">0.8156036 -0.5786111 1.86265e-9 0.03895533 0.5786111 0.8156037 -6.51926e-9 5.96046e-8 1.86265e-9 8.31205e-8 1 5.96046e-8 0 0 0 1</matrix>
                              <node id="node-Bip01_L_Finger22" name="Bip01_L_Finger22">
                                <matrix sid="matrix">0.9762962 -0.2164397 0 0.03800547 0.2164397 0.9762962 -4.09782e-8 0 2.04891e-8 3.0268e-8 1 0 0 0 0 1</matrix>
                              </node>
                            </node>
                          </node>
                          <node id="node-Bip01_L_Finger3" name="Bip01_L_Finger3">
                            <matrix sid="matrix">0.412463 -0.906479 -0.09038849 0.1211881 0.9061533 0.3980612 0.1429456 -0.001191318 -0.09359708 -0.1408656 0.9855945 0.01196867 0 0 0 1</matrix>
                            <node id="node-Bip01_L_Finger31" name="Bip01_L_Finger31">
                              <matrix sid="matrix">0.9381479 -0.3462352 1.86265e-9 0.03155828 0.3462351 0.9381478 2.04891e-8 2.98023e-8 2.79397e-8 5.3551e-9 1 0 0 0 0 1</matrix>
                              <node id="node-Bip01_L_Finger32" name="Bip01_L_Finger32">
                                <matrix sid="matrix">0.9636304 -0.2672384 1.86265e-9 0.03366625 0.2672384 0.9636305 2.95695e-8 -5.96046e-8 7.45058e-9 1.35973e-7 1 -5.96046e-8 0 0 0 1</matrix>
                              </node>
                            </node>
                          </node>
                          <node id="node-Bip01_L_Finger4" name="Bip01_L_Finger4">
                            <matrix sid="matrix">0.07120569 -0.9696807 0.2337719 0.1136796 0.9750155 0.1171045 0.1887628 0.005147517 -0.2104155 0.2144902 0.953792 0.03886575 0 0 0 1</matrix>
                            <node id="node-Bip01_L_Finger41" name="Bip01_L_Finger41">
                              <matrix sid="matrix">0.9790112 -0.2038069 -2.98023e-8 0.03661621 0.2038069 0.9790112 -1.49012e-8 -5.96046e-8 1.49012e-8 9.68575e-8 1 1.49012e-8 0 0 0 1</matrix>
                              <node id="node-Bip01_L_Finger42" name="Bip01_L_Finger42">
                                <matrix sid="matrix">0.9645151 0.2640273 -1.49012e-8 0.0177263 -0.2640274 0.9645152 1.11759e-8 1.19209e-7 0 -2.7474e-8 0.9999999 1.49012e-8 0 0 0 1</matrix>
                              </node>
                            </node>
                          </node>
                        </node>
                      </node>
                    </node>
                  </node>
                  <node id="node-Bip01_R_Clavicle" name="Bip01_R_Clavicle">
                    <matrix sid="matrix">-0.05938536 -0.06493062 -0.9961212 -0.006312966 0.5320505 -0.8463879 0.02345157 -0.02159852 -0.8446275 -0.528594 0.08480947 -0.07043225 0 0 0 1</matrix>
                    <node id="node-Bip01_R_UpperArm" name="Bip01_R_UpperArm">
                      <matrix sid="matrix">0.3443679 0.9301507 -0.1273972 0.1824006 -0.8986168 0.3658587 0.242147 -5.96046e-8 0.2718424 0.03109358 0.9618393 1.19209e-7 0 0 0 1</matrix>
                      <node id="node-Bip01_R_Forearm" name="Bip01_R_Forearm">
                        <matrix sid="matrix">-0.07265091 0.9973575 5.96046e-8 0.2843689 -0.9973575 -0.0726509 -7.45058e-9 1.49012e-8 5.58794e-8 0 1 0 0 0 0 1</matrix>
                        <node id="node-Bip01_R_Hand" name="Bip01_R_Hand">
                          <matrix sid="matrix">0.92479 0.3771953 -0.04987317 0.2810681 0.2033494 -0.6007847 -0.7731152 5.96046e-8 -0.3215784 0.7048274 -0.6323021 1.19209e-7 0 0 0 1</matrix>
                          <node id="node-Bip01_R_Finger0" name="Bip01_R_Finger0">
                            <matrix>0.5215107 0.269013 -0.8097276 0.02119678 0.7250716 0.3605265 0.5867638 -0.004734308 0.4497753 -0.893114 -0.00703546 0.02572191 0 0 0 1</matrix>
                            <node id="node-Bip01_R_Finger01" name="Bip01_R_Finger01">
                              <matrix>0.6423534 -0.7636236 0.06527571 0.04982865 0.7605614 0.6456372 0.06854744 -1.19209e-7 -0.09448875 0.005614487 0.9955101 5.96046e-8 0 0 0 1</matrix>
                              <node id="node-Bip01_R_Finger02" name="Bip01_R_Finger02">
                                <matrix>0.9505157 -0.3106765 5.58794e-9 0.05202234 0.3106765 0.9505157 7.45058e-9 0 -5.21541e-8 -2.23517e-8 0.9999999 0 0 0 0 1</matrix>
                              </node>
                            </node>
                          </node>
                          <node id="node-Bip01_R_Finger1" name="Bip01_R_Finger1">
                            <matrix>0.9820225 -0.1733427 -0.07472672 0.1199946 0.1795577 0.9799358 0.08651489 -0.008367568 0.05823065 -0.09837734 0.9934441 0.04101384 0 0 0 1</matrix>
                            <node id="node-Bip01_R_Finger11" name="Bip01_R_Finger11">
                              <matrix>0.8240547 -0.5665103 3.72529e-9 0.03644177 0.5665103 0.8240548 -1.49012e-8 -5.96046e-8 9.31323e-9 7.45058e-9 1 -1.19209e-7 0 0 0 1</matrix>
                              <node id="node-Bip01_R_Finger12" name="Bip01_R_Finger12">
                                <matrix>0.8146398 -0.5796778 0.01831834 0.03117546 0.5799671 0.8142334 -0.02573048 0 -7.45058e-9 0.03158513 0.9995011 0 0 0 0 1</matrix>
                              </node>
                            </node>
                          </node>
                          <node id="node-Bip01_R_Finger2" name="Bip01_R_Finger2">
                            <matrix>0.6754014 -0.7374504 -1.52119e-4 0.1229538 0.7368312 0.6748428 -0.04082685 -0.008802086 0.03021043 0.02746242 0.9991661 0.0132823 0 0 0 1</matrix>
                            <node id="node-Bip01_R_Finger21" name="Bip01_R_Finger21">
                              <matrix>0.5508358 -0.8338859 -0.0348487 0.03895518 0.832222 0.5519371 -0.05265062 5.96046e-8 0.0631389 -9.31323e-9 0.9980047 1.19209e-7 0 0 0 1</matrix>
                              <node id="node-Bip01_R_Finger22" name="Bip01_R_Finger22">
                                <matrix>0.1984734 -0.9799247 0.01886613 0.0380054 0.9755273 0.199368 0.09272985 2.98023e-8 -0.09462959 0 0.9955127 0 0 0 0 1</matrix>
                              </node>
                            </node>
                          </node>
                          <node id="node-Bip01_R_Finger3" name="Bip01_R_Finger3">
                            <matrix>0.7159052 -0.6949216 0.06755454 0.1211881 0.6883786 0.6863562 -0.234627 -0.001191258 0.1166809 0.2144738 0.9697353 -0.01196849 0 0 0 1</matrix>
                            <node id="node-Bip01_R_Finger31" name="Bip01_R_Finger31">
                              <matrix>0.4441952 -0.8949345 0.04222351 0.03155848 0.8909184 0.4461976 0.08468726 -7.45058e-8 -0.09462959 2.84053e-8 0.9955126 0 0 0 0 1</matrix>
                              <node id="node-Bip01_R_Finger32" name="Bip01_R_Finger32">
                                <matrix>0.1993681 -0.9794357 -0.03095104 0.03366597 0.9799247 0.1992686 0.006297078 2.98023e-8 -1.67638e-8 -0.03158511 0.999501 0 0 0 0 1</matrix>
                              </node>
                            </node>
                          </node>
                          <node id="node-Bip01_R_Finger4" name="Bip01_R_Finger4">
                            <matrix>0.5925791 -0.789795 -0.1583476 0.1136796 0.7783521 0.6120424 -0.1399001 0.005147398 0.2074078 -0.0403483 0.9774222 -0.03886569 0 0 0 1</matrix>
                            <node id="node-Bip01_R_Finger41" name="Bip01_R_Finger41">
                              <matrix>0.4202555 -0.9064696 0.0412062 0.03661615 0.906853 0.421151 0.01578782 5.96046e-8 -0.03166521 0.03073308 0.9990258 -2.38419e-7 0 0 0 1</matrix>
                              <node id="node-Bip01_R_Finger42" name="Bip01_R_Finger42">
                                <matrix>0.402447 -0.9138246 -0.05441485 0.01772627 0.915423 0.4021218 0.01728317 -5.96046e-8 0.006087586 -0.05676818 0.9983689 1.19209e-7 0 0 0 1</matrix>
                              </node>
                            </node>
                          </node>
                          <node id="node-MOUNT0" name="MOUNT0">
                            <matrix>-6.21305e-7 1 9.31323e-10 0.109539 -1 -6.51729e-7 4.76837e-7 0.02518257 4.787e-7 4.88944e-9 1 0.01321661 0 0 0 1</matrix>
                          </node>
                        </node>
                      </node>
                    </node>
                  </node>
                </node>
                <node id="node-Bip01_L_Pauldron_Upper" name="Bip01_L_Pauldron_Upper">
                  <matrix sid="matrix">0.9726267 0.1182923 0.2000106 0.1769029 0.1448455 -0.981683 -0.1237686 -0.03908369 0.1817061 0.1493513 -0.971945 0.2290199 0 0 0 1</matrix>
                </node>
                <node id="node-Bip01_R_Pauldron_Lower" name="Bip01_R_Pauldron_Lower">
                  <matrix sid="matrix">-0.1156724 -0.9403759 -0.3198653 0.1729059 0.909775 -0.2295502 0.3458563 -0.1133294 -0.3986599 -0.2509995 0.8820827 -0.2351094 0 0 0 1</matrix>
                </node>
                <node id="node-Bip01_L_Pauldron_Lower" name="Bip01_L_Pauldron_Lower">
                  <matrix sid="matrix">-0.2099967 -0.76872 0.6041284 0.1529202 0.4002343 -0.6313505 -0.6642357 -0.1054225 0.8920279 0.1023054 0.4402497 0.2344802 0 0 0 1</matrix>
                </node>
              </node>
            </node>
            <node id="node-Bip01_L_Thigh" name="Bip01_L_Thigh">
              <matrix sid="matrix">-0.4488796 0.8921273 -0.05115211 -0.1485698 0.5193911 0.3070593 0.7974632 -4.51207e-4 0.7271451 0.3313969 -0.6011956 0.1658256 0 0 0 1</matrix>
              <node id="node-Bip01_L_Calf" name="Bip01_L_Calf">
                <matrix sid="matrix">0.4033999 0.9150239 -5.58794e-9 0.4629988 -0.9150237 0.4034001 1.86265e-9 0 -4.84288e-8 -6.51926e-8 1 -1.49012e-8 0 0 0 1</matrix>
                <node id="node-Bip01_L_Foot" name="Bip01_L_Foot">
                  <matrix sid="matrix">0.9319368 -0.3536364 -0.08022057 0.3610502 0.3615588 0.9231046 0.1309703 4.47035e-8 0.02773605 -0.1510603 0.9881355 1.49012e-8 0 0 0 1</matrix>
                  <node id="node-Bip01_L_Toe0" name="Bip01_L_Toe0">
                    <matrix sid="matrix">2.3446e-7 -1 1.75089e-6 0.1486307 1 2.34926e-7 7.96605e-7 0.1543275 -7.96739e-7 1.75182e-6 1 -3.72529e-9 0 0 0 1</matrix>
                  </node>
                </node>
              </node>
            </node>
            <node id="node-Bip01_R_Thigh" name="Bip01_R_Thigh">
              <matrix sid="matrix">-0.9150354 0.3601459 0.1816736 -0.2416654 0.4023435 0.8470566 0.3472968 0.01840352 -0.02881038 0.3908841 -0.919989 -0.07079415 0 0 0 1</matrix>
              <node id="node-Bip01_R_Calf" name="Bip01_R_Calf">
                <matrix sid="matrix">0.4439717 0.8960411 -2.98023e-8 0.4629988 -0.8960409 0.4439716 -2.23517e-8 -7.45058e-9 -5.96046e-8 -5.96046e-8 1 2.98023e-8 0 0 0 1</matrix>
                <node id="node-Bip01_R_Foot" name="Bip01_R_Foot">
                  <matrix sid="matrix">0.6470342 -0.7363961 0.1976543 0.36105 0.7123587 0.6762722 0.1876188 -1.49012e-8 -0.2718298 0.01940504 0.9621496 0 0 0 0 1</matrix>
                  <node id="node-Bip01_R_Toe0" name="Bip01_R_Toe0">
                    <matrix sid="matrix">-0.180581 -0.9786913 0.09774452 0.1486307 0.9833316 -0.1817881 -0.003513807 0.1543274 0.02120769 0.09548073 0.9952055 2.98023e-8 0 0 0 1</matrix>
                  </node>
                </node>
              </node>
            </node>
          </node>
          <node id="node-Bip01_FannyPack" name="Bip01_FannyPack">
            <matrix sid="matrix">-0.9629917 -0.2062316 0.1735378 0.2299506 -0.2083318 0.9780383 0.006227012 -0.1378937 -0.1710108 -0.0301569 -0.9848074 0.01013964 0 0 0 1</matrix>
          </node>
        </node>
        <node id="node-EYE" name="EYE">
          <matrix sid="matrix">0.7792374 0.6267183 -0.003663718 0.05939493 -0.6267179 0.7792448 0.001428381 0.07235023 0.003750126 0.001182891 0.999992 0.7713364 0 0 0 1</matrix>
          <node id="node-CAM" name="CAM">
            <matrix>1 -6.03104e-8 3.55271e-15 4.84288e-8 6.03104e-8 1 -2.32831e-9 -0.104 -3.55271e-15 2.32832e-9 1 0.3005601 0 0 0 1</matrix>
          </node>
        </node>
      </node>
      <node id="node-Bounds" name="Bounds">
        <matrix>0.9999915 0.001706907 0.003750479 0 -0.001711356 0.9999978 0.001183292 0.1035326 -0.003748452 -0.0011897 0.9999923 -8.93474e-5 0 0 0 1</matrix>
        <instance_geometry url="#geom-Bounds">
          <bind_material>
            <technique_common>
              <instance_material symbol="ShapeBounds" target="#ShapeBounds-material"/>
            </technique_common>
          </bind_material>
        </instance_geometry>
      </node>
    </visual_scene>
  </library_visual_scenes>
  <library_animations>
    <animation>
      <source id="node-Bip01_matrix-input">
        <float_array id="node-Bip01_matrix-input-array" count="71">67.33334 67.36667 67.4 67.43333 67.46667 67.5 67.53333 67.56667 67.6 67.63333 67.66666 67.7 67.73333 67.76667 67.8 67.83334 67.86667 67.9 67.93333 67.96667 68 68.03333 68.06667 68.1 68.13333 68.16666 68.2 68.23333 68.26667 68.3 68.33334 68.36667 68.4 68.43333 68.46667 68.5 68.53333 68.56667 68.6 68.63333 68.66666 68.7 68.73333 68.76667 68.8 68.83334 68.86667 68.9 68.93333 68.96667 69 69.03333 69.06667 69.1 69.13333 69.16666 69.2 69.23333 69.26667 69.3 69.33334 69.36667 69.4 69.43333 69.46667 69.5 69.53333 69.56667 69.6 69.63333 69.66666</float_array>
        <technique_common>
          <accessor source="#node-Bip01_matrix-input-array" count="71" stride="1">
            <param name="TIME" type="float"/>
          </accessor>
        </technique_common>
      </source>
      <source id="node-Bip01_matrix-output">
        <float_array id="node-Bip01_matrix-output-array" count="1136">0.7792372 -0.6267179 0.003750026 -8.10623e-5 0.6267184 0.7792449 0.001183032 0.009366631 -0.003663659 0.001428306 0.9999923 0.7990584 0 0 0 1 0.7793015 -0.626638 0.003752291 -8.10623e-5 0.6266467 0.7793013 -0.001846075 0.01049321 -0.001767277 0.00379002 0.9999912 0.8061832 0 0 0 1 0.7794499 -0.6264532 0.003756105 -8.10623e-5 0.626456 0.7793939 -0.009904861 0.01348507 0.00327742 0.01007336 0.9999439 0.8189368 0 0 0 1 0.7796062 -0.6262589 0.003755569 -8.10623e-5 0.6261814 0.7793807 -0.0215069 0.0177896 0.01054185 0.0191186 0.9997617 0.8355355 0 0 0 1 0.7797033 -0.6261379 0.003750205 -8.10623e-5 0.6258569 0.7791425 -0.03521472 0.02287381 0.0191273 0.02980411 0.9993727 0.8542569 0 0 0 1 0.7797034 -0.6261379 0.00374329 -8.10623e-5 0.6255159 0.7786321 -0.04961812 0.02821642 0.02815312 0.04102891 0.9987612 0.8734141 0 0 0 1 0.7796062 -0.6262589 0.003739356 -8.10623e-5 0.6251911 0.777899 -0.06331777 0.03329998 0.03674441 0.05170071 0.9979864 0.89133 0 0 0 1 0.7794499 -0.6264533 0.003741145 -8.10623e-5 0.6249161 0.77709 -0.0749067 0.03760319 0.04401832 0.06072396 0.9971835 0.9063125 0 0 0 1 0.7793012 -0.6266384 0.003747224 -8.10623e-5 0.6247252 0.776426 -0.08295297 0.0405932 0.04907202 0.06698638 0.9965464 0.9166302 0 0 0 1 0.779237 -0.6267182 0.003750383 -8.10623e-5 0.6246531 0.7761549 -0.08597677 0.04171723 0.05097228 0.06933903 0.9962901 0.9204844 0 0 0 1 0.772799 -0.6344062 0.01762348 -8.10623e-5 0.6340821 0.7706333 -0.06374961 0.03955054 0.02686184 0.06044036 0.9978103 0.9074918 0 0 0 1 0.7532281 -0.6558584 0.04997271 -8.10623e-5 0.6570337 0.7537904 -0.01033294 0.03342688 -0.03089201 0.04061686 0.9986971 0.875309 0 0 0 1 0.7207471 -0.6877177 0.08699357 -8.10623e-5 0.6858323 0.7256971 0.05475211 0.02385824 -0.100785 0.02020055 0.9947031 0.8336889 0 0 0 1 0.6809962 -0.7227112 0.1180363 -8.10623e-5 0.7135948 0.6911224 0.1145964 0.01130121 -0.1643976 0.006190299 0.9863747 0.7920687 0 0 0 1 0.645899 -0.7508854 0.1377876 -8.10623e-5 0.7343254 0.6604324 0.1568289 -0.003826856 -0.20876 -1.1465e-4 0.9779669 0.7598859 0 0 0 1 0.6307776 -0.7623497 0.1447155 -8.10623e-5 0.7425075 0.6471635 0.172806 -0.02113467 -0.2253932 -0.00154978 0.9742667 0.7468933 0 0 0 1 0.6472428 -0.7478635 0.1475704 -0.002508044 0.7269176 0.6638201 0.1758797 -0.03977161 -0.2294942 -0.006565332 0.9732879 0.7466003 0 0 0 1 0.6889633 -0.708054 0.1548845 -0.008855462 0.6843506 0.7058773 0.1827605 -0.05858355 -0.2387338 -0.01991999 0.9708808 0.7460688 0 0 0 1 0.7440229 -0.6475476 0.1646577 -0.01777589 0.6203873 0.7610303 0.1896117 -0.07675701 -0.2480921 -0.03892391 0.9679542 0.7458067 0 0 0 1 0.8014618 -0.5720695 0.1743427 -0.02797079 0.5418953 0.8179947 0.1929616 -0.09349203 -0.2529989 -0.06017583 0.9655933 0.7463129 0 0 0 1 0.8528037 -0.4899293 0.1808178 -0.03816562 0.458357 0.868128 0.190428 -0.1079868 -0.2502692 -0.07951861 0.9649053 0.748086 0 0 0 1 0.8929721 -0.4121994 0.1808106 -0.04708582 0.3817336 0.9063738 0.1810138 -0.1194232 -0.2384958 -0.09261876 0.9667169 0.7516344 0 0 0 1 0.920105 -0.3520867 0.1715859 -0.05343335 0.3255182 0.9310431 0.1649142 -0.1269512 -0.217818 -0.09588402 0.971268 0.757485 0 0 0 1 0.9338036 -0.3240606 0.1516432 -0.05586159 0.3036922 0.9419898 0.1429206 -0.1296722 -0.1891613 -0.08740693 0.9780481 0.7661981 0 0 0 1 0.932121 -0.3413651 0.1209139 -0.05475527 0.328377 0.9374864 0.1152724 -0.1147615 -0.1527051 -0.06774246 0.9859473 0.7791393 0 0 0 1 0.9144318 -0.3955988 0.08553427 -0.05220538 0.3889641 0.9173683 0.08451235 -0.07782721 -0.1118994 -0.04401099 0.9927445 0.7955008 0 0 0 1 0.8819471 -0.468368 0.05292224 -0.04932314 0.4657612 0.8832185 0.05469477 -0.03006231 -0.0723592 -0.02358871 0.9970996 0.8126962 0 0 0 1 0.840267 -0.5414734 0.02753251 -0.04719322 0.5407639 0.8406606 0.02939802 0.01770251 -0.03906381 -0.009813606 0.9991886 0.8282013 0 0 0 1 0.8008217 -0.5988006 0.01106888 -0.04691046 0.5987014 0.8008949 0.01113295 0.05463683 -0.01553142 -0.00228852 0.9998767 0.8394692 0 0 0 1 0.779237 -0.6267182 0.003750622 -0.04961633 0.6267186 0.7792447 0.001182317 0.06954753 -0.003663659 0.001429259 0.9999923 0.8438452 0 0 0 1 0.7747479 -0.6322661 0.002314209 -0.05365854 0.6322702 0.7747449 -0.002190709 0.06954753 -4.07831e-4 0.003160476 0.9999949 0.8430311 0 0 0 1 0.7726398 -0.6348447 -1.2345e-4 -0.05763959 0.634844 0.7726392 -0.00131452 0.06954753 9.29919e-4 9.37305e-4 0.9999991 0.8409019 0 0 0 1 0.7723643 -0.6351717 -0.003212928 -0.06141465 0.6351792 0.7723605 0.002572119 0.06954753 8.47827e-4 -0.004027426 0.9999915 0.8379095 0 0 0 1 0.773364 -0.6339282 -0.006563782 -0.06484061 0.6339622 0.7733192 0.008325874 0.06954753 -2.02067e-4 -0.01060014 0.9999438 0.8344897 0 0 0 1 0.7750862 -0.6317798 -0.009781599 -0.06777328 0.631853 0.7749464 0.0148307 0.06954753 -0.00178951 -0.01767563 0.9998422 0.8310699 0 0 0 1 0.7769871 -0.6293924 -0.01250088 -0.07006484 0.6295068 0.7767122 0.02096033 0.06954753 -0.003482639 -0.02415525 0.9997022 0.8280776 0 0 0 1 0.778529 -0.6274439 -0.01437819 -0.07156121 0.62759 0.7781249 0.02554404 0.06954753 -0.00483936 -0.02891039 0.9995703 0.8259484 0 0 0 1 0.7791677 -0.6266341 -0.01508015 -0.07209867 0.6267923 0.7787061 0.02735489 0.06954753 -0.005398452 -0.03076618 0.999512 0.8251338 0 0 0 1 0.7791685 -0.6266372 -0.0149095 -0.0721451 0.6267915 0.778715 0.02711802 0.06954753 -0.005382835 -0.03047472 0.999521 0.8253034 0 0 0 1 0.7791703 -0.6266463 -0.01442581 -0.0722565 0.6267896 0.7787397 0.02644598 0.06954753 -0.005338311 -0.02964788 0.9995462 0.825784 0 0 0 1 0.7791731 -0.6266597 -0.01367086 -0.07239174 0.6267867 0.778777 0.02539664 0.06954753 -0.005268454 -0.02835714 0.999584 0.8265343 0 0 0 1 0.7791767 -0.6266761 -0.01268506 -0.07251018 0.626783 0.7788233 0.02402716 0.06954753 -0.005177795 -0.02667218 0.9996308 0.827514 0 0 0 1 0.7791811 -0.6266932 -0.01150864 -0.07257181 0.6267783 0.7788758 0.02239245 0.06954753 -0.005069375 -0.02466118 0.999683 0.8286828 0 0 0 1 0.7791861 -0.6267099 -0.01017999 -0.07253706 0.6267731 0.7789309 0.02054589 0.06954753 -0.004946768 -0.02238965 0.9997371 0.8300033 0 0 0 1 0.7791914 -0.6267251 -0.008737027 -0.07236629 0.6267675 0.7789857 0.01854175 0.06954753 -0.004814505 -0.01992368 0.9997899 0.8314362 0 0 0 1 0.7791971 -0.6267374 -0.007219314 -0.07202029 0.6267616 0.7790378 0.0164327 0.06954753 -0.004674851 -0.01732909 0.9998389 0.8329441 0 0 0 1 0.7792028 -0.6267463 -0.005664467 -0.07145947 0.6267555 0.7790853 0.01427149 0.06954753 -0.004531443 -0.01467061 0.9998821 0.8344894 0 0 0 1 0.7792087 -0.6267512 -0.00410968 -0.07064408 0.6267493 0.7791269 0.01211017 0.06954753 -0.004388093 -0.01201206 0.9999182 0.8360347 0 0 0 1 0.7792142 -0.6267524 -0.002591907 -0.06953418 0.6267434 0.7791616 0.0100007 0.06954753 -0.00424838 -0.009417176 0.9999467 0.8375425 0 0 0 1 0.7792193 -0.6267503 -0.001149952 -0.06808906 0.6267379 0.7791892 0.007995903 0.06954753 -0.004115402 -0.006951272 0.9999674 0.8389755 0 0 0 1 0.7792242 -0.6267453 1.79612e-4 -0.06626707 0.6267325 0.7792102 0.006148576 0.06954753 -0.00399357 -0.004678547 0.9999811 0.840296 0 0 0 1 0.7792285 -0.6267386 0.00135535 -0.0640279 0.6267279 0.7792251 0.00451374 0.06954753 -0.00388509 -0.002667784 0.9999889 0.8414648 0 0 0 1 0.7792319 -0.6267314 0.002341747 -0.06132572 0.6267243 0.7792348 0.003142714 0.06954753 -0.003794431 -9.81248e-4 0.9999923 0.8424445 0 0 0 1 0.7792347 -0.6267247 0.003097057 -0.05811816 0.6267212 0.7792407 0.002093374 0.06954753 -0.003725349 3.0973e-4 0.999993 0.8431948 0 0 0 1 0.7792363 -0.62672 0.003580749 -0.05435925 0.6267194 0.7792437 0.001420855 0.06954753 -0.003680765 0.001136898 0.9999926 0.8436755 0 0 0 1 0.779237 -0.6267182 0.003750622 -0.04999995 0.6267186 0.7792447 0.001182317 0.06954753 -0.003663659 0.001429259 0.9999923 0.8438452 0 0 0 1 0.779237 -0.6267182 0.003750622 -0.04179412 0.6267186 0.7792447 0.001182317 0.05919903 -0.003663659 0.001429259 0.9999923 0.8434808 0 0 0 1 0.779237 -0.6267182 0.003750622 -0.02906423 0.6267186 0.7792447 0.001182317 0.03476226 -0.003663659 0.001429259 0.9999923 0.8423488 0 0 0 1 0.779237 -0.6267182 0.003750622 -0.01546251 0.6267186 0.7792447 0.001182317 0.005703866 -0.003663659 0.001429259 0.9999923 0.8403817 0 0 0 1 0.779237 -0.6267182 0.003750622 -0.004572212 0.6267186 0.7792447 0.001182317 -0.01873284 -0.003663659 0.001429259 0.9999923 0.8374968 0 0 0 1 0.779237 -0.6267182 0.003750622 -8.10623e-5 0.6267186 0.7792447 0.001182317 -0.02908134 -0.003663659 0.001429259 0.9999923 0.8335925 0 0 0 1 0.779237 -0.6267182 0.003750622 -8.10623e-5 0.6267186 0.7792447 0.001182317 -0.02798938 -0.003663659 0.001429259 0.9999923 0.8290216 0 0 0 1 0.779237 -0.6267182 0.003750622 -8.10623e-5 0.6267186 0.7792447 0.001182317 -0.02504593 -0.003663659 0.001429259 0.9999923 0.8243151 0 0 0 1 0.779237 -0.6267182 0.003750622 -8.10623e-5 0.6267186 0.7792447 0.001182317 -0.02073341 -0.003663659 0.001429259 0.9999923 0.8196188 0 0 0 1 0.779237 -0.6267182 0.003750622 -8.10623e-5 0.6267186 0.7792447 0.001182317 -0.01551723 -0.003663659 0.001429259 0.9999923 0.8150751 0 0 0 1 0.779237 -0.6267182 0.003750622 -8.10623e-5 0.6267186 0.7792447 0.001182317 -0.00985223 -0.003663659 0.001429259 0.9999923 0.8108256 0 0 0 1 0.779237 -0.6267182 0.003750622 -8.10623e-5 0.6267186 0.7792447 0.001182317 -0.004187583 -0.003663659 0.001429259 0.9999923 0.8070119 0 0 0 1 0.779237 -0.6267182 0.003750622 -8.10623e-5 0.6267186 0.7792447 0.001182317 0.001027226 -0.003663659 0.001429259 0.9999923 0.8037777 0 0 0 1 0.779237 -0.6267182 0.003750622 -8.10623e-5 0.6267186 0.7792447 0.001182317 0.005337774 -0.003663659 0.001429259 0.9999923 0.8012707 0 0 0 1 0.779237 -0.6267182 0.003750622 -8.10623e-5 0.6267186 0.7792447 0.001182317 0.008278369 -0.003663659 0.001429259 0.9999923 0.799644 0 0 0 1 0.7792372 -0.6267179 0.003750026 -8.10623e-5 0.6267184 0.7792449 0.001183032 0.009366631 -0.003663659 0.001428306 0.9999923 0.7990584 0 0 0 1</float_array>
        <technique_common>
          <accessor source="#node-Bip01_matrix-output-array" count="71" stride="16">
            <param name="TRANSFORM" type="float4x4"/>
          </accessor>
        </technique_common>
      </source>
      <source id="node-Bip01_matrix-interpolation">
        <Name_array id="node-Bip01_matrix-interpolation-array" count="71">LINEAR LINEAR LINEAR LINEAR LINEAR LINEAR LINEAR LINEAR LINEAR LINEAR LINEAR LINEAR LINEAR LINEAR LINEAR LINEAR LINEAR LINEAR LINEAR LINEAR LINEAR LINEAR LINEAR LINEAR LINEAR LINEAR LINEAR LINEAR LINEAR LINEAR LINEAR LINEAR LINEAR LINEAR LINEAR LINEAR LINEAR LINEAR LINEAR LINEAR LINEAR LINEAR LINEAR LINEAR LINEAR LINEAR LINEAR LINEAR LINEAR LINEAR LINEAR LINEAR LINEAR LINEAR LINEAR LINEAR LINEAR LINEAR LINEAR LINEAR LINEAR LINEAR LINEAR LINEAR LINEAR LINEAR LINEAR LINEAR LINEAR LINEAR LINEAR</Name_array>
        <technique_common>
          <accessor source="#node-Bip01_matrix-interpolation-array" count="71" stride="1">
            <param name="INTERPOLATION" type="name"/>
          </accessor>
        </technique_common>
      </source>
      <source id="node-Bip01_Spine_matrix-input">
        <float_array id="node-Bip01_Spine_matrix-input-array" count="71">67.33334 67.36667 67.4 67.43333 67.46667 67.5 67.53333 67.56667 67.6 67.63333 67.66666 67.7 67.73333 67.76667 67.8 67.83334 67.86667 67.9 67.93333 67.96667 68 68.03333 68.06667 68.1 68.13333 68.16666 68.2 68.23333 68.26667 68.3 68.33334 68.36667 68.4 68.43333 68.46667 68.5 68.53333 68.56667 68.6 68.63333 68.66666 68.7 68.73333 68.76667 68.8 68.83334 68.86667 68.9 68.93333 68.96667 69 69.03333 69.06667 69.1 69.13333 69.16666 69.2 69.23333 69.26667 69.3 69.33334 69.36667 69.4 69.43333 69.46667 69.5 69.53333 69.56667 69.6 69.63333 69.66666</float_array>
        <technique_common>
          <accessor source="#node-Bip01_Spine_matrix-input-array" count="71" stride="1">
            <param name="TIME" type="float"/>
          </accessor>
        </technique_common>
      </source>
      <source id="node-Bip01_Spine_matrix-output">
