<?xml version="1.0" encoding="utf-8"?>
<COLLADA xmlns="http://www.collada.org/2005/11/COLLADASchema" version="1.4.1">
  <asset>
    <contributor>
      <author>MattO</author>
      <authoring_tool>OpenCOLLADA for 3ds Max;  Version: 1.3.0;  Revision: 839M;  Platform: x64;  Configuration: Release_Max2012</authoring_tool>
      <source_data>file:///C:/Dropbox/Prj/GGStout/Lurker/SoldierTP_Lurker_Animation_Master.max</source_data>
    </contributor>
    <created>2011-09-29T23:38:32</created>
    <modified>2011-09-29T23:38:32</modified>
    <unit name="meter" meter="1"/>
    <up_axis>Z_UP</up_axis>
  </asset>
  <library_effects>
    <effect id="ShapeBounds">
      <profile_COMMON>
        <technique sid="common">
          <blinn>
            <emission>
              <color>0 0 0 1</color>
            </emission>
            <ambient>
              <color>0.1647059 1 0 1</color>
            </ambient>
            <diffuse>
              <color>0.1647059 1 0 1</color>
            </diffuse>
            <specular>
              <color>0.9 0.9 0.9 1</color>
            </specular>
            <shininess>
              <float>10</float>
            </shininess>
            <reflective>
              <color>0 0 0 1</color>
            </reflective>
            <transparent opaque="A_ONE">
              <color>1 1 1 1</color>
            </transparent>
            <transparency>
              <float>1</float>
            </transparency>
          </blinn>
        </technique>
      </profile_COMMON>
      <extra>
        <technique profile="OpenCOLLADA3dsMax">
          <extended_shader>
            <apply_reflection_dimming>0</apply_reflection_dimming>
            <dim_level>0</dim_level>
            <falloff_type>0</falloff_type>
            <index_of_refraction>1.5</index_of_refraction>
            <opacity_type>0</opacity_type>
            <reflection_level>3</reflection_level>
            <wire_size>1</wire_size>
            <wire_units>0</wire_units>
          </extended_shader>
          <shader>
            <ambient_diffuse_lock>1</ambient_diffuse_lock>
            <ambient_diffuse_texture_lock>1</ambient_diffuse_texture_lock>
            <diffuse_specular_lock>0</diffuse_specular_lock>
            <soften>0.1</soften>
            <use_self_illum_color>0</use_self_illum_color>
          </shader>
        </technique>
      </extra>
    </effect>
  </library_effects>
  <library_materials>
    <material id="ShapeBounds-material" name="ShapeBounds">
      <instance_effect url="#ShapeBounds"/>
    </material>
  </library_materials>
  <library_geometries>
    <geometry id="geom-Bounds" name="Bounds">
      <mesh>
        <source id="geom-Bounds-positions">
          <float_array id="geom-Bounds-positions-array" count="24">-0.425 -0.425 0 0.425 -0.425 0 -0.425 0.425 0 0.425 0.425 0 -0.425 -0.425 1.84 0.425 -0.425 1.84 -0.425 0.425 1.84 0.425 0.425 1.84</float_array>
          <technique_common>
            <accessor source="#geom-Bounds-positions-array" count="8" stride="3">
              <param name="X" type="float"/>
              <param name="Y" type="float"/>
              <param name="Z" type="float"/>
            </accessor>
          </technique_common>
        </source>
        <source id="geom-Bounds-normals">
          <float_array id="geom-Bounds-normals-array" count="72">0 0 -1 0 0 -1 0 0 -1 0 0 -1 0 0 1 0 0 1 0 0 1 0 0 1 0 -1 0 0 -1 0 0 -1 0 0 -1 0 1 0 0 1 0 0 1 0 0 1 0 0 0 1 0 0 1 0 0 1 0 0 1 0 -1 0 0 -1 0 0 -1 0 0 -1 0 0</float_array>
          <technique_common>
            <accessor source="#geom-Bounds-normals-array" count="24" stride="3">
              <param name="X" type="float"/>
              <param name="Y" type="float"/>
              <param name="Z" type="float"/>
            </accessor>
          </technique_common>
        </source>
        <source id="geom-Bounds-map1">
          <float_array id="geom-Bounds-map1-array" count="36">0 0 0 1 0 0 0 1 0 1 1 0 0 0 0 1 0 0 0 1 0 1 1 0 0 0 0 1 0 0 0 1 0 1 1 0</float_array>
          <technique_common>
            <accessor source="#geom-Bounds-map1-array" count="12" stride="3">
              <param name="S" type="float"/>
              <param name="T" type="float"/>
              <param name="P" type="float"/>
            </accessor>
          </technique_common>
        </source>
        <vertices id="geom-Bounds-vertices">
          <input semantic="POSITION" source="#geom-Bounds-positions"/>
        </vertices>
        <triangles material="ShapeBounds" count="12">
          <input semantic="VERTEX" source="#geom-Bounds-vertices" offset="0"/>
          <input semantic="NORMAL" source="#geom-Bounds-normals" offset="1"/>
          <input semantic="TEXCOORD" source="#geom-Bounds-map1" offset="2" set="0"/>
          <p>0 0 9 2 1 11 3 2 10 3 2 10 1 3 8 0 0 9 4 4 8 5 5 9 7 6 11 7 6 11 6 7 10 4 4 8 0 8 4 1 9 5 5 10 7 5 10 7 4 11 6 0 8 4 1 12 0 3 13 1 7 14 3 7 14 3 5 15 2 1 12 0 3 16 4 2 17 5 6 18 7 6 18 7 7 19 6 3 16 4 2 20 0 0 21 1 4 22 3 4 22 3 6 23 2 2 20 0</p>
        </triangles>
      </mesh>
      <extra>
        <technique profile="OpenCOLLADA3dsMax">
          <max_box>
            <generateuvs>1</generateuvs>
            <height>1.84</height>
            <heightsegments>1</heightsegments>
            <length>0.85</length>
            <lengthsegments>1</lengthsegments>
            <width>0.85</width>
            <widthsegments>1</widthsegments>
          </max_box>
        </technique>
      </extra>
    </geometry>
  </library_geometries>
  <library_lights>
    <light id="EnvironmentAmbientLight" name="EnvironmentAmbientLight">
      <technique_common>
        <ambient>
          <color>0 0 0</color>
        </ambient>
      </technique_common>
    </light>
  </library_lights>
  <library_visual_scenes>
    <visual_scene id="MaxScene">
      <node name="EnvironmentAmbientLight">
        <instance_light url="#EnvironmentAmbientLight"/>
      </node>
      <node id="node-Bip01" name="Bip01">
        <matrix sid="matrix">0.7792375 -0.6267175 0.003750234 -8.10623e-5 0.626718 0.7792453 0.001183393 0.009366653 -0.003664005 0.001428194 0.9999923 0.8541834 0 0 0 1</matrix>
        <node id="node-Bip01_Pelvis" name="Bip01_Pelvis">
          <matrix sid="matrix">-0.009626728 0.991236 0.1317526 0 -0.1217413 -0.1319404 0.9837535 0 0.9925151 -0.0065694 0.1219445 0 0 0 0 1</matrix>
          <node id="node-Bip01_Spine" name="Bip01_Spine">
            <matrix sid="matrix">0.9968564 0.004996394 -0.07907252 0.1974989 -0.00299883 0.9996739 0.02536095 0.02499221 0.07917343 -0.02504417 0.9965463 0.02780575 0 0 0 1</matrix>
            <node id="node-Bip01_Spine1" name="Bip01_Spine1">
              <matrix sid="matrix">0.9850423 0.02363085 -0.1706849 0.1022274 -0.01319328 0.9979872 0.06202861 -1.00818e-4 0.1718071 -0.05884888 0.9833713 5.94556e-6 0 0 0 1</matrix>
              <node id="node-Bip01_Spine2" name="Bip01_Spine2">
                <matrix>0.9369742 -0.3477309 -0.03409584 0.1269256 0.349036 0.9270917 0.1366548 -1.58802e-4 -0.01590908 -0.1399427 0.9900317 2.39909e-5 0 0 0 1</matrix>
                <node id="node-Bip01_Neck" name="Bip01_Neck">
                  <matrix>0.8407081 -0.4308256 0.3280237 0.2151071 0.413622 0.9019014 0.1244632 -4.97103e-5 -0.3494668 0.03104066 0.9364344 -1.71363e-6 0 0 0 1</matrix>
                  <node id="node-Bip01_Head" name="Bip01_Head">
                    <matrix sid="matrix">0.8723152 -0.3278458 -0.3627442 0.07051826 -0.1673299 0.496926 -0.8515077 -0.01395911 0.4594202 0.8034811 0.3786177 0 0 0 0 1</matrix>
                    <node id="node-ALTEYE" name="ALTEYE">
                      <matrix sid="matrix">0.4522428 0.4115258 0.7912799 0.06454694 0.04689857 0.8749896 -0.4818653 0.2214611 -0.8906611 0.2550297 0.3764077 0.04716259 0 0 0 1</matrix>
                    </node>
                  </node>
                  <node id="node-Bip01_L_Clavicle" name="Bip01_L_Clavicle">
                    <matrix>-0.5778346 -0.4531803 0.6787746 -0.04690325 0.283809 -0.8913432 -0.3534966 -0.01204765 0.7652187 -0.01162023 0.6436655 0.05588406 0 0 0 1</matrix>
                    <node id="node-Bip01_L_UpperArm" name="Bip01_L_UpperArm">
                      <matrix sid="matrix">0.8784897 -0.07182616 0.4723312 0.1824007 -0.3593765 0.5520899 0.7523599 -2.98023e-8 -0.3148083 -0.8306853 0.4591926 1.19209e-7 0 0 0 1</matrix>
                      <node id="node-Bip01_L_Forearm" name="Bip01_L_Forearm">
                        <matrix sid="matrix">0.3398726 0.9404715 0 0.284369 -0.9404715 0.3398726 -1.49012e-8 5.96046e-8 1.3411e-7 -2.98023e-8 0.9999999 -5.96046e-8 0 0 0 1</matrix>
                        <node id="node-Bip01_L_Hand" name="Bip01_L_Hand">
                          <matrix sid="matrix">0.9822549 -0.05140355 -0.1803693 0.281068 -0.1029557 -0.9516342 -0.2894694 -1.19209e-7 -0.1567658 0.3029026 -0.9400396 0 0 0 0 1</matrix>
                          <node id="node-Bip01_L_Finger0" name="Bip01_L_Finger0">
                            <matrix>0.6413841 0.3141902 0.6999362 0.02119672 0.7352948 0.008702917 -0.6776913 -0.004734159 -0.2190155 0.94932 -0.2254408 -0.02572185 0 0 0 1</matrix>
                            <node id="node-Bip01_L_Finger01" name="Bip01_L_Finger01">
                              <matrix>0.9975641 -0.06975637 0 0.04982865 0.06975646 0.9975641 2.28174e-8 0 2.98023e-8 -3.72529e-8 1 0 0 0 0 1</matrix>
                              <node id="node-Bip01_L_Finger02" name="Bip01_L_Finger02">
                                <matrix>0.9203136 0.3911815 0 0.05202246 -0.3911814 0.9203136 3.35276e-8 -2.98023e-8 0 5.96046e-8 0.9999999 0 0 0 0 1</matrix>
                              </node>
                            </node>
                          </node>
                          <node id="node-Bip01_L_Finger1" name="Bip01_L_Finger1">
                            <matrix>0.9592716 -0.2819768 -0.01693506 0.1199947 0.2798395 0.9567645 -0.07931916 -0.008367598 0.03856886 0.07134956 0.9967055 -0.0410139 0 0 0 1</matrix>
                            <node id="node-Bip01_L_Finger11" name="Bip01_L_Finger11">
                              <matrix>0.7001772 -0.7139691 -4.47035e-8 0.0364418 0.7139691 0.7001772 0 0 2.98023e-8 -1.00583e-7 0.9999999 5.96046e-8 0 0 0 1</matrix>
                              <node id="node-Bip01_L_Finger12" name="Bip01_L_Finger12">
                                <matrix>0.8757258 -0.4828088 1.49012e-8 0.03117537 0.4828088 0.8757259 3.35276e-8 8.9407e-8 5.96046e-8 7.45058e-8 1 0 0 0 0 1</matrix>
                              </node>
                            </node>
                          </node>
                          <node id="node-Bip01_L_Finger2" name="Bip01_L_Finger2">
                            <matrix>0.6611331 -0.7495596 -0.03260926 0.1229538 0.7489769 0.656822 0.08728346 -0.008802056 -0.04400577 -0.08212949 0.9956497 -0.01328254 0 0 0 1</matrix>
                            <node id="node-Bip01_L_Finger21" name="Bip01_L_Finger21">
                              <matrix>0.8156036 -0.5786111 -6.51926e-9 0.03895521 0.5786111 0.8156036 -1.72295e-8 0 2.04891e-8 -4.92437e-8 1 2.98023e-8 0 0 0 1</matrix>
                              <node id="node-Bip01_L_Finger22" name="Bip01_L_Finger22">
                                <matrix>0.976296 -0.2164396 9.31323e-10 0.03800559 0.2164396 0.9762959 6.98492e-9 0 -1.21072e-8 -1.00117e-8 1 2.98023e-8 0 0 0 1</matrix>
                              </node>
                            </node>
                          </node>
                          <node id="node-Bip01_L_Finger3" name="Bip01_L_Finger3">
                            <matrix>0.4124629 -0.9064789 -0.0903886 0.1211882 0.9061533 0.3980611 0.1429456 -0.001191139 -0.09359709 -0.1408656 0.9855945 0.01196855 0 0 0 1</matrix>
                            <node id="node-Bip01_L_Finger31" name="Bip01_L_Finger31">
                              <matrix>0.9381478 -0.3462351 1.11759e-8 0.03155816 0.3462351 0.9381478 -5.12227e-9 -5.96046e-8 1.86265e-8 2.00234e-8 1 -2.98023e-8 0 0 0 1</matrix>
                              <node id="node-Bip01_L_Finger32" name="Bip01_L_Finger32">
                                <matrix>0.9636306 -0.2672385 7.45058e-9 0.03366601 0.2672384 0.9636306 -1.67638e-8 -5.96046e-8 -1.86265e-8 3.53903e-8 1 -2.98023e-8 0 0 0 1</matrix>
                              </node>
                            </node>
                          </node>
                          <node id="node-Bip01_L_Finger4" name="Bip01_L_Finger4">
                            <matrix>0.07120569 -0.9696807 0.2337718 0.1136797 0.9750155 0.1171045 0.1887628 0.005147338 -0.2104155 0.2144902 0.953792 0.03886569 0 0 0 1</matrix>
                            <node id="node-Bip01_L_Finger41" name="Bip01_L_Finger41">
                              <matrix>0.9790112 -0.2038069 0 0.03661609 0.2038069 0.9790112 4.19095e-8 5.96046e-8 1.49012e-8 3.72529e-8 1 2.98023e-8 0 0 0 1</matrix>
                              <node id="node-Bip01_L_Finger42" name="Bip01_L_Finger42">
                                <matrix>0.9645151 0.2640274 -1.49012e-8 0.01772642 -0.2640274 0.9645153 1.49012e-8 -1.19209e-7 0 3.3062e-8 1 2.98023e-8 0 0 0 1</matrix>
                              </node>
                            </node>
                          </node>
                        </node>
                      </node>
                    </node>
                  </node>
                  <node id="node-Bip01_R_Clavicle" name="Bip01_R_Clavicle">
                    <matrix>0.2073932 -0.1669672 -0.9639035 8.67128e-4 0.5679266 -0.781728 0.2576057 -0.01629037 -0.7965222 -0.600852 -0.06729987 -0.07212147 0 0 0 1</matrix>
                    <node id="node-Bip01_R_UpperArm" name="Bip01_R_UpperArm">
                      <matrix sid="matrix">0.5540447 0.8323113 0.01709926 0.1824007 -0.7510488 0.4908794 0.4415466 2.98023e-8 0.3591106 -0.2574789 0.8970755 0 0 0 0 1</matrix>
                      <node id="node-Bip01_R_Forearm" name="Bip01_R_Forearm">
                        <matrix sid="matrix">-0.06097469 0.9981394 -2.98023e-8 0.2843691 -0.9981394 -0.06097471 2.23517e-8 0 -8.56817e-8 2.98023e-8 1 0 0 0 0 1</matrix>
                        <node id="node-Bip01_R_Hand" name="Bip01_R_Hand">
                          <matrix>0.9247896 0.3771958 -0.04987456 0.2810681 0.2033486 -0.6007847 -0.7731152 -5.96046e-8 -0.3215797 0.704827 -0.6323018 -5.96046e-8 0 0 0 1</matrix>
                          <node id="node-Bip01_R_Finger0" name="Bip01_R_Finger0">
                            <matrix>0.5215105 0.269013 -0.8097274 0.02119675 0.7250715 0.3605265 0.5867637 -0.004734278 0.4497753 -0.8931139 -0.007035478 0.02572191 0 0 0 1</matrix>
                            <node id="node-Bip01_R_Finger01" name="Bip01_R_Finger01">
                              <matrix>0.6423535 -0.7636237 0.06527566 0.04982862 0.7605616 0.6456373 0.06854747 -1.19209e-7 -0.09448889 0.005614539 0.9955103 -2.98023e-8 0 0 0 1</matrix>
                              <node id="node-Bip01_R_Finger02" name="Bip01_R_Finger02">
                                <matrix>0.9505157 -0.3106765 1.11759e-8 0.0520224 0.3106764 0.9505158 -9.31323e-9 0 1.11759e-8 2.6077e-8 1 0 0 0 0 1</matrix>
                              </node>
                            </node>
                          </node>
                          <node id="node-Bip01_R_Finger1" name="Bip01_R_Finger1">
                            <matrix>0.9820224 -0.1733427 -0.07472671 0.1199947 0.1795577 0.9799358 0.08651488 -0.008367568 0.05823064 -0.09837732 0.993444 0.04101384 0 0 0 1</matrix>
                            <node id="node-Bip01_R_Finger11" name="Bip01_R_Finger11">
                              <matrix>0.8240548 -0.5665103 7.45058e-9 0.03644168 0.5665103 0.8240547 -7.45058e-9 0 0 0 1 0 0 0 0 1</matrix>
                              <node id="node-Bip01_R_Finger12" name="Bip01_R_Finger12">
                                <matrix>0.8146397 -0.5796777 0.01831833 0.03117545 0.5799671 0.8142333 -0.02573048 0 7.45058e-9 0.03158512 0.999501 0 0 0 0 1</matrix>
                              </node>
                            </node>
                          </node>
                          <node id="node-Bip01_R_Finger2" name="Bip01_R_Finger2">
                            <matrix>0.6754013 -0.7374503 -1.52119e-4 0.1229538 0.7368313 0.6748427 -0.04082685 -0.008802056 0.03021042 0.02746241 0.9991661 0.01328254 0 0 0 1</matrix>
                            <node id="node-Bip01_R_Finger21" name="Bip01_R_Finger21">
                              <matrix>0.5508358 -0.8338858 -0.0348487 0.03895519 0.832222 0.551937 -0.05265062 0 0.0631389 -1.21072e-8 0.9980047 1.19209e-7 0 0 0 1</matrix>
                              <node id="node-Bip01_R_Finger22" name="Bip01_R_Finger22">
                                <matrix>0.1984735 -0.9799246 0.01886611 0.03800537 0.9755273 0.199368 0.09272984 -5.96046e-8 -0.09462957 7.45058e-9 0.9955125 1.19209e-7 0 0 0 1</matrix>
                              </node>
                            </node>
                          </node>
                          <node id="node-Bip01_R_Finger3" name="Bip01_R_Finger3">
                            <matrix>0.7159052 -0.6949216 0.06755453 0.1211881 0.6883786 0.6863562 -0.234627 -0.001191258 0.1166809 0.2144738 0.9697351 -0.01196861 0 0 0 1</matrix>
                            <node id="node-Bip01_R_Finger31" name="Bip01_R_Finger31">
                              <matrix>0.4441952 -0.8949344 0.04222352 0.03155841 0.8909185 0.4461975 0.08468728 2.98023e-8 -0.09462959 2.7474e-8 0.9955125 2.38419e-7 0 0 0 1</matrix>
                              <node id="node-Bip01_R_Finger32" name="Bip01_R_Finger32">
                                <matrix>0.1993681 -0.9794358 -0.03095102 0.03366593 0.9799247 0.1992685 0.006297068 1.49012e-8 -3.72529e-9 -0.03158511 0.9995011 -1.19209e-7 0 0 0 1</matrix>
                              </node>
                            </node>
                          </node>
                          <node id="node-Bip01_R_Finger4" name="Bip01_R_Finger4">
                            <matrix>0.5925791 -0.7897949 -0.1583476 0.1136796 0.7783521 0.6120424 -0.1399001 0.005147398 0.2074078 -0.04034828 0.9774219 -0.03886557 0 0 0 1</matrix>
                            <node id="node-Bip01_R_Finger41" name="Bip01_R_Finger41">
                              <matrix>0.4202555 -0.9064696 0.04120618 0.03661621 0.9068531 0.421151 0.01578781 -2.98023e-8 -0.0316652 0.03073305 0.999026 0 0 0 0 1</matrix>
                              <node id="node-Bip01_R_Finger42" name="Bip01_R_Finger42">
                                <matrix>0.402447 -0.9138247 -0.05441486 0.01772636 0.9154231 0.4021218 0.01728317 2.98023e-8 0.006087631 -0.05676818 0.9983688 1.19209e-7 0 0 0 1</matrix>
                              </node>
                            </node>
                          </node>
                          <node id="node-MOUNT0" name="MOUNT0">
                            <matrix>-6.1898e-7 1 3.72529e-9 0.109539 -0.9999999 -6.59085e-7 4.74975e-7 0.02518257 4.74975e-7 3.72529e-9 0.9999999 0.01321673 0 0 0 1</matrix>
                          </node>
                        </node>
                      </node>
                    </node>
                  </node>
                </node>
                <node id="node-Bip01_L_Pauldron_Upper" name="Bip01_L_Pauldron_Upper">
                  <matrix>0.9726269 0.1182923 0.2000107 0.1769029 0.1448455 -0.981683 -0.1237685 -0.03908366 0.1817063 0.1493511 -0.971945 0.2290199 0 0 0 1</matrix>
                </node>
                <node id="node-Bip01_R_Pauldron_Lower" name="Bip01_R_Pauldron_Lower">
                  <matrix sid="matrix">-0.1156725 -0.9403759 -0.3198653 0.172906 0.9097752 -0.2295504 0.3458564 -0.1133294 -0.39866 -0.2509994 0.8820828 -0.2351094 0 0 0 1</matrix>
                </node>
                <node id="node-Bip01_L_Pauldron_Lower" name="Bip01_L_Pauldron_Lower">
                  <matrix>-0.2099969 -0.7687203 0.6041283 0.1529201 0.4002345 -0.6313506 -0.6642358 -0.1054225 0.892028 0.1023054 0.4402497 0.2344801 0 0 0 1</matrix>
                </node>
              </node>
            </node>
            <node id="node-Bip01_L_Thigh" name="Bip01_L_Thigh">
              <matrix sid="matrix">-0.9947152 -0.06665349 0.0780952 -0.1889111 0.01952771 0.6239235 0.7812412 -0.02846709 -0.1007979 0.7786377 -0.6193247 0.1143193 0 0 0 1</matrix>
              <node id="node-Bip01_L_Calf" name="Bip01_L_Calf">
                <matrix sid="matrix">0.7357371 0.6772673 0 0.4629987 -0.6772671 0.7357373 -8.03266e-9 1.49012e-8 -7.45058e-8 9.31323e-9 1 0 0 0 0 1</matrix>
                <node id="node-Bip01_L_Foot" name="Bip01_L_Foot">
                  <matrix sid="matrix">0.7067694 -0.7035492 -0.07413289 0.3610502 0.7054408 0.6930075 0.1486391 -1.49012e-8 -0.05320025 -0.15735 0.9861089 3.72529e-9 0 0 0 1</matrix>
                  <node id="node-Bip01_L_Toe0" name="Bip01_L_Toe0">
                    <matrix sid="matrix">-1.16881e-7 -1 7.92556e-7 0.1486307 1 -1.16648e-7 -5.06847e-7 0.1543275 5.06701e-7 7.91624e-7 1 1.49012e-8 0 0 0 1</matrix>
                  </node>
                </node>
              </node>
            </node>
            <node id="node-Bip01_R_Thigh" name="Bip01_R_Thigh">
              <matrix sid="matrix">-0.5666596 0.8234881 0.02764523 -0.2090979 0.6682432 0.4396864 0.6001056 -0.02208188 0.4820245 0.3585294 -0.7994428 -0.139773 0 0 0 1</matrix>
              <node id="node-Bip01_R_Calf" name="Bip01_R_Calf">
                <matrix sid="matrix">-0.0965609 0.9953272 -3.91155e-8 0.4629988 -0.995327 -0.0965609 1.02445e-8 0 1.76951e-8 6.51926e-9 1 0 0 0 0 1</matrix>
                <node id="node-Bip01_R_Foot" name="Bip01_R_Foot">
                  <matrix sid="matrix">0.9795611 0.1840265 0.08120568 0.3610501 -0.1956629 0.96538 0.1725036 -1.49012e-8 -0.0466491 -0.1848667 0.9816558 -7.45058e-9 0 0 0 1</matrix>
                  <node id="node-Bip01_R_Toe0" name="Bip01_R_Toe0">
                    <matrix sid="matrix">-0.3051539 -0.9472734 0.09774533 0.1486307 0.9517195 -0.3069487 -0.003514022 0.1543275 0.0333315 0.09195386 0.9952053 3.72529e-9 0 0 0 1</matrix>
                  </node>
                </node>
              </node>
            </node>
          </node>
          <node id="node-Bip01_FannyPack" name="Bip01_FannyPack">
            <matrix sid="matrix">-0.9629918 -0.2062316 0.1735378 0.2299507 -0.2083318 0.9780384 0.006227053 -0.1378937 -0.1710108 -0.03015685 -0.9848076 0.01013964 0 0 0 1</matrix>
          </node>
        </node>
        <node id="node-EYE" name="EYE">
          <matrix sid="matrix">0.7792377 0.6267179 -0.003664042 0.05959662 -0.6267175 0.7792451 0.001428225 0.0722714 0.003750281 0.001183214 0.999992 0.7162117 0 0 0 1</matrix>
          <node id="node-CAM" name="CAM">
            <matrix>1 -6.03104e-8 3.55271e-15 4.84288e-8 6.03104e-8 1 -2.32831e-9 -0.104 -3.55271e-15 2.32832e-9 1 0.3005601 0 0 0 1</matrix>
          </node>
        </node>
      </node>
      <node id="node-Bounds" name="Bounds">
        <matrix>0.9999915 0.001706907 0.003750479 0 -0.001711356 0.9999978 0.001183292 0.1035326 -0.003748452 -0.0011897 0.9999923 -8.93474e-5 0 0 0 1</matrix>
        <instance_geometry url="#geom-Bounds">
          <bind_material>
            <technique_common>
              <instance_material symbol="ShapeBounds" target="#ShapeBounds-material"/>
            </technique_common>
          </bind_material>
        </instance_geometry>
      </node>
    </visual_scene>
  </library_visual_scenes>
  <library_animations>
    <animation>
      <source id="node-Bip01_matrix-input">
        <float_array id="node-Bip01_matrix-input-array" count="20">8.333333 8.366667 8.4 8.433333 8.466666 8.5 8.533334 8.566667 8.6 8.633333 8.666667 8.7 8.733334 8.766666 8.8 8.833333 8.866667 8.9 8.933333 8.966666</float_array>
        <technique_common>
          <accessor source="#node-Bip01_matrix-input-array" count="20" stride="1">
            <param name="TIME" type="float"/>
          </accessor>
        </technique_common>
      </source>
      <source id="node-Bip01_matrix-output">
        <float_array id="node-Bip01_matrix-output-array" count="320">0.7792375 -0.6267175 0.003750205 -8.10623e-5 0.626718 0.7792453 0.00118339 0.009366631 -0.003663957 0.001428186 0.9999923 0.8541834 0 0 0 1 0.7792375 -0.6267175 0.003750205 -6.83108e-5 0.626718 0.7792453 0.00118339 0.009366631 -0.003663957 0.001428186 0.9999923 0.8482096 0 0 0 1 0.7792375 -0.6267175 0.003750205 -4.0531e-5 0.626718 0.7792453 0.00118339 0.009366631 -0.003663957 0.001428186 0.9999923 0.8351954 0 0 0 1 0.7792375 -0.6267175 0.003750205 -1.2751e-5 0.626718 0.7792453 0.00118339 0.009366631 -0.003663957 0.001428186 0.9999923 0.8221812 0 0 0 1 0.7792375 -0.6267175 0.003750205 0 0.626718 0.7792453 0.00118339 0.009366631 -0.003663957 0.001428186 0.9999923 0.8162076 0 0 0 1 0.7792375 -0.6267175 0.003750205 0 0.626718 0.7792453 0.00118339 0.009366631 -0.003663957 0.001428186 0.9999923 0.8269139 0 0 0 1 0.7792375 -0.6267175 0.003750205 0 0.626718 0.7792453 0.00118339 0.009366631 -0.003663957 0.001428186 0.9999923 0.8483297 0 0 0 1 0.7792375 -0.6267175 0.003750205 0 0.626718 0.7792453 0.00118339 0.009366631 -0.003663957 0.001428186 0.9999923 0.8649905 0 0 0 1 0.7792375 -0.6267175 0.003750205 0 0.626718 0.7792453 0.00118339 0.009366631 -0.003663957 0.001428186 0.9999923 0.8660662 0 0 0 1 0.7792375 -0.6267175 0.003750205 0 0.626718 0.7792453 0.00118339 0.009366631 -0.003663957 0.001428186 0.9999923 0.8564533 0 0 0 1 0.7792375 -0.6267175 0.003750205 0 0.626718 0.7792453 0.00118339 0.009366631 -0.003663957 0.001428186 0.9999923 0.8433 0 0 0 1 0.7792375 -0.6267175 0.003750205 0 0.626718 0.7792453 0.00118339 0.009366631 -0.003663957 0.001428186 0.9999923 0.8325834 0 0 0 1 0.7792375 -0.6267175 0.003750205 0 0.626718 0.7792453 0.00118339 0.009366631 -0.003663957 0.001428186 0.9999923 0.8257787 0 0 0 1 0.7792375 -0.6267175 0.003750205 0 0.626718 0.7792453 0.00118339 0.009366631 -0.003663957 0.001428186 0.9999923 0.8233637 0 0 0 1 0.7792375 -0.6267175 0.003750205 0 0.626718 0.7792453 0.00118339 0.009366631 -0.003663957 0.001428186 0.9999923 0.8369373 0 0 0 1 0.7792375 -0.6267175 0.003750205 0 0.626718 0.7792453 0.00118339 0.009366631 -0.003663957 0.001428186 0.9999923 0.8611841 0 0 0 1 0.7792375 -0.6267175 0.003750205 0 0.626718 0.7792453 0.00118339 0.009366631 -0.003663957 0.001428186 0.9999923 0.8720677 0 0 0 1 0.7792375 -0.6267175 0.003750205 -1.27515e-5 0.626718 0.7792453 0.00118339 0.009366631 -0.003663957 0.001428186 0.9999923 0.8644461 0 0 0 1 0.7792375 -0.6267175 0.003750205 -4.05313e-5 0.626718 0.7792453 0.00118339 0.009366631 -0.003663957 0.001428186 0.9999923 0.8537433 0 0 0 1 0.7792375 -0.6267175 0.003750205 -6.83113e-5 0.626718 0.7792453 0.00118339 0.009366631 -0.003663957 0.001428186 0.9999923 0.847651 0 0 0 1</float_array>
        <technique_common>
          <accessor source="#node-Bip01_matrix-output-array" count="20" stride="16">
            <param name="TRANSFORM" type="float4x4"/>
          </accessor>
        </technique_common>
      </source>
      <source id="node-Bip01_matrix-interpolation">
        <Name_array id="node-Bip01_matrix-interpolation-array" count="20">LINEAR LINEAR LINEAR LINEAR LINEAR LINEAR LINEAR LINEAR LINEAR LINEAR LINEAR LINEAR LINEAR LINEAR LINEAR LINEAR LINEAR LINEAR LINEAR LINEAR</Name_array>
        <technique_common>
          <accessor source="#node-Bip01_matrix-interpolation-array" count="20" stride="1">
            <param name="INTERPOLATION" type="name"/>
          </accessor>
        </technique_common>
      </source>
      <source id="node-Bip01_Pelvis_matrix-input">
        <float_array id="node-Bip01_Pelvis_matrix-input-array" count="20">8.333333 8.366667 8.4 8.433333 8.466666 8.5 8.533334 8.566667 8.6 8.633333 8.666667 8.7 8.733334 8.766666 8.8 8.833333 8.866667 8.9 8.933333 8.966666</float_array>
        <technique_common>
          <accessor source="#node-Bip01_Pelvis_matrix-input-array" count="20" stride="1">
            <param name="TIME" type="float"/>
          </accessor>
        </technique_common>
      </source>
      <source id="node-Bip01_Pelvis_matrix-output">
        <float_array id="node-Bip01_Pelvis_matrix-output-array" count="320">-0.009626686 0.991236 0.1317526 0 -0.1217413 -0.1319403 0.9837535 0 0.9925152 -0.006569385 0.1219445 0 0 0 0 1 -0.006906628 0.9945417 0.1041111 0 -0.1179047 -0.1041973 0.9875432 0 0.9930009 -0.00545454 0.1179808 0 0 0 0 1 -0.004499137 0.9996048 0.02774828 0 -0.1121902 -0.02807796 0.9932901 0 0.9936766 0.001355886 0.1122722 0 0 0 0 1 -0.008875668 0.9996628 -0.02440351 0 -0.1161357 0.02320885 0.9929622 0 0.9931937 0.01164728 0.1158905 0 0 0 0 1 0.01958024 0.9977415 0.06425553 0 -0.07141238 -0.06270807 0.9954738 0 0.9972546 -0.02408021 0.07002323 0 0 0 0 1 0.05400121 0.9890418 0.1374058 0 -0.02888631 -0.1360018 0.9902874 0 0.9981229 -0.05744588 0.02122551 0 0 0 0 1 0.03844124 0.993269 0.109266 0 -0.03267216 -0.108039 0.9936097 0 0.9987265 -0.04176551 0.02829909 0 0 0 0 1 0.02477073 0.99488 0.09798055 0 -0.01415377 -0.09765183 0.99512 0 0.9995929 -0.02603667 0.01166236 0 0 0 0 1 0.01489484 0.9948278 0.1004782 0 0.01733267 -0.100731 0.9947627 0 0.9997388 -0.01307529 -0.01874339 0 0 0 0 1 0.01168459 0.9935321 0.1129499 0 0.05271548 -0.1134127 0.9921486 0 0.9985411 -0.005638599 -0.05369973 0 0 0 0 1 0.0176382 0.991236 0.1309209 0 0.08289796 -0.1319403 0.9877853 0 0.9964018 -0.006569683 -0.08449864 0 0 0 0 1 0.008481919 0.9970807 0.07588273 0 0.05202347 -0.07622277 0.9957327 0 0.9986099 -0.004498004 -0.05251812 0 0 0 0 1 -0.005080521 0.9989264 -0.04604506 0 -0.03491717 0.0458405 0.9983384 0 0.9993773 0.006679892 0.0346468 0 0 0 0 1 -0.005906403 0.9940372 -0.1088818 0 -0.09394544 0.1078506 0.9897184 0 0.9955598 0.01607465 0.09274822 0 0 0 0 1 -0.002858161 0.9969193 -0.07838034 0 -0.04345375 0.07818281 0.9959917 0 0.9990513 0.006252646 0.04309642 0 0 0 0 1 0.01301306 0.9991282 -0.03966963 0 0.06111776 0.03880405 0.9973762 0 0.9980456 -0.01540344 -0.06055951 0 0 0 0 1 0.01961016 0.9992695 -0.03280454 0 0.09777808 0.0307368 0.9947335 0 0.9950151 -0.02271443 -0.09710389 0 0 0 0 1 0.01446372 0.999761 -0.01639026 0 0.039366 0.01580989 0.9990998 0 0.9991201 -0.01509594 -0.03912794 0 0 0 0 1 0.008259892 0.9989897 0.04417771 0 -0.03717356 -0.04384183 0.9983466 0 0.9992746 -0.00988847 0.03677386 0 0 0 0 1 -0.003793537 0.9942599 0.106925 0 -0.1008325 -0.1067613 0.9891587 0 0.9948962 -0.007029056 0.1006587 0 0 0 0 1</float_array>
        <technique_common>
          <accessor source="#node-Bip01_Pelvis_matrix-output-array" count="20" stride="16">
            <param name="TRANSFORM" type="float4x4"/>
          </accessor>
        </technique_common>
      </source>
      <source id="node-Bip01_Pelvis_matrix-interpolation">
        <Name_array id="node-Bip01_Pelvis_matrix-interpolation-array" count="20">LINEAR LINEAR LINEAR LINEAR LINEAR LINEAR LINEAR LINEAR LINEAR LINEAR LINEAR LINEAR LINEAR LINEAR LINEAR LINEAR LINEAR LINEAR LINEAR LINEAR</Name_array>
        <technique_common>
          <accessor source="#node-Bip01_Pelvis_matrix-interpolation-array" count="20" stride="1">
            <param name="INTERPOLATION" type="name"/>
          </accessor>
        </technique_common>
      </source>
      <source id="node-Bip01_Spine_matrix-input">
        <float_array id="node-Bip01_Spine_matrix-input-array" count="20">8.333333 8.366667 8.4 8.433333 8.466666 8.5 8.533334 8.566667 8.6 8.633333 8.666667 8.7 8.733334 8.766666 8.8 8.833333 8.866667 8.9 8.933333 8.966666</float_array>
        <technique_common>
          <accessor source="#node-Bip01_Spine_matrix-input-array" count="20" stride="1">
            <param name="TIME" type="float"/>
          </accessor>
        </technique_common>
      </source>
      <source id="node-Bip01_Spine_matrix-output">
        <float_array id="node-Bip01_Spine_matrix-output-array" count="320">0.9968564 0.004996359 -0.07907247 0.1974988 -0.002998828 0.9996739 0.02536094 0.02499216 0.07917338 -0.02504414 0.9965463 0.02780574 0 0 0 1 0.9971706 0.007077455 -0.07483875 0.1976678 -0.003087103 0.998574 0.05330073 0.02530241 0.07510924 -0.05291897 0.9957703 0.02628254 0 0 0 1 0.9975944 0.008553862 -0.06879317 0.1978663 4.27258e-4 0.9915808 0.1294907 0.02679467 0.06932163 -0.1292087 0.9891915 0.02311885 0 0 0 1 0.9972914 0.004854023 -0.07339459 0.197654 0.008499741 0.9835306 0.1805425 0.02884739 0.07306218 -0.1806774 0.9808251 0.02245593 0 0 0 1 0.9993612 0.02590918 -0.02462166 0.1992189 -0.02348953 0.9953007 0.0939399 0.02167671 0.02693986 -0.09330159 0.9952734 0.01566964 0 0 0 1 0.9983232 0.0532155 0.02278411 0.2003058 -0.05364835 0.9983825 0.01882755 0.01479691 -0.02174532 -0.02001827 0.999563 0.00788784 0 0 0 1 0.9991226 0.03844106 0.0166288 0.2000131 -0.03919613 0.99809 0.04775339 0.01803368 -0.01476132 -0.04836338 0.9987208 0.008550584 0 0 0 1 0.9992196 0.02202653 0.03278785 0.1998233 -0.02393275 0.9979753 0.05892944 0.02121049 -0.0314235 -0.05966824 0.9977236 0.004936337 0 0 0 1 0.9980303 0.007324874 0.06230735 0.1995906 -0.01085066 0.9983472 0.05643874 0.02379161 -0.06179094 -0.05700385 0.99646 -0.001055657 0 0 0 1 0.9953163 -0.001399993 0.09666132 0.1992671 -0.00287193 0.9990255 0.04404187 0.02523881 -0.09662878 -0.04411333 0.9943423 -0.007689654 0 0 0 1 0.9918664 -2.53435e-4 0.1272847 0.1989992 -0.002999067 0.999674 0.025361 0.0249921 -0.1272495 -0.02553647 0.9915421 -0.01334947 0 0 0 1 0.9954217 -0.004454433 0.09547805 0.1991958 -0.003341972 0.9966809 0.08134156 0.02556067 -0.09552347 -0.08128821 0.9921027 -0.008437752 0 0 0 1 0.9999625 -0.004189729 0.007600128 0.1989879 0.002563595 0.9792702 0.2025429 0.0278384 -0.008291184 -0.202516 0.9792439 0.00569415 0 0 0 1 0.9986929 0.004288256 -0.0509327 0.1982045 0.009288966 0.9646534 0.2633587 0.02958136 0.05026173 -0.2634876 0.9633526 0.01560318 0 0 0 1 0.9999998 -6.5205e-4 -4.86944e-4 0.1989817 7.4794e-4 0.9722078 0.2341192 0.02770042 3.20759e-4 -0.2341197 0.9722077 0.006519675 0 0 0 1 0.9944568 -0.001406073 0.1051389 0.1992039 -0.01919651 0.980678 0.1946854 0.02344363 -0.1033812 -0.1956246 0.9752146 -0.01310622 0 0 0 1 0.9898354 -6.37859e-4 0.1422163 0.1987754 -0.02615344 0.9821192 0.1864348 0.02199059 -0.1397923 -0.1882592 0.9721196 -0.02020543 0 0 0 1 0.996464 0.003439605 0.08395195 0.199456 -0.0179001 0.9849151 0.1721112 0.02352142 -0.08209353 -0.1730054 0.9814937 -0.008218288 0 0 0 1 0.9999286 0.009339809 0.007466614 0.1993215 -0.01012629 0.9935026 0.1133586 0.02453774 -0.006359338 -0.1134262 0.9935261 0.008512079 0 0 0 1 0.998322 0.007460236 -0.05742406 0.1981282 -0.004549145 0.9987057 0.05065923 0.02498114 0.05772763 -0.05031299 0.9970638 0.02290588 0 0 0 1</float_array>
        <technique_common>
          <accessor source="#node-Bip01_Spine_matrix-output-array" count="20" stride="16">
            <param name="TRANSFORM" type="float4x4"/>
          </accessor>
        </technique_common>
      </source>
      <source id="node-Bip01_Spine_matrix-interpolation">
        <Name_array id="node-Bip01_Spine_matrix-interpolation-array" count="20">LINEAR LINEAR LINEAR LINEAR LINEAR LINEAR LINEAR LINEAR LINEAR LINEAR LINEAR LINEAR LINEAR LINEAR LINEAR LINEAR LINEAR LINEAR LINEAR LINEAR</Name_array>
        <technique_common>
          <accessor source="#node-Bip01_Spine_matrix-interpolation-array" count="20" stride="1">
            <param name="INTERPOLATION" type="name"/>
          </accessor>
        </technique_common>
      </source>
      <source id="node-Bip01_Spine1_matrix-input">
        <float_array id="node-Bip01_Spine1_matrix-input-array" count="20">8.333333 8.366667 8.4 8.433333 8.466666 8.5 8.533334 8.566667 8.6 8.633333 8.666667 8.7 8.733334 8.766666 8.8 8.833333 8.866667 8.9 8.933333 8.966666</float_array>
        <technique_common>
          <accessor source="#node-Bip01_Spine1_matrix-input-array" count="20" stride="1">
            <param name="TIME" type="float"/>
          </accessor>
        </technique_common>
      </source>
      <source id="node-Bip01_Spine1_matrix-output">
        <float_array id="node-Bip01_Spine1_matrix-output-array" count="320">0.9850423 0.02363085 -0.1706848 0.1022274 -0.01319324 0.9979872 0.06202858 -1.00818e-4 0.1718071 -0.05884885 0.9833713 5.94556e-6 0 0 0 1 0.9851621 0.02334773 -0.1700308 0.1022276 -0.01262795 0.9978792 0.06385672 -1.00806e-4 0.1711611 -0.06076198 0.9833676 6.13555e-6 0 0 0 1 0.9852554 0.02278798 -0.1695656 0.1022274 -0.01173007 0.9977553 0.06593126 -1.00799e-4 0.1706873 -0.06297004 0.9833109 6.35535e-6 0 0 0 1 0.9853189 0.02213025 -0.1692832 0.1022275 -0.01074165 0.9976345 0.06789785 -1.00777e-4 0.1703854 -0.06508249 0.9832258 6.56769e-6 0 0 0 1 0.9853497 0.02154862 -0.1691793 0.1022276 -0.009898781 0.9975395 0.06940454 -1.00773e-4 0.1702586 -0.06671309 0.9831385 6.73905e-6 0 0 0 1 0.9853445 0.02122122 -0.1692509 0.1022276 -0.009444415 0.9974961 0.07008594 -1.00769e-4 0.1703145 -0.06746029 0.9830778 6.81356e-6 0 0 0 1 0.9852396 0.02114093 -0.1698707 0.1022278 -0.009428501 0.99754 0.06946247 -1.00773e-4 0.1709213 -0.06683552 0.9830152 6.75023e-6 0 0 0 1 0.9849986 0.02116185 -0.1712594 0.1022276 -0.009688794 0.9976687 0.0675525 -1.00788e-4 0.1722897 -0.06487983 0.9829072 6.54906e-6 0 0 0 1 0.9846577 0.02126282 -0.1731966 0.1022276 -0.0101664 0.9978525 0.06470531 -1.00801e-4 0.1742005 -0.06195169 0.9827594 6.26221e-6 0 0 0 1 0.9842518 0.02142369 -0.1754688 0.1022275 -0.01080352 0.9980636 0.06125771 -1.00825e-4 0.1764414 -0.05839729 0.9825773 5.88968e-6 0 0 0 1 0.9838168 0.0216248 -0.1778677 0.1022276 -0.01153993 0.9982765 0.05753904 -1.00851e-4 0.1788055 -0.05455517 0.9823707 5.50225e-6 0 0 0 1 0.9833897 0.021847 -0.1801868 0.1022276 -0.0123108 0.9984718 0.05387371 -1.0087e-4 0.1810885 -0.0507605 0.9821559 5.12227e-6 0 0 0 1 0.9830102 0.0220713 -0.1822189 0.1022275 -0.01304519 0.9986344 0.05058538 -1.00888e-4 0.1830866 -0.04734879 0.981956 4.77955e-6 0 0 0 1 0.9827198 0.02227848 -0.1837538 0.1022274 -0.01366657 0.9987539 0.04800087 -1.00901e-4 0.1845942 -0.04466009 0.9817996 4.50015e-6 0 0 0 1 0.9825619 0.02244925 -0.1845756 0.1022274 -0.01409423 0.998821 0.04645442 -1.00911e-4 0.1854009 -0.04304283 0.9817197 4.33996e-6 0 0 0 1 0.9825809 0.02256357 -0.1844601 0.1022275 -0.01424616 0.9988263 0.04629248 -1.00899e-4 0.1852881 -0.04285806 0.9817492 4.32879e-6 0 0 0 1 0.9828942 0.02270698 -0.1827658 0.1022274 -0.01415097 0.9987479 0.04798287 -1.00896e-4 0.1836265 -0.04457575 0.9819849 4.50015e-6 0 0 0 1 0.9834649 0.02293992 -0.1796395 0.1022275 -0.01394182 0.9985914 0.05119299 -1.00879e-4 0.1805609 -0.04784202 0.9823995 4.82425e-6 0 0 0 1 0.9841187 0.0232073 -0.1759884 0.1022275 -0.01368612 0.9983857 0.05512344 -1.00855e-4 0.1769836 -0.05183935 0.9828477 5.24148e-6 0 0 0 1 0.9846952 0.02345567 -0.1726999 0.1022273 -0.01342922 0.9981678 0.0589984 -1.00836e-4 0.1737673 -0.05577617 0.983206 5.62519e-6 0 0 0 1</float_array>
        <technique_common>
          <accessor source="#node-Bip01_Spine1_matrix-output-array" count="20" stride="16">
            <param name="TRANSFORM" type="float4x4"/>
          </accessor>
        </technique_common>
      </source>
      <source id="node-Bip01_Spine1_matrix-interpolation">
        <Name_array id="node-Bip01_Spine1_matrix-interpolation-array" count="20">LINEAR LINEAR LINEAR LINEAR LINEAR LINEAR LINEAR LINEAR LINEAR LINEAR LINEAR LINEAR LINEAR LINEAR LINEAR LINEAR LINEAR LINEAR LINEAR LINEAR</Name_array>
        <technique_common>
          <accessor source="#node-Bip01_Spine1_matrix-interpolation-array" count="20" stride="1">
            <param name="INTERPOLATION" type="name"/>
          </accessor>
        </technique_common>
      </source>
      <source id="node-Bip01_Head_matrix-input">
        <float_array id="node-Bip01_Head_matrix-input-array" count="20">8.333333 8.366667 8.4 8.433333 8.466666 8.5 8.533334 8.566667 8.6 8.633333 8.666667 8.7 8.733334 8.766666 8.8 8.833333 8.866667 8.9 8.933333 8.966666</float_array>
