<?xml version="1.0" encoding="utf-8"?>
<COLLADA xmlns="http://www.collada.org/2005/11/COLLADASchema" version="1.4.1">
  <asset>
    <contributor>
      <author>MattO</author>
      <authoring_tool>OpenCOLLADA for 3ds Max;  Version: 1.3.0;  Revision: 839M;  Platform: x64;  Configuration: Release_Max2012</authoring_tool>
      <source_data>file:///C:/Dropbox/Prj/GGStout/Turret/TP_ProxMine_PlayerAnims.max</source_data>
    </contributor>
    <created>2011-09-30T17:59:38</created>
    <modified>2011-09-30T17:59:38</modified>
    <unit name="meter" meter="1"/>
    <up_axis>Z_UP</up_axis>
  </asset>
  <library_effects>
    <effect id="ShapeBounds">
      <profile_COMMON>
        <technique sid="common">
          <blinn>
            <emission>
              <color>0 0 0 1</color>
            </emission>
            <ambient>
              <color>0.1647059 1 0 1</color>
            </ambient>
            <diffuse>
              <color>0.1647059 1 0 1</color>
            </diffuse>
            <specular>
              <color>0.9 0.9 0.9 1</color>
            </specular>
            <shininess>
              <float>10</float>
            </shininess>
            <reflective>
              <color>0 0 0 1</color>
            </reflective>
            <transparent opaque="A_ONE">
              <color>1 1 1 1</color>
            </transparent>
            <transparency>
              <float>1</float>
            </transparency>
          </blinn>
        </technique>
      </profile_COMMON>
      <extra>
        <technique profile="OpenCOLLADA3dsMax">
          <extended_shader>
            <apply_reflection_dimming>0</apply_reflection_dimming>
            <dim_level>0</dim_level>
            <falloff_type>0</falloff_type>
            <index_of_refraction>1.5</index_of_refraction>
            <opacity_type>0</opacity_type>
            <reflection_level>3</reflection_level>
            <wire_size>1</wire_size>
            <wire_units>0</wire_units>
          </extended_shader>
          <shader>
            <ambient_diffuse_lock>1</ambient_diffuse_lock>
            <ambient_diffuse_texture_lock>1</ambient_diffuse_texture_lock>
            <diffuse_specular_lock>0</diffuse_specular_lock>
            <soften>0.1</soften>
            <use_self_illum_color>0</use_self_illum_color>
          </shader>
        </technique>
      </extra>
    </effect>
  </library_effects>
  <library_materials>
    <material id="ShapeBounds-material" name="ShapeBounds">
      <instance_effect url="#ShapeBounds"/>
    </material>
  </library_materials>
  <library_geometries>
    <geometry id="geom-Bounds" name="Bounds">
      <mesh>
        <source id="geom-Bounds-positions">
          <float_array id="geom-Bounds-positions-array" count="24">-0.425 -0.425 0 0.425 -0.425 0 -0.425 0.425 0 0.425 0.425 0 -0.425 -0.425 1.84 0.425 -0.425 1.84 -0.425 0.425 1.84 0.425 0.425 1.84</float_array>
          <technique_common>
            <accessor source="#geom-Bounds-positions-array" count="8" stride="3">
              <param name="X" type="float"/>
              <param name="Y" type="float"/>
              <param name="Z" type="float"/>
            </accessor>
          </technique_common>
        </source>
        <source id="geom-Bounds-normals">
          <float_array id="geom-Bounds-normals-array" count="72">0 0 -1 0 0 -1 0 0 -1 0 0 -1 0 0 1 0 0 1 0 0 1 0 0 1 0 -1 0 0 -1 0 0 -1 0 0 -1 0 1 0 0 1 0 0 1 0 0 1 0 0 0 1 0 0 1 0 0 1 0 0 1 0 -1 0 0 -1 0 0 -1 0 0 -1 0 0</float_array>
          <technique_common>
            <accessor source="#geom-Bounds-normals-array" count="24" stride="3">
              <param name="X" type="float"/>
              <param name="Y" type="float"/>
              <param name="Z" type="float"/>
            </accessor>
          </technique_common>
        </source>
        <source id="geom-Bounds-map1">
          <float_array id="geom-Bounds-map1-array" count="36">0 0 0 1 0 0 0 1 0 1 1 0 0 0 0 1 0 0 0 1 0 1 1 0 0 0 0 1 0 0 0 1 0 1 1 0</float_array>
          <technique_common>
            <accessor source="#geom-Bounds-map1-array" count="12" stride="3">
              <param name="S" type="float"/>
              <param name="T" type="float"/>
              <param name="P" type="float"/>
            </accessor>
          </technique_common>
        </source>
        <vertices id="geom-Bounds-vertices">
          <input semantic="POSITION" source="#geom-Bounds-positions"/>
        </vertices>
        <triangles material="ShapeBounds" count="12">
          <input semantic="VERTEX" source="#geom-Bounds-vertices" offset="0"/>
          <input semantic="NORMAL" source="#geom-Bounds-normals" offset="1"/>
          <input semantic="TEXCOORD" source="#geom-Bounds-map1" offset="2" set="0"/>
          <p>0 0 9 2 1 11 3 2 10 3 2 10 1 3 8 0 0 9 4 4 8 5 5 9 7 6 11 7 6 11 6 7 10 4 4 8 0 8 4 1 9 5 5 10 7 5 10 7 4 11 6 0 8 4 1 12 0 3 13 1 7 14 3 7 14 3 5 15 2 1 12 0 3 16 4 2 17 5 6 18 7 6 18 7 7 19 6 3 16 4 2 20 0 0 21 1 4 22 3 4 22 3 6 23 2 2 20 0</p>
        </triangles>
      </mesh>
      <extra>
        <technique profile="OpenCOLLADA3dsMax">
          <max_box>
            <generateuvs>1</generateuvs>
            <height>1.84</height>
            <heightsegments>1</heightsegments>
            <length>0.85</length>
            <lengthsegments>1</lengthsegments>
            <width>0.85</width>
            <widthsegments>1</widthsegments>
          </max_box>
        </technique>
      </extra>
    </geometry>
  </library_geometries>
  <library_lights>
    <light id="EnvironmentAmbientLight" name="EnvironmentAmbientLight">
      <technique_common>
        <ambient>
          <color>0 0 0</color>
        </ambient>
      </technique_common>
    </light>
  </library_lights>
  <library_visual_scenes>
    <visual_scene id="MaxScene">
      <node name="EnvironmentAmbientLight">
        <instance_light url="#EnvironmentAmbientLight"/>
      </node>
      <node id="node-Bip01" name="Bip01">
        <matrix sid="matrix">0.7792376 -0.6267174 0.003750255 -7.35197e-5 0.6267048 0.7791419 -0.01338059 0.008795674 0.005463867 0.01277696 0.9999034 0.6083866 0 0 0 1</matrix>
        <node id="node-Bip01_Pelvis" name="Bip01_Pelvis">
          <matrix sid="matrix">0.1367748 0.9892851 0.0510668 0 0.1862078 -0.07630827 0.9795427 0 0.9729436 -0.1244677 -0.1946497 0 0 0 0 1</matrix>
          <node id="node-Bip01_Spine" name="Bip01_Spine">
            <matrix sid="matrix">0.9721783 0.199325 0.1230413 0.1974801 -0.1159738 0.865953 -0.4864934 0.001460306 -0.2035183 0.4586888 0.8649769 -0.03746152 0 0 0 1</matrix>
            <node id="node-Bip01_Spine1" name="Bip01_Spine1">
              <matrix>0.9940996 -0.1082492 -0.006932087 0.1022406 0.1067967 0.9879403 -0.1121099 -9.9808e-5 0.01898429 0.110708 0.9936717 -1.11805e-5 0 0 0 1</matrix>
              <node id="node-Bip01_Spine2" name="Bip01_Spine2">
                <matrix>0.9832369 -0.1773751 0.04222756 0.1268965 0.1810741 0.977065 -0.1120531 -1.67355e-4 -0.02138362 0.1178211 0.9928046 -2.01799e-5 0 0 0 1</matrix>
                <node id="node-Bip01_Neck" name="Bip01_Neck">
                  <matrix>0.9021775 -0.4308735 0.02058498 0.215107 0.4312887 0.9018875 -0.02426413 -4.96954e-5 -0.008110575 0.03076862 0.9994935 -1.68383e-6 0 0 0 1</matrix>
                  <node id="node-Bip01_Head" name="Bip01_Head">
                    <matrix>0.8383279 0.5202501 -0.162929 0.07051808 -0.5361002 0.8409863 -0.0730649 -0.01395911 0.09900907 0.1485987 0.9839286 -7.45058e-9 0 0 0 1</matrix>
                    <node id="node-ALTEYE" name="ALTEYE">
                      <matrix sid="matrix">0.02560569 0.1476118 0.9887143 0.06454694 0.05523413 0.9873187 -0.1488338 0.2214611 -0.9981452 0.05842143 0.01712766 0.04716256 0 0 0 1</matrix>
                    </node>
                  </node>
                  <node id="node-Bip01_L_Clavicle" name="Bip01_L_Clavicle">
                    <matrix>-0.3164032 -0.4320403 0.8445295 -0.02496189 0.2105159 -0.9000475 -0.3815722 -0.01206517 0.9249713 0.05705629 0.3757294 0.06855243 0 0 0 1</matrix>
                    <node id="node-Bip01_L_UpperArm" name="Bip01_L_UpperArm">
                      <matrix sid="matrix">0.5532926 0.2334459 0.7996063 0.1824006 -0.3048368 0.950084 -0.06644443 2.98023e-8 -0.7752045 -0.2069863 0.5968374 0 0 0 0 1</matrix>
                      <node id="node-Bip01_L_Forearm" name="Bip01_L_Forearm">
                        <matrix sid="matrix">-0.05100529 0.9986982 0 0.2843689 -0.9986984 -0.05100528 -9.8953e-10 7.45058e-9 -3.72529e-9 -5.96046e-8 1 0 0 0 0 1</matrix>
                        <node id="node-Bip01_L_Hand" name="Bip01_L_Hand">
                          <matrix sid="matrix">0.9903454 0.06143541 -0.1242653 0.281068 0.1305427 -0.1117523 0.9851244 -5.96046e-8 0.04663458 -0.9918352 -0.1186933 0 0 0 0 1</matrix>
                          <node id="node-Bip01_L_Finger0" name="Bip01_L_Finger0">
                            <matrix>0.345179 0.6252524 0.6999362 0.02119681 0.5973265 0.4288769 -0.6776914 -0.004734248 -0.7239147 0.6520153 -0.2254408 -0.02572191 0 0 0 1</matrix>
                            <node id="node-Bip01_L_Finger01" name="Bip01_L_Finger01">
                              <matrix>0.9455186 -0.3255681 1.49012e-8 0.04982853 0.3255681 0.9455187 1.49012e-8 5.96046e-8 3.72529e-8 0 1 -5.96046e-8 0 0 0 1</matrix>
                              <node id="node-Bip01_L_Finger02" name="Bip01_L_Finger02">
                                <matrix>0.9203137 0.3911815 -2.23517e-8 0.05202237 -0.3911815 0.9203138 0 1.19209e-7 -1.49012e-8 1.49012e-8 1 0 0 0 0 1</matrix>
                              </node>
                            </node>
                          </node>
                          <node id="node-Bip01_L_Finger1" name="Bip01_L_Finger1">
                            <matrix>0.9541454 -0.2819769 -0.1004766 0.1199946 0.2718616 0.9567644 -0.1034069 -0.008367598 0.1252908 0.07134956 0.9895512 -0.0410139 0 0 0 1</matrix>
                            <node id="node-Bip01_L_Finger11" name="Bip01_L_Finger11">
                              <matrix>0.9363124 -0.3511682 -1.49012e-8 0.03644183 0.3511683 0.9363124 0 -5.96046e-8 -5.96046e-8 -1.49012e-8 0.9999999 0 0 0 0 1</matrix>
                              <node id="node-Bip01_L_Finger12" name="Bip01_L_Finger12">
                                <matrix>0.7785828 -0.6275421 2.98023e-8 0.03117543 0.6275421 0.7785828 0 0 0 -1.49012e-8 1 0 0 0 0 1</matrix>
                              </node>
                            </node>
                          </node>
                          <node id="node-Bip01_L_Finger2" name="Bip01_L_Finger2">
                            <matrix>0.7812486 -0.6233676 -0.03260919 0.1229538 0.6235424 0.7769018 0.08728345 -0.008802027 -0.02907553 -0.08852328 0.9956496 -0.01328242 0 0 0 1</matrix>
                            <node id="node-Bip01_L_Finger21" name="Bip01_L_Finger21">
                              <matrix>0.7620707 -0.6474939 1.49012e-8 0.03895523 0.6474939 0.7620707 -3.72529e-9 -5.96046e-8 0 -7.45058e-9 1 0 0 0 0 1</matrix>
                              <node id="node-Bip01_L_Finger22" name="Bip01_L_Finger22">
                                <matrix>0.9762961 -0.2164396 -7.45058e-9 0.03800535 0.2164396 0.9762961 -7.45058e-9 2.98023e-8 0 -7.45058e-9 1 0 0 0 0 1</matrix>
                              </node>
                            </node>
                          </node>
                          <node id="node-Bip01_L_Finger3" name="Bip01_L_Finger3">
                            <matrix>0.4124632 -0.9064789 -0.09038848 0.1211882 0.9061531 0.3980613 0.1429456 -0.001191318 -0.09359702 -0.1408656 0.9855945 0.01196867 0 0 0 1</matrix>
                            <node id="node-Bip01_L_Finger31" name="Bip01_L_Finger31">
                              <matrix>0.9381478 -0.3462351 0 0.03155845 0.3462351 0.9381478 -7.45058e-9 1.19209e-7 0 -2.98023e-8 1 0 0 0 0 1</matrix>
                              <node id="node-Bip01_L_Finger32" name="Bip01_L_Finger32">
                                <matrix>0.9636304 -0.2672384 -3.72529e-9 0.03366598 0.2672384 0.9636305 1.49012e-8 5.96046e-8 1.76951e-8 1.49012e-8 1 5.96046e-8 0 0 0 1</matrix>
                              </node>
                            </node>
                          </node>
                          <node id="node-Bip01_L_Finger4" name="Bip01_L_Finger4">
                            <matrix>0.07120571 -0.9696806 0.2337719 0.1136796 0.9750153 0.1171046 0.1887628 0.005147427 -0.2104154 0.2144901 0.953792 0.03886575 0 0 0 1</matrix>
                            <node id="node-Bip01_L_Finger41" name="Bip01_L_Finger41">
                              <matrix>0.9790111 -0.203807 0 0.03661619 0.2038069 0.9790112 0 -5.96046e-8 1.86265e-9 -1.49012e-8 1 -5.96046e-8 0 0 0 1</matrix>
                              <node id="node-Bip01_L_Finger42" name="Bip01_L_Finger42">
                                <matrix>0.9645151 0.2640274 9.31323e-10 0.01772633 -0.2640274 0.9645151 1.49012e-8 0 0 -1.49012e-8 0.9999999 1.19209e-7 0 0 0 1</matrix>
                              </node>
                            </node>
                          </node>
                        </node>
                      </node>
                    </node>
                  </node>
                  <node id="node-Bip01_R_Clavicle" name="Bip01_R_Clavicle">
                    <matrix>-0.3137374 -0.4318158 -0.8456381 -0.02385306 0.06845218 -0.8985737 0.4334507 -0.01627076 -0.9470391 0.07810394 0.3114749 -0.06807299 0 0 0 1</matrix>
                    <node id="node-Bip01_R_UpperArm" name="Bip01_R_UpperArm">
                      <matrix sid="matrix">0.4338745 0.6539886 -0.6197193 0.1824007 -0.6633172 0.6973467 0.2715105 2.98023e-8 0.609724 0.2932689 0.7363627 0 0 0 0 1</matrix>
                      <node id="node-Bip01_R_Forearm" name="Bip01_R_Forearm">
                        <matrix>0.2260511 0.9741154 -2.98023e-8 0.2843689 -0.9741156 0.2260512 7.45058e-9 0 -8.19564e-8 2.98023e-8 1 0 0 0 0 1</matrix>
                        <node id="node-Bip01_R_Hand" name="Bip01_R_Hand">
                          <matrix sid="matrix">0.9526313 0.3036848 0.01640069 0.281068 0.104862 -0.2773658 -0.9550245 0 -0.2854775 0.9115062 -0.2960724 0 0 0 0 1</matrix>
                          <node id="node-Bip01_R_Finger0" name="Bip01_R_Finger0">
                            <matrix>0.4668741 0.3554855 -0.8097275 0.02119678 0.6514514 0.4809566 0.586764 -0.004734248 0.5980299 -0.801443 -0.007035524 0.02572185 0 0 0 1</matrix>
                            <node id="node-Bip01_R_Finger01" name="Bip01_R_Finger01">
                              <matrix>0.8647895 -0.4978737 0.06527565 0.04982859 0.4938731 0.866828 0.06854735 -5.96046e-8 -0.09071078 -0.02704125 0.9955101 0 0 0 0 1</matrix>
                              <node id="node-Bip01_R_Finger02" name="Bip01_R_Finger02">
                                <matrix>0.8489717 0.5284383 1.11759e-8 0.05202243 -0.5284383 0.8489717 0 5.96046e-8 -8.19564e-8 7.45058e-9 0.9999999 0 0 0 0 1</matrix>
                              </node>
                            </node>
                          </node>
                          <node id="node-Bip01_R_Finger1" name="Bip01_R_Finger1">
                            <matrix>0.9820225 -0.1733427 -0.07472674 0.1199947 0.1795577 0.9799358 0.08651489 -0.008367538 0.05823065 -0.09837732 0.9934441 0.04101396 0 0 0 1</matrix>
                            <node id="node-Bip01_R_Finger11" name="Bip01_R_Finger11">
                              <matrix>0.9425994 -0.3339258 0 0.03644168 0.3339258 0.9425993 0 2.98023e-8 -3.72529e-8 -2.98023e-8 0.9999999 0 0 0 0 1</matrix>
                              <node id="node-Bip01_R_Finger12" name="Bip01_R_Finger12">
                                <matrix>0.9832969 -0.181085 0.01831837 0.03117535 0.181519 0.9830508 -0.02573049 0 -0.01334844 0.02862585 0.9995011 -1.19209e-7 0 0 0 1</matrix>
                              </node>
                            </node>
                          </node>
                          <node id="node-Bip01_R_Finger2" name="Bip01_R_Finger2">
                            <matrix>0.95364 -0.3009502 -1.52133e-4 0.1229538 0.3006933 0.9528467 -0.04082685 -0.008801997 0.01243179 0.03888837 0.9991664 0.01328236 0 0 0 1</matrix>
                            <node id="node-Bip01_R_Finger21" name="Bip01_R_Finger21">
                              <matrix>0.9579763 -0.2847232 -0.0348487 0.03895521 0.2827407 0.9577502 -0.05265062 -2.98023e-8 0.0483672 0.0405849 0.9980048 5.96046e-8 0 0 0 1</matrix>
                              <node id="node-Bip01_R_Finger22" name="Bip01_R_Finger22">
                                <matrix>0.9719919 -0.234256 0.01886613 0.03800541 0.2315868 0.9683847 0.09272986 0 -0.03999221 -0.08576352 0.9955125 -5.96046e-8 0 0 0 1</matrix>
                              </node>
                            </node>
                          </node>
                          <node id="node-Bip01_R_Finger3" name="Bip01_R_Finger3">
                            <matrix>0.9425171 -0.3272582 0.06755452 0.1211881 0.3338162 0.9129714 -0.234627 -0.001191258 0.01510824 0.2436908 0.9697352 -0.01196861 0 0 0 1</matrix>
                            <node id="node-Bip01_R_Finger31" name="Bip01_R_Finger31">
                              <matrix>0.6606858 -0.7494742 0.04222353 0.03155839 0.7450769 0.6615804 0.08468729 5.96046e-8 -0.09140519 -0.02449193 0.9955126 0 0 0 0 1</matrix>
                              <node id="node-Bip01_R_Finger32" name="Bip01_R_Finger32">
                                <matrix>0.8335401 -0.5515912 -0.03095104 0.03366596 0.5520073 0.8338155 0.006297071 -5.96046e-8 0.02233403 -0.02233406 0.999501 0 0 0 0 1</matrix>
                              </node>
                            </node>
                          </node>
                          <node id="node-Bip01_R_Finger4" name="Bip01_R_Finger4">
                            <matrix>0.7372703 -0.6748959 -0.03078975 0.1136797 0.6745099 0.7379035 -0.02312395 0.005147427 0.03832611 -0.003719337 0.9992584 -0.03886569 0 0 0 1</matrix>
                            <node id="node-Bip01_R_Finger41" name="Bip01_R_Finger41">
                              <matrix>0.4202555 -0.9064698 0.04120618 0.03661615 0.9068531 0.421151 0.01578785 5.96046e-8 -0.03166522 0.03073305 0.9990259 0 0 0 0 1</matrix>
                              <node id="node-Bip01_R_Finger42" name="Bip01_R_Finger42">
                                <matrix>0.402447 -0.9138247 -0.05441485 0.0177263 0.9154232 0.4021218 0.01728318 -5.96046e-8 0.006087609 -0.05676818 0.9983689 1.19209e-7 0 0 0 1</matrix>
                              </node>
                            </node>
                          </node>
                          <node id="node-MOUNT0" name="MOUNT0">
                            <matrix>-6.22822e-7 1 -1.49012e-8 0.1095391 -1 -6.62869e-7 4.73112e-7 0.0251826 4.76837e-7 1.49012e-8 1 0.01321661 0 0 0 1</matrix>
                          </node>
                        </node>
                      </node>
                    </node>
                  </node>
                </node>
                <node id="node-Bip01_L_Pauldron_Upper" name="Bip01_L_Pauldron_Upper">
                  <matrix>0.9726136 0.1182849 0.2000785 0.1769029 0.1284546 -0.9909647 -0.03858752 -0.0390837 0.1937063 0.0632318 -0.9790198 0.2290199 0 0 0 1</matrix>
                </node>
                <node id="node-Bip01_R_Pauldron_Lower" name="Bip01_R_Pauldron_Lower">
                  <matrix>-0.343633 -0.7757339 -0.5292955 0.1906282 0.7213451 -0.5789211 0.3801477 -0.1308313 -0.6013135 -0.2511733 0.758508 -0.2272985 0 0 0 1</matrix>
                </node>
                <node id="node-Bip01_L_Pauldron_Lower" name="Bip01_L_Pauldron_Lower">
                  <matrix>-0.6963176 -0.3999607 0.5959646 0.1906877 0.2072264 -0.9070121 -0.3665884 -0.05679907 0.6871681 -0.1317623 0.7144503 0.2611732 0 0 0 1</matrix>
                </node>
              </node>
            </node>
            <node id="node-Bip01_L_Thigh" name="Bip01_L_Thigh">
              <matrix sid="matrix">-0.3618211 0.9319926 -0.0217965 -0.2253866 0.8838201 0.3503695 0.3100045 0.0350326 0.2965588 0.092902 -0.9504852 0.1190883 0 0 0 1</matrix>
              <node id="node-Bip01_L_Calf" name="Bip01_L_Calf">
                <matrix sid="matrix">-0.4135503 0.9104816 -1.58325e-8 0.4629988 -0.9104814 -0.4135503 -3.72529e-9 5.96046e-8 -2.98023e-8 5.21541e-8 1 7.45058e-9 0 0 0 1</matrix>
                <node id="node-Bip01_L_Foot" name="Bip01_L_Foot">
                  <matrix sid="matrix">0.7544194 -0.645346 -0.1199169 0.3610501 0.6553507 0.7508354 0.08222931 -7.45058e-9 0.03697146 -0.1406229 0.9893727 7.45058e-9 0 0 0 1</matrix>
                  <node id="node-Bip01_L_Toe0" name="Bip01_L_Toe0">
                    <matrix>4.69387e-7 -1 1.38953e-6 0.1486306 0.9999999 4.76837e-7 2.21771e-8 0.1543275 -2.22353e-8 1.39046e-6 1 0 0 0 0 1</matrix>
                  </node>
                </node>
              </node>
            </node>
            <node id="node-Bip01_R_Thigh" name="Bip01_R_Thigh">
              <matrix sid="matrix">-0.7514006 0.4853098 0.4470696 -0.1734946 0.5081157 0.8578224 -0.07719388 -0.08192082 -0.4209693 0.1691596 -0.891162 -0.1014571 0 0 0 1</matrix>
              <node id="node-Bip01_R_Calf" name="Bip01_R_Calf">
                <matrix sid="matrix">-0.4964834 0.8680463 0 0.4629987 -0.8680462 -0.4964833 0 2.98023e-8 -1.86265e-8 0 1 0 0 0 0 1</matrix>
                <node id="node-Bip01_R_Foot" name="Bip01_R_Foot">
                  <matrix sid="matrix">0.860016 -0.5056586 0.06842432 0.3610501 0.4843568 0.8511607 0.202297 0 -0.1605334 -0.1408369 0.976931 -2.98023e-8 0 0 0 1</matrix>
                  <node id="node-Bip01_R_Toe0" name="Bip01_R_Toe0">
                    <matrix sid="matrix">-0.4769143 -0.8369299 0.2685165 0.1486307 0.8723611 -0.4880459 0.02823372 0.1543275 0.1074188 0.2477084 0.9628612 -2.98023e-8 0 0 0 1</matrix>
                  </node>
                </node>
              </node>
            </node>
          </node>
          <node id="node-Bip01_FannyPack" name="Bip01_FannyPack">
            <matrix>-0.8322091 -0.4771122 0.2824753 0.2028495 -0.493215 0.8697606 0.01598549 -0.1504242 -0.2533128 -0.1260178 -0.9591416 -0.008565143 0 0 0 1</matrix>
          </node>
        </node>
        <node id="node-EYE" name="EYE">
          <matrix sid="matrix">0.7792378 0.6267046 0.005463829 0.06782673 -0.6267174 0.7791417 0.01277699 0.08397853 0.003750302 -0.01338077 0.9999032 0.9605372 0 0 0 1</matrix>
          <node id="node-CAM" name="CAM">
            <matrix>1 -6.03104e-8 3.55271e-15 4.84288e-8 6.03104e-8 1 -2.32831e-9 -0.104 -3.55271e-15 2.32832e-9 1 0.3005601 0 0 0 1</matrix>
          </node>
        </node>
      </node>
      <node id="node-Bounds" name="Bounds">
        <matrix>0.9999915 0.001706907 0.003750479 0 -0.001711356 0.9999978 0.001183292 0.1035326 -0.003748452 -0.0011897 0.9999923 -8.93474e-5 0 0 0 1</matrix>
        <instance_geometry url="#geom-Bounds">
          <bind_material>
            <technique_common>
              <instance_material symbol="ShapeBounds" target="#ShapeBounds-material"/>
            </technique_common>
          </bind_material>
        </instance_geometry>
      </node>
    </visual_scene>
  </library_visual_scenes>
  <library_animations>
    <animation>
      <source id="node-Bip01_matrix-input">
        <float_array id="node-Bip01_matrix-input-array" count="16">35.16667 35.2 35.23333 35.26667 35.3 35.33333 35.36666 35.4 35.43333 35.46667 35.5 35.53333 35.56667 35.6 35.63334 35.66667</float_array>
        <technique_common>
          <accessor source="#node-Bip01_matrix-input-array" count="16" stride="1">
            <param name="TIME" type="float"/>
          </accessor>
        </technique_common>
      </source>
      <source id="node-Bip01_matrix-output">
        <float_array id="node-Bip01_matrix-output-array" count="256">0.7792376 -0.6267174 0.003750205 -7.35197e-5 0.6267048 0.7791419 -0.01338058 0.008795619 0.005463838 0.01277691 0.9999035 0.6083866 0 0 0 1 0.7792376 -0.6267173 0.003750264 -8.10623e-5 0.6267178 0.7792454 0.00118345 0.009376823 -0.003664016 0.001428127 0.9999923 0.5656687 0 0 0 1 0.7792376 -0.6267174 0.003750264 -1.0427e-4 0.6259323 0.7785352 0.04573512 0.01117169 -0.03158271 -0.0332911 0.9989466 0.5523875 0 0 0 1 0.7792376 -0.6267174 0.003750324 -1.4114e-4 0.6221312 0.7742311 0.1162714 0.014023 -0.07577294 -0.08826982 0.9932104 0.5645337 0 0 0 1 0.7792376 -0.6267175 0.003750383 -1.75124e-4 0.6158329 0.7667875 0.1810712 0.01663869 -0.1163563 -0.1387879 0.9834628 0.5885499 0 0 0 1 0.7792376 -0.6267175 0.003750383 -1.89677e-4 0.6122217 0.7624669 0.2093532 0.01772701 -0.1340649 -0.1608397 0.9778329 0.6108787 0 0 0 1 0.7792376 -0.6267175 0.003750383 -1.86472e-4 0.6128337 0.7632009 0.2048393 0.01741588 -0.1312387 -0.1573201 0.9787884 0.628846 0 0 0 1 0.7792376 -0.6267175 0.003750383 -1.78842e-4 0.6144539 0.7651407 0.1923696 0.01674681 -0.123431 -0.1475971 0.9813154 0.6484722 0 0 0 1 0.7792376 -0.6267174 0.003750383 -1.67728e-4 0.6167055 0.7678277 0.1735367 0.01579785 -0.1116381 -0.1329134 0.9848203 0.6692421 0 0 0 1 0.7792376 -0.6267175 0.003750383 -1.54075e-4 0.6191982 0.7707857 0.1499432 0.01464748 -0.09686279 -0.1145191 0.9886875 0.6906358 0 0 0 1 0.7792376 -0.6267173 0.003750324 -1.38823e-4 0.6215862 0.7735951 0.123212 0.01337367 -0.08012038 -0.09368026 0.9923733 0.7121379 0 0 0 1 0.7792376 -0.6267173 0.003750324 -1.22915e-4 0.6236097 0.7759421 0.09499943 0.0120548 -0.06244784 -0.07168841 0.9954703 0.7332319 0 0 0 1 0.7792376 -0.6267175 0.003750264 -1.07293e-4 0.6251183 0.7776501 0.0669893 0.010769 -0.04489982 -0.04985618 0.9977467 0.7534009 0 0 0 1 0.7792377 -0.6267173 0.003750264 -9.28976e-5 0.6260783 0.7786878 0.0408802 0.00959438 -0.02854061 -0.02950739 0.999157 0.7721297 0 0 0 1 0.7792376 -0.6267174 0.003750264 -8.0674e-5 0.6265622 0.7791547 0.01837998 0.008609414 -0.01444107 -0.0119726 0.9998241 0.7888985 0 0 0 1 0.7792376 -0.6267173 0.003750264 -7.15628e-5 0.6267178 0.7792454 0.00118345 0.007892131 -0.003664016 0.001428127 0.9999923 0.8031921 0 0 0 1</float_array>
        <technique_common>
          <accessor source="#node-Bip01_matrix-output-array" count="16" stride="16">
            <param name="TRANSFORM" type="float4x4"/>
          </accessor>
        </technique_common>
      </source>
      <source id="node-Bip01_matrix-interpolation">
        <Name_array id="node-Bip01_matrix-interpolation-array" count="16">LINEAR LINEAR LINEAR LINEAR LINEAR LINEAR LINEAR LINEAR LINEAR LINEAR LINEAR LINEAR LINEAR LINEAR LINEAR LINEAR</Name_array>
        <technique_common>
          <accessor source="#node-Bip01_matrix-interpolation-array" count="16" stride="1">
            <param name="INTERPOLATION" type="name"/>
          </accessor>
        </technique_common>
      </source>
      <source id="node-Bip01_Pelvis_matrix-input">
        <float_array id="node-Bip01_Pelvis_matrix-input-array" count="16">35.16667 35.2 35.23333 35.26667 35.3 35.33333 35.36666 35.4 35.43333 35.46667 35.5 35.53333 35.56667 35.6 35.63334 35.66667</float_array>
        <technique_common>
          <accessor source="#node-Bip01_Pelvis_matrix-input-array" count="16" stride="1">
            <param name="TIME" type="float"/>
          </accessor>
        </technique_common>
      </source>
      <source id="node-Bip01_Pelvis_matrix-output">
        <float_array id="node-Bip01_Pelvis_matrix-output-array" count="256">0.1367748 0.9892851 0.05106675 0 0.1862078 -0.07630825 0.9795427 0 0.9729436 -0.1244677 -0.1946496 0 0 0 0 1 0.1277902 0.9901062 0.05796164 0 0.1654049 -0.07889783 0.9830647 0 0.9779114 -0.1160389 -0.1738508 0 0 0 0 1 0.1184398 0.9908437 0.06481325 0 0.1440723 -0.08173024 0.9861862 0 0.9824536 -0.1074659 -0.1524332 0 0 0 0 1 0.1087694 0.9914873 0.07156902 0 0.1223336 -0.08479982 0.9888596 0 0.9865109 -0.09880244 -0.1305158 0 0 0 0 1 0.09883493 0.9920283 0.07817631 0 0.1003274 -0.08809459 0.9910469 0 0.9900335 -0.09010684 -0.1082344 0 0 0 0 1 0.08869004 0.9924607 0.08459126 0 0.07818078 -0.09160006 0.992722 0 0.9929863 -0.08143115 -0.08571541 0 0 0 0 1 0.07839667 0.9927812 0.09077185 0 0.05603164 -0.09529602 0.9938707 0 0.9953463 -0.07283002 -0.06309801 0 0 0 0 1 0.06802004 0.9929885 0.09668171 0 0.03401774 -0.0991581 0.99449 0 0.9971039 -0.06435638 -0.04052394 0 0 0 0 1 0.0576238 0.993084 0.1022922 0 0.01226627 -0.1031592 0.9945893 0 0.9982631 -0.05605727 -0.01812589 0 0 0 0 1 0.04728031 0.9930718 0.1075773 0 -0.009083569 -0.1072659 0.9941889 0 0.9988403 -0.04798275 0.003949046 0 0 0 0 1 0.03705775 0.9929584 0.1125192 0 -0.02990812 -0.1114441 0.9933205 0 0.9988654 -0.04017543 0.02556765 0 0 0 0 1 0.02703064 0.9927519 0.1171032 0 -0.0500763 -0.1156542 0.9920265 0 0.9983796 -0.03267925 0.04658716 0 0 0 0 1 0.01727473 0.9924631 0.12132 0 -0.06946074 -0.1198537 0.9903587 0 0.9974351 -0.02553516 0.06686675 0 0 0 0 1 0.007861971 0.9921047 0.1251665 0 -0.08794599 -0.1239994 0.9883773 0 0.9960944 -0.0187785 0.08627671 0 0 0 0 1 -0.001129329 0.9916905 0.1286424 0 -0.105409 -0.1280438 0.986151 0 0.9944283 -0.01244634 0.1046777 0 0 0 0 1 -0.009626686 0.991236 0.1317526 0 -0.1217414 -0.1319403 0.9837534 0 0.9925152 -0.006569385 0.1219446 0 0 0 0 1</float_array>
        <technique_common>
          <accessor source="#node-Bip01_Pelvis_matrix-output-array" count="16" stride="16">
            <param name="TRANSFORM" type="float4x4"/>
          </accessor>
        </technique_common>
      </source>
      <source id="node-Bip01_Pelvis_matrix-interpolation">
        <Name_array id="node-Bip01_Pelvis_matrix-interpolation-array" count="16">LINEAR LINEAR LINEAR LINEAR LINEAR LINEAR LINEAR LINEAR LINEAR LINEAR LINEAR LINEAR LINEAR LINEAR LINEAR LINEAR</Name_array>
        <technique_common>
          <accessor source="#node-Bip01_Pelvis_matrix-interpolation-array" count="16" stride="1">
            <param name="INTERPOLATION" type="name"/>
          </accessor>
        </technique_common>
      </source>
      <source id="node-Bip01_Spine_matrix-input">
        <float_array id="node-Bip01_Spine_matrix-input-array" count="16">35.16667 35.2 35.23333 35.26667 35.3 35.33333 35.36666 35.4 35.43333 35.46667 35.5 35.53333 35.56667 35.6 35.63334 35.66667</float_array>
        <technique_common>
          <accessor source="#node-Bip01_Spine_matrix-input-array" count="16" stride="1">
            <param name="TIME" type="float"/>
          </accessor>
        </technique_common>
      </source>
      <source id="node-Bip01_Spine_matrix-output">
        <float_array id="node-Bip01_Spine_matrix-output-array" count="256">0.9721783 0.1993249 0.1230413 0.19748 -0.1159738 0.865953 -0.4864934 0.001460254 -0.2035182 0.4586888 0.864977 -0.03746151 0 0 0 1 0.9712058 0.2058089 0.1200082 0.1982303 -0.1224491 0.8633142 -0.4895864 0.003161728 -0.2043659 0.4607945 0.8636569 -0.03313404 0 0 0 1 0.9710495 0.2092016 0.1153159 0.1988862 -0.126944 0.8608546 -0.4927622 0.004889726 -0.2023569 0.463858 0.8624892 -0.02868455 0 0 0 1 0.9720846 0.2081388 0.1083056 0.1994372 -0.1286212 0.8587751 -0.4959458 0.006633222 -0.1962357 0.468171 0.8615729 -0.02413809 0 0 0 1 0.9745941 0.2012453 0.09831964 0.1998752 -0.1266682 0.8572543 -0.4990694 0.008380293 -0.1847203 0.4739362 0.8609663 -0.01952326 0 0 0 1 0.9786847 0.187098 0.08467847 0.2001947 -0.1202784 0.8564053 -0.5020989 0.01012045 -0.1664607 0.4812116 0.8606547 -0.01486623 0 0 0 1 0.9840657 0.1647214 0.06694507 0.2003927 -0.1089547 0.8561748 -0.5050681 0.01184278 -0.1405122 0.489726 0.8604795 -0.01019597 0 0 0 1 0.9897811 0.1350797 0.04568272 0.2004692 -0.09340006 0.8562154 -0.5081059 0.01353663 -0.1077491 0.4986469 0.8600823 -0.005541622 0 0 0 1 0.9947837 0.09966719 0.02171981 0.2004264 -0.07460993 0.8561227 -0.5113584 0.01519274 -0.06956046 0.5070704 0.8590929 -9.30265e-4 0 0 0 1 0.9981862 0.06006586 -0.004077136 0.2002693 -0.05358606 0.8555501 -0.5149397 0.01680129 -0.02744209 0.5142242 0.8572167 0.003608167 0 0 0 1 0.9993641 0.0179218 -0.03082668 0.2000055 -0.03132611 0.8542525 -0.5189137 0.01835393 0.01703393 0.5195495 0.8542707 0.008046686 0 0 0 1 0.9980235 -0.02505671 -0.05763053 0.1996455 -0.008822917 0.8521167 -0.5232774 0.0198422 0.06221956 0.5227516 0.8502114 0.01235651 0 0 0 1 0.9942348 -0.06714403 -0.08359968 0.199201 0.01295459 0.8491728 -0.5279563 0.02125823 0.1064397 0.5238295 0.845147 0.01650929 0 0 0 1 0.9884275 -0.1066439 -0.1078804 0.1986864 0.0330801 0.8455888 -0.532809 0.02259522 0.1480433 0.5230744 0.839331 0.02047914 0 0 0 1 0.9813522 -0.1419061 -0.129655 0.1981182 0.05067396 0.8416544 -0.5376337 0.0238462 0.1854181 0.5210379 0.8331504 0.02423816 0 0 0 1 0.974003 -0.1713646 -0.1481635 0.1975131 0.0649147 0.8377451 -0.5421895 0.02500534 0.2170353 0.5184764 0.8270903 0.02776151 0 0 0 1</float_array>
        <technique_common>
          <accessor source="#node-Bip01_Spine_matrix-output-array" count="16" stride="16">
            <param name="TRANSFORM" type="float4x4"/>
          </accessor>
        </technique_common>
      </source>
      <source id="node-Bip01_Spine_matrix-interpolation">
        <Name_array id="node-Bip01_Spine_matrix-interpolation-array" count="16">LINEAR LINEAR LINEAR LINEAR LINEAR LINEAR LINEAR LINEAR LINEAR LINEAR LINEAR LINEAR LINEAR LINEAR LINEAR LINEAR</Name_array>
        <technique_common>
          <accessor source="#node-Bip01_Spine_matrix-interpolation-array" count="16" stride="1">
            <param name="INTERPOLATION" type="name"/>
          </accessor>
        </technique_common>
      </source>
      <source id="node-ALTEYE_matrix-input">
        <float_array id="node-ALTEYE_matrix-input-array" count="16">35.16667 35.2 35.23333 35.26667 35.3 35.33333 35.36666 35.4 35.43333 35.46667 35.5 35.53333 35.56667 35.6 35.63334 35.66667</float_array>
        <technique_common>
          <accessor source="#node-ALTEYE_matrix-input-array" count="16" stride="1">
            <param name="TIME" type="float"/>
          </accessor>
        </technique_common>
      </source>
      <source id="node-ALTEYE_matrix-output">
        <float_array id="node-ALTEYE_matrix-output-array" count="256">0.02560567 0.1476118 0.9887143 0.06454694 0.05523413 0.9873187 -0.1488338 0.221461 -0.9981452 0.05842143 0.01712763 0.04716253 0 0 0 1 0.02597492 0.1352826 0.9904669 0.06454694 0.05665349 0.9890094 -0.1365693 0.2214611 -0.9980562 0.05966043 0.0180251 0.04716253 0 0 0 1 0.02626991 0.1556802 0.9874585 0.06454694 0.05791914 0.9859029 -0.1569758 0.2214611 -0.9979758 0.06131613 0.01688259 0.04716253 0 0 0 1 0.02648437 0.2064043 0.9781088 0.06454682 0.0589376 0.9764273 -0.2076453 0.2214611 -0.9979104 0.06314647 0.01369494 0.04716253 0 0 0 1 0.02661591 0.2577354 0.9658493 0.06454694 0.0596162 0.9640626 -0.2589014 0.2214611 -0.9978667 0.06447088 0.01029407 0.04716253 0 0 0 1 0.02666151 0.2810475 0.9593238 0.06454694 0.05986285 0.9574937 -0.282175 0.2214611 -0.9978505 0.06495082 0.008703827 0.04716253 0 0 0 1 0.02661597 0.2810543 0.9593232 0.06454694 0.05961644 0.9575087 -0.2821766 0.2214611 -0.9978666 0.06470155 0.008729398 0.04716253 0 0 0 1 0.02648437 0.2810728 0.9593213 0.06454694 0.05893754 0.9575495 -0.2821807 0.2214611 -0.9979104 0.06401312 0.008794248 0.04716253 0 0 0 1 0.02627009 0.281099 0.9593197 0.06454694 0.05791914 0.9576106 -0.2821842 0.2214611 -0.9979758 0.06297564 0.00887537 0.04716253 0 0 0 1 0.02597504 0.2811329 0.9593176 0.06454694 0.05665343 0.9576852 -0.2821884 0.2214611 -0.9980563 0.06167817 0.008948624 0.04716253 0 0 0 1 0.02560585 0.2811709 0.9593164 0.06454694 0.05523431 0.9577671 -0.282191 0.221461 -0.9981453 0.06021255 0.008993983 0.04716253 0 0 0 1 0.0251761 0.2812103 0.9593161 0.06454694 0.05375248 0.9578514 -0.2821913 0.2214611 -0.9982372 0.05866986 0.008999049 0.04716253 0 0 0 1 0.02470928 0.2812486 0.9593174 0.06454694 0.05229783 0.9579324 -0.2821896 0.2214611 -0.9983258 0.05714255 0.008960962 0.04716253 0 0 0 1 0.02423828 0.2812815 0.9593195 0.06454694 0.05095684 0.9580064 -0.282184 0.2214611 -0.9984069 0.0557233 0.008887052 0.04716253 0 0 0 1 0.02380472 0.281311 0.9593217 0.06454694 0.04981237 0.9580678 -0.2821794 0.2214611 -0.9984751 0.05450296 0.008793592 0.04716253 0 0 0 1 0.02345615 0.2813333 0.9593238 0.06454694 0.04894489 0.9581139 -0.282175 0.221461 -0.9985262 0.05357229 0.008703768 0.04716253 0 0 0 1</float_array>
        <technique_common>
          <accessor source="#node-ALTEYE_matrix-output-array" count="16" stride="16">
            <param name="TRANSFORM" type="float4x4"/>
          </accessor>
        </technique_common>
      </source>
      <source id="node-ALTEYE_matrix-interpolation">
        <Name_array id="node-ALTEYE_matrix-interpolation-array" count="16">LINEAR LINEAR LINEAR LINEAR LINEAR LINEAR LINEAR LINEAR LINEAR LINEAR LINEAR LINEAR LINEAR LINEAR LINEAR LINEAR</Name_array>
        <technique_common>
          <accessor source="#node-ALTEYE_matrix-interpolation-array" count="16" stride="1">
            <param name="INTERPOLATION" type="name"/>
          </accessor>
        </technique_common>
      </source>
      <source id="node-Bip01_L_UpperArm_matrix-input">
        <float_array id="node-Bip01_L_UpperArm_matrix-input-array" count="16">35.16667 35.2 35.23333 35.26667 35.3 35.33333 35.36666 35.4 35.43333 35.46667 35.5 35.53333 35.56667 35.6 35.63334 35.66667</float_array>
        <technique_common>
          <accessor source="#node-Bip01_L_UpperArm_matrix-input-array" count="16" stride="1">
            <param name="TIME" type="float"/>
          </accessor>
        </technique_common>
      </source>
      <source id="node-Bip01_L_UpperArm_matrix-output">
        <float_array id="node-Bip01_L_UpperArm_matrix-output-array" count="256">0.5532926 0.2334459 0.7996063 0.1824006 -0.3048368 0.950084 -0.06644439 0 -0.7752045 -0.2069863 0.5968374 0 0 0 0 1 0.5498824 0.2250509 0.8043516 0.1824007 -0.2812328 0.9566722 -0.07540875 0 -0.7864717 -0.184744 0.5893489 0 0 0 0 1 0.5466448 0.2177114 0.8085674 0.1824006 -0.2601094 0.9619907 -0.08317047 0 -0.7959415 -0.1648513 0.5824959 1.19209e-7 0 0 0 1 0.5439023 0.2119042 0.8119525 0.1824007 -0.2430509 0.9658973 -0.08926844 0 -0.8031793 -0.1487924 0.5768572 -1.19209e-7 0 0 0 1 0.5420013 0.2080903 0.814207 0.1824007 -0.2316541 0.9683169 -0.09326928 0 -0.8078189 -0.1380623 0.5730338 1.19209e-7 0 0 0 1 0.54128 0.2067313 0.8150324 0.1824007 -0.2275021 0.9691584 -0.09473621 0 -0.8094807 -0.1341428 0.5716179 0 0 0 0 1 0.5419449 0.2081439 0.8142309 0.1824007 -0.2316316 0.9683135 -0.09336048 0 -0.8078631 -0.1380054 0.5729852 1.19209e-7 0 0 0 1 0.5437912 0.2120097 0.8119995 0.1824007 -0.243007 0.9658915 -0.08945012 0 -0.8032678 -0.1486794 0.5767632 0 0 0 0 1 0.5464819 0.2178662 0.8086358 0.1824007 -0.2600462 0.9619843 -0.08344095 0 -0.796074 -0.1646837 0.5823622 0 0 0 0 1 0.549672 0.2252511 0.8044394 0.1824006 -0.2811529 0.9566677 -0.07576519 0 -0.7866473 -0.1845245 0.5891834 1.19209e-7 0 0 0 1 0.5530401 0.2336862 0.7997106 0.1824007 -0.3047437 0.9500831 -0.06688153 0 -0.7754212 -0.2067186 0.5966486 1.19209e-7 0 0 0 1 0.556312 0.242669 0.7947508 0.1824007 -0.3292728 0.9424951 -0.05729585 0 -0.7629528 -0.2298154 0.6042255 1.19209e-7 0 0 0 1 0.5592744 0.2516686 0.7898577 0.1824007 -0.3532536 0.9343177 -0.04756915 0 -0.7499496 -0.2524158 0.6114428 0 0 0 0 1 0.5617807 0.2601296 0.7853246 0.1824007 -0.3752734 0.9261222 -0.03831583 0 -0.7372737 -0.2731863 0.6178972 1.19209e-7 0 0 0 1 0.5637449 0.2674772 0.7814395 0.1824006 -0.3939952 0.9186165 -0.03019571 0 -0.7259197 -0.2908608 0.62325 1.19209e-7 0 0 0 1 0.5651254 0.273126 0.7784828 0.1824007 -0.4081454 0.9126041 -0.02389603 0 -0.7169736 -0.3042298 0.6272109 0 0 0 0 1</float_array>
        <technique_common>
          <accessor source="#node-Bip01_L_UpperArm_matrix-output-array" count="16" stride="16">
            <param name="TRANSFORM" type="float4x4"/>
          </accessor>
        </technique_common>
      </source>
