<?xml version="1.0" encoding="utf-8"?>
<COLLADA xmlns="http://www.collada.org/2005/11/COLLADASchema" version="1.4.1">
  <asset>
    <contributor>
      <author>MattO</author>
      <authoring_tool>OpenCOLLADA for 3ds Max;  Version: 1.3.0;  Revision: 839M;  Platform: x64;  Configuration: Release_Max2012</authoring_tool>
      <source_data>file:///C:/Dropbox/Prj/GGStout/Turret/TP_ProxMine_PlayerAnims.max</source_data>
    </contributor>
    <created>2011-09-30T17:59:30</created>
    <modified>2011-09-30T17:59:30</modified>
    <unit name="meter" meter="1"/>
    <up_axis>Z_UP</up_axis>
  </asset>
  <library_effects>
    <effect id="ShapeBounds">
      <profile_COMMON>
        <technique sid="common">
          <blinn>
            <emission>
              <color>0 0 0 1</color>
            </emission>
            <ambient>
              <color>0.1647059 1 0 1</color>
            </ambient>
            <diffuse>
              <color>0.1647059 1 0 1</color>
            </diffuse>
            <specular>
              <color>0.9 0.9 0.9 1</color>
            </specular>
            <shininess>
              <float>10</float>
            </shininess>
            <reflective>
              <color>0 0 0 1</color>
            </reflective>
            <transparent opaque="A_ONE">
              <color>1 1 1 1</color>
            </transparent>
            <transparency>
              <float>1</float>
            </transparency>
          </blinn>
        </technique>
      </profile_COMMON>
      <extra>
        <technique profile="OpenCOLLADA3dsMax">
          <extended_shader>
            <apply_reflection_dimming>0</apply_reflection_dimming>
            <dim_level>0</dim_level>
            <falloff_type>0</falloff_type>
            <index_of_refraction>1.5</index_of_refraction>
            <opacity_type>0</opacity_type>
            <reflection_level>3</reflection_level>
            <wire_size>1</wire_size>
            <wire_units>0</wire_units>
          </extended_shader>
          <shader>
            <ambient_diffuse_lock>1</ambient_diffuse_lock>
            <ambient_diffuse_texture_lock>1</ambient_diffuse_texture_lock>
            <diffuse_specular_lock>0</diffuse_specular_lock>
            <soften>0.1</soften>
            <use_self_illum_color>0</use_self_illum_color>
          </shader>
        </technique>
      </extra>
    </effect>
  </library_effects>
  <library_materials>
    <material id="ShapeBounds-material" name="ShapeBounds">
      <instance_effect url="#ShapeBounds"/>
    </material>
  </library_materials>
  <library_geometries>
    <geometry id="geom-Bounds" name="Bounds">
      <mesh>
        <source id="geom-Bounds-positions">
          <float_array id="geom-Bounds-positions-array" count="24">-0.425 -0.425 0 0.425 -0.425 0 -0.425 0.425 0 0.425 0.425 0 -0.425 -0.425 1.84 0.425 -0.425 1.84 -0.425 0.425 1.84 0.425 0.425 1.84</float_array>
          <technique_common>
            <accessor source="#geom-Bounds-positions-array" count="8" stride="3">
              <param name="X" type="float"/>
              <param name="Y" type="float"/>
              <param name="Z" type="float"/>
            </accessor>
          </technique_common>
        </source>
        <source id="geom-Bounds-normals">
          <float_array id="geom-Bounds-normals-array" count="72">0 0 -1 0 0 -1 0 0 -1 0 0 -1 0 0 1 0 0 1 0 0 1 0 0 1 0 -1 0 0 -1 0 0 -1 0 0 -1 0 1 0 0 1 0 0 1 0 0 1 0 0 0 1 0 0 1 0 0 1 0 0 1 0 -1 0 0 -1 0 0 -1 0 0 -1 0 0</float_array>
          <technique_common>
            <accessor source="#geom-Bounds-normals-array" count="24" stride="3">
              <param name="X" type="float"/>
              <param name="Y" type="float"/>
              <param name="Z" type="float"/>
            </accessor>
          </technique_common>
        </source>
        <source id="geom-Bounds-map1">
          <float_array id="geom-Bounds-map1-array" count="36">0 0 0 1 0 0 0 1 0 1 1 0 0 0 0 1 0 0 0 1 0 1 1 0 0 0 0 1 0 0 0 1 0 1 1 0</float_array>
          <technique_common>
            <accessor source="#geom-Bounds-map1-array" count="12" stride="3">
              <param name="S" type="float"/>
              <param name="T" type="float"/>
              <param name="P" type="float"/>
            </accessor>
          </technique_common>
        </source>
        <vertices id="geom-Bounds-vertices">
          <input semantic="POSITION" source="#geom-Bounds-positions"/>
        </vertices>
        <triangles material="ShapeBounds" count="12">
          <input semantic="VERTEX" source="#geom-Bounds-vertices" offset="0"/>
          <input semantic="NORMAL" source="#geom-Bounds-normals" offset="1"/>
          <input semantic="TEXCOORD" source="#geom-Bounds-map1" offset="2" set="0"/>
          <p>0 0 9 2 1 11 3 2 10 3 2 10 1 3 8 0 0 9 4 4 8 5 5 9 7 6 11 7 6 11 6 7 10 4 4 8 0 8 4 1 9 5 5 10 7 5 10 7 4 11 6 0 8 4 1 12 0 3 13 1 7 14 3 7 14 3 5 15 2 1 12 0 3 16 4 2 17 5 6 18 7 6 18 7 7 19 6 3 16 4 2 20 0 0 21 1 4 22 3 4 22 3 6 23 2 2 20 0</p>
        </triangles>
      </mesh>
      <extra>
        <technique profile="OpenCOLLADA3dsMax">
          <max_box>
            <generateuvs>1</generateuvs>
            <height>1.84</height>
            <heightsegments>1</heightsegments>
            <length>0.85</length>
            <lengthsegments>1</lengthsegments>
            <width>0.85</width>
            <widthsegments>1</widthsegments>
          </max_box>
        </technique>
      </extra>
    </geometry>
  </library_geometries>
  <library_lights>
    <light id="EnvironmentAmbientLight" name="EnvironmentAmbientLight">
      <technique_common>
        <ambient>
          <color>0 0 0</color>
        </ambient>
      </technique_common>
    </light>
  </library_lights>
  <library_visual_scenes>
    <visual_scene id="MaxScene">
      <node name="EnvironmentAmbientLight">
        <instance_light url="#EnvironmentAmbientLight"/>
      </node>
      <node id="node-Bip01" name="Bip01">
        <matrix sid="matrix">0.7792375 -0.6267175 0.003750234 -8.10623e-5 0.626718 0.7792453 0.001183394 0.009366653 -0.003664005 0.001428194 0.9999923 0.8622898 0 0 0 1</matrix>
        <node id="node-Bip01_Pelvis" name="Bip01_Pelvis">
          <matrix sid="matrix">-0.01362201 0.9946367 -0.1025299 0 -0.08326687 0.1010549 0.9913902 0 0.996434 0.02204208 0.0814437 0 0 0 0 1</matrix>
          <node id="node-Bip01_Spine" name="Bip01_Spine">
            <matrix sid="matrix">0.9808826 -0.1592282 -0.1118732 0.1981867 0.1137264 0.9355392 -0.3344139 0.03078867 0.1579099 0.3152979 0.9357625 0.01347277 0 0 0 1</matrix>
            <node id="node-Bip01_Spine1" name="Bip01_Spine1">
              <matrix>0.9940996 -0.1082492 -0.006932089 0.1022408 0.1067967 0.9879402 -0.1121099 -9.98154e-5 0.01898431 0.1107081 0.9936718 -1.11908e-5 0 0 0 1</matrix>
              <node id="node-Bip01_Spine2" name="Bip01_Spine2">
                <matrix>0.983237 -0.177375 0.04222758 0.1268964 0.1810741 0.9770653 -0.1120531 -1.67325e-4 -0.02138369 0.1178211 0.9928047 -2.01687e-5 0 0 0 1</matrix>
                <node id="node-Bip01_Neck" name="Bip01_Neck">
                  <matrix>0.9021776 -0.4308737 0.02058497 0.2151072 0.4312887 0.9018876 -0.02426415 -4.97401e-5 -0.008110587 0.03076864 0.9994937 -1.69128e-6 0 0 0 1</matrix>
                  <node id="node-Bip01_Head" name="Bip01_Head">
                    <matrix>0.8383279 0.5202501 -0.162929 0.07051814 -0.5361001 0.8409863 -0.07306488 -0.01395905 0.0990091 0.1485986 0.9839286 0 0 0 0 1</matrix>
                    <node id="node-ALTEYE" name="ALTEYE">
                      <matrix>0.02345617 0.2813332 0.9593239 0.06454706 0.04894472 0.9581139 -0.2821751 0.221461 -0.9985261 0.05357213 0.008703768 0.04716256 0 0 0 1</matrix>
                    </node>
                  </node>
                  <node id="node-Bip01_L_Clavicle" name="Bip01_L_Clavicle">
                    <matrix>-0.3164032 -0.4320402 0.8445294 -0.02496195 0.2105159 -0.9000474 -0.381572 -0.01206517 0.9249713 0.05705629 0.3757294 0.06855243 0 0 0 1</matrix>
                    <node id="node-Bip01_L_UpperArm" name="Bip01_L_UpperArm">
                      <matrix sid="matrix">0.5575124 0.2804281 0.7813704 0.1824007 -0.4058955 0.9131249 -0.03810493 2.98023e-8 -0.7241749 -0.2959107 0.6229029 1.19209e-7 0 0 0 1</matrix>
                      <node id="node-Bip01_L_Forearm" name="Bip01_L_Forearm">
                        <matrix sid="matrix">-0.04459754 0.999005 0 0.2843689 -0.9990051 -0.04459754 -1.86265e-8 0 1.67638e-8 2.98023e-8 1 0 0 0 0 1</matrix>
                        <node id="node-Bip01_L_Hand" name="Bip01_L_Hand">
                          <matrix sid="matrix">0.9907752 0.07035308 -0.1158234 0.281068 0.1226386 -0.101845 0.9872119 -1.19209e-7 0.05765739 -0.9923094 -0.1095334 5.96046e-8 0 0 0 1</matrix>
                          <node id="node-Bip01_L_Finger0" name="Bip01_L_Finger0">
                            <matrix>0.3451791 0.6252525 0.6999364 0.02119675 0.5973266 0.4288769 -0.6776915 -0.004734278 -0.7239147 0.6520153 -0.2254407 -0.02572203 0 0 0 1</matrix>
                            <node id="node-Bip01_L_Finger01" name="Bip01_L_Finger01">
                              <matrix>0.9455186 -0.325568 0 0.04982865 0.3255681 0.9455186 -2.98023e-8 0 1.49012e-8 2.98023e-8 1 0 0 0 0 1</matrix>
                              <node id="node-Bip01_L_Finger02" name="Bip01_L_Finger02">
                                <matrix>0.9203137 0.3911815 7.45058e-9 0.05202237 -0.3911816 0.9203136 0 0 2.98023e-8 -4.47035e-8 1 0 0 0 0 1</matrix>
                              </node>
                            </node>
                          </node>
                          <node id="node-Bip01_L_Finger1" name="Bip01_L_Finger1">
                            <matrix>0.9541454 -0.2819768 -0.1004766 0.1199946 0.2718616 0.9567646 -0.103407 -0.008367538 0.1252908 0.07134953 0.9895512 -0.04101396 0 0 0 1</matrix>
                            <node id="node-Bip01_L_Finger11" name="Bip01_L_Finger11">
                              <matrix>0.9363124 -0.3511682 -1.49012e-8 0.0364418 0.3511682 0.9363124 -1.49012e-8 -5.96046e-8 -2.98023e-8 4.47035e-8 0.9999999 -1.19209e-7 0 0 0 1</matrix>
                              <node id="node-Bip01_L_Finger12" name="Bip01_L_Finger12">
                                <matrix>0.7785828 -0.6275421 0 0.03117546 0.6275421 0.7785827 0 0 -2.98023e-8 -3.72529e-8 1 -1.19209e-7 0 0 0 1</matrix>
                              </node>
                            </node>
                          </node>
                          <node id="node-Bip01_L_Finger2" name="Bip01_L_Finger2">
                            <matrix>0.7812487 -0.6233677 -0.03260919 0.1229539 0.6235426 0.7769019 0.08728348 -0.008802056 -0.02907553 -0.08852331 0.9956498 -0.01328254 0 0 0 1</matrix>
                            <node id="node-Bip01_L_Finger21" name="Bip01_L_Finger21">
                              <matrix>0.7620707 -0.6474939 0 0.03895518 0.6474938 0.7620706 -1.39698e-9 0 -1.49012e-8 0 1 0 0 0 0 1</matrix>
                              <node id="node-Bip01_L_Finger22" name="Bip01_L_Finger22">
                                <matrix>0.9762961 -0.2164396 0 0.03800538 0.2164397 0.9762961 7.45058e-9 0 7.45058e-9 0 1 0 0 0 0 1</matrix>
                              </node>
                            </node>
                          </node>
                          <node id="node-Bip01_L_Finger3" name="Bip01_L_Finger3">
                            <matrix>0.4124632 -0.906479 -0.09038852 0.1211882 0.9061533 0.3980613 0.1429456 -0.001191258 -0.09359703 -0.1408656 0.9855946 0.01196861 0 0 0 1</matrix>
                            <node id="node-Bip01_L_Finger31" name="Bip01_L_Finger31">
                              <matrix>0.9381478 -0.3462351 7.45058e-9 0.03155844 0.3462351 0.9381477 1.49012e-8 2.98023e-8 -3.72529e-9 0 1 0 0 0 0 1</matrix>
                              <node id="node-Bip01_L_Finger32" name="Bip01_L_Finger32">
                                <matrix>0.9636305 -0.2672384 -3.72529e-9 0.03366601 0.2672384 0.9636306 -1.49012e-8 -2.98023e-8 -1.39698e-8 0 1 0 0 0 0 1</matrix>
                              </node>
                            </node>
                          </node>
                          <node id="node-Bip01_L_Finger4" name="Bip01_L_Finger4">
                            <matrix>0.07120568 -0.9696807 0.2337719 0.1136797 0.9750155 0.1171045 0.1887629 0.005147398 -0.2104155 0.2144902 0.9537922 0.0388658 0 0 0 1</matrix>
                            <node id="node-Bip01_L_Finger41" name="Bip01_L_Finger41">
                              <matrix>0.9790112 -0.203807 0 0.03661627 0.203807 0.9790112 -1.49012e-8 5.96046e-8 -6.51926e-9 0 1 -2.38419e-7 0 0 0 1</matrix>
                              <node id="node-Bip01_L_Finger42" name="Bip01_L_Finger42">
                                <matrix>0.9645153 0.2640275 -5.12227e-9 0.01772627 -0.2640275 0.9645151 0 -5.96046e-8 0 -1.49012e-8 1 0 0 0 0 1</matrix>
                              </node>
                            </node>
                          </node>
                        </node>
                      </node>
                    </node>
                  </node>
                  <node id="node-Bip01_R_Clavicle" name="Bip01_R_Clavicle">
                    <matrix>-0.3137373 -0.4318158 -0.845638 -0.02385306 0.06845212 -0.8985736 0.4334505 -0.01627064 -0.9470391 0.07810396 0.3114749 -0.06807298 0 0 0 1</matrix>
                    <node id="node-Bip01_R_UpperArm" name="Bip01_R_UpperArm">
                      <matrix sid="matrix">0.3923804 0.6663367 -0.6340609 0.1824007 -0.7369455 0.6402458 0.2167873 0 0.5504082 0.3822052 0.7422736 0 0 0 0 1</matrix>
                      <node id="node-Bip01_R_Forearm" name="Bip01_R_Forearm">
                        <matrix>0.2253637 0.9742749 0 0.284369 -0.9742749 0.2253636 0 0 -1.11759e-8 2.98023e-8 1 0 0 0 0 1</matrix>
                        <node id="node-Bip01_R_Hand" name="Bip01_R_Hand">
                          <matrix sid="matrix">0.9549434 0.2967171 0.006485432 0.2810681 0.09472556 -0.2840067 -0.9541318 5.96046e-8 -0.2812653 0.9117562 -0.299317 0 0 0 0 1</matrix>
                          <node id="node-Bip01_R_Finger0" name="Bip01_R_Finger0">
                            <matrix>0.466874 0.3554854 -0.8097275 0.02119672 0.6514514 0.4809566 0.586764 -0.004734218 0.5980299 -0.801443 -0.007035524 0.02572191 0 0 0 1</matrix>
                            <node id="node-Bip01_R_Finger01" name="Bip01_R_Finger01">
                              <matrix>0.8647894 -0.4978736 0.06527574 0.04982853 0.4938731 0.8668278 0.06854743 -1.78814e-7 -0.09071075 -0.02704115 0.9955099 0 0 0 0 1</matrix>
                              <node id="node-Bip01_R_Finger02" name="Bip01_R_Finger02">
                                <matrix>0.8489718 0.5284383 1.86265e-8 0.0520224 -0.5284382 0.8489718 0 0 6.70552e-8 -5.21541e-8 1 0 0 0 0 1</matrix>
                              </node>
                            </node>
                          </node>
                          <node id="node-Bip01_R_Finger1" name="Bip01_R_Finger1">
                            <matrix>0.9820225 -0.1733427 -0.07472673 0.1199946 0.1795577 0.9799359 0.08651491 -0.008367568 0.05823065 -0.09837732 0.9934441 0.04101408 0 0 0 1</matrix>
                            <node id="node-Bip01_R_Finger11" name="Bip01_R_Finger11">
                              <matrix>0.9425993 -0.3339258 2.98023e-8 0.03644168 0.3339258 0.9425994 0 0 -2.23517e-8 0 1 1.19209e-7 0 0 0 1</matrix>
                              <node id="node-Bip01_R_Finger12" name="Bip01_R_Finger12">
                                <matrix>0.9832968 -0.1810849 0.01831832 0.03117549 0.181519 0.9830507 -0.02573051 0 -0.01334844 0.02862582 0.999501 0 0 0 0 1</matrix>
                              </node>
                            </node>
                          </node>
                          <node id="node-Bip01_R_Finger2" name="Bip01_R_Finger2">
                            <matrix>0.9536399 -0.3009501 -1.52119e-4 0.1229538 0.3006933 0.9528466 -0.04082684 -0.008802027 0.0124318 0.03888836 0.9991663 0.01328266 0 0 0 1</matrix>
                            <node id="node-Bip01_R_Finger21" name="Bip01_R_Finger21">
                              <matrix>0.9579763 -0.2847231 -0.0348487 0.03895515 0.2827407 0.9577503 -0.05265062 0 0.04836719 0.04058489 0.9980049 -1.19209e-7 0 0 0 1</matrix>
                              <node id="node-Bip01_R_Finger22" name="Bip01_R_Finger22">
                                <matrix>0.9719918 -0.2342561 0.01886612 0.03800535 0.2315869 0.9683847 0.09272987 0 -0.0399922 -0.08576353 0.9955125 -1.19209e-7 0 0 0 1</matrix>
                              </node>
                            </node>
                          </node>
                          <node id="node-Bip01_R_Finger3" name="Bip01_R_Finger3">
                            <matrix>0.942517 -0.3272582 0.06755453 0.1211879 0.3338162 0.9129714 -0.234627 -0.001191258 0.01510826 0.2436908 0.9697353 -0.01196861 0 0 0 1</matrix>
                            <node id="node-Bip01_R_Finger31" name="Bip01_R_Finger31">
                              <matrix>0.6606859 -0.7494742 0.04222351 0.03155851 0.7450768 0.6615805 0.08468726 -1.49012e-8 -0.09140517 -0.02449191 0.9955126 1.19209e-7 0 0 0 1</matrix>
                              <node id="node-Bip01_R_Finger32" name="Bip01_R_Finger32">
                                <matrix>0.8335401 -0.5515913 -0.03095103 0.03366594 0.5520073 0.8338155 0.006297078 0 0.02233402 -0.02233407 0.9995011 -1.19209e-7 0 0 0 1</matrix>
                              </node>
                            </node>
                          </node>
                          <node id="node-Bip01_R_Finger4" name="Bip01_R_Finger4">
                            <matrix>0.7372703 -0.674896 -0.03078977 0.1136796 0.6745101 0.7379035 -0.02312398 0.005147398 0.03832614 -0.003719345 0.9992584 -0.03886569 0 0 0 1</matrix>
                            <node id="node-Bip01_R_Finger41" name="Bip01_R_Finger41">
                              <matrix>0.4202557 -0.9064696 0.04120618 0.03661627 0.906853 0.4211511 0.01578782 0 -0.03166523 0.03073303 0.9990259 0 0 0 0 1</matrix>
                              <node id="node-Bip01_R_Finger42" name="Bip01_R_Finger42">
                                <matrix>0.402447 -0.9138246 -0.05441485 0.0177263 0.9154231 0.4021218 0.01728315 5.96046e-8 0.006087594 -0.05676818 0.9983689 -1.19209e-7 0 0 0 1</matrix>
                              </node>
                            </node>
                          </node>
                          <node id="node-MOUNT0" name="MOUNT0">
                            <matrix>-6.05127e-7 1 0 0.109539 -1 -6.89179e-7 4.76837e-7 0.02518257 4.76837e-7 2.23517e-8 1 0.01321673 0 0 0 1</matrix>
                          </node>
                        </node>
                      </node>
                    </node>
                  </node>
                </node>
                <node id="node-Bip01_L_Pauldron_Upper" name="Bip01_L_Pauldron_Upper">
                  <matrix>0.9726137 0.118285 0.2000785 0.176903 0.1284548 -0.9909647 -0.03858756 -0.03908369 0.1937064 0.06323183 -0.97902 0.2290199 0 0 0 1</matrix>
                </node>
                <node id="node-Bip01_R_Pauldron_Lower" name="Bip01_R_Pauldron_Lower">
                  <matrix sid="matrix">-0.3436331 -0.7757342 -0.5292951 0.1906282 0.7213452 -0.578921 0.3801478 -0.1308313 -0.6013133 -0.2511732 0.7585082 -0.2272985 0 0 0 1</matrix>
                </node>
                <node id="node-Bip01_L_Pauldron_Lower" name="Bip01_L_Pauldron_Lower">
                  <matrix sid="matrix">-0.6963175 -0.3999607 0.5959647 0.1906877 0.2072264 -0.907012 -0.3665883 -0.05679908 0.6871678 -0.1317622 0.7144504 0.2611732 0 0 0 1</matrix>
                </node>
              </node>
            </node>
            <node id="node-Bip01_L_Thigh" name="Bip01_L_Thigh">
              <matrix sid="matrix">-0.7905698 0.6123711 -0.001154935 -0.1798958 0.5868676 0.7581806 0.2841631 0.03870133 0.1748888 0.2239729 -0.9587754 0.1391576 0 0 0 1</matrix>
              <node id="node-Bip01_L_Calf" name="Bip01_L_Calf">
                <matrix sid="matrix">0.5160279 0.8565718 -9.31323e-10 0.4629987 -0.8565718 0.516028 -1.11759e-8 0 6.82194e-8 -5.89062e-8 1 7.45058e-9 0 0 0 1</matrix>
                <node id="node-Bip01_L_Foot" name="Bip01_L_Foot">
                  <matrix sid="matrix">0.8804395 -0.469065 -0.06931405 0.3610501 0.4739738 0.8665614 0.1562694 -7.45058e-9 -0.01323568 -0.1704387 0.9852794 -4.47035e-8 0 0 0 1</matrix>
                  <node id="node-Bip01_L_Toe0" name="Bip01_L_Toe0">
                    <matrix sid="matrix">4.75673e-7 -1 1.38953e-6 0.1486307 1 4.76139e-7 2.21444e-8 0.1543275 -2.21044e-8 1.38953e-6 1 7.45058e-9 0 0 0 1</matrix>
                  </node>
                </node>
              </node>
            </node>
            <node id="node-Bip01_R_Thigh" name="Bip01_R_Thigh">
              <matrix sid="matrix">-0.4565607 0.6922963 0.5588188 -0.2201582 0.7808062 0.6128771 -0.1213403 -0.04169146 -0.4264907 0.3809299 -0.8203648 -0.0994364 0 0 0 1</matrix>
              <node id="node-Bip01_R_Calf" name="Bip01_R_Calf">
                <matrix sid="matrix">-0.004213631 0.9999912 -2.98023e-8 0.4629987 -0.9999912 -0.004213661 0 0 5.96046e-8 -2.98023e-8 1 -5.96046e-8 0 0 0 1</matrix>
                <node id="node-Bip01_R_Foot" name="Bip01_R_Foot">
                  <matrix sid="matrix">0.9574754 -0.01522911 -0.2881134 0.3610501 0.06356592 0.9852028 0.1591705 1.49012e-8 0.281426 -0.1707158 0.944275 0 0 0 0 1</matrix>
                  <node id="node-Bip01_R_Toe0" name="Bip01_R_Toe0">
                    <matrix sid="matrix">-0.3051539 -0.9472735 0.09774536 0.1486306 0.9517195 -0.3069488 -0.003513992 0.1543275 0.03333148 0.09195384 0.9952053 0 0 0 0 1</matrix>
                  </node>
                </node>
              </node>
            </node>
          </node>
          <node id="node-Bip01_FannyPack" name="Bip01_FannyPack">
            <matrix>-0.9629917 -0.2062316 0.1735378 0.2299506 -0.2083318 0.9780383 0.006227001 -0.1378937 -0.1710108 -0.03015696 -0.9848074 0.01013963 0 0 0 1</matrix>
          </node>
        </node>
        <node id="node-EYE" name="EYE">
          <matrix sid="matrix">0.7792378 0.6267179 -0.003663986 0.05962632 -0.6267174 0.7792452 0.001428294 0.07225982 0.003750281 0.001183304 0.9999919 0.7081054 0 0 0 1</matrix>
          <node id="node-CAM" name="CAM">
            <matrix>1 -6.03104e-8 0 4.81959e-8 6.03104e-8 1 -2.32832e-9 -0.104 0 2.32832e-9 1 0.30056 0 0 0 1</matrix>
          </node>
        </node>
      </node>
      <node id="node-Bounds" name="Bounds">
        <matrix>0.9999915 0.001706907 0.003750479 0 -0.001711356 0.9999978 0.001183292 0.1035326 -0.003748452 -0.0011897 0.9999923 -8.93474e-5 0 0 0 1</matrix>
        <instance_geometry url="#geom-Bounds">
          <bind_material>
            <technique_common>
              <instance_material symbol="ShapeBounds" target="#ShapeBounds-material"/>
            </technique_common>
          </bind_material>
        </instance_geometry>
      </node>
    </visual_scene>
  </library_visual_scenes>
  <library_animations>
    <animation>
      <source id="node-Bip01_matrix-input">
        <float_array id="node-Bip01_matrix-input-array" count="21">6.333333 6.366667 6.4 6.433333 6.466667 6.5 6.533333 6.566667 6.6 6.633333 6.666667 6.7 6.733333 6.766667 6.8 6.833333 6.866667 6.9 6.933333 6.966667 7</float_array>
        <technique_common>
          <accessor source="#node-Bip01_matrix-input-array" count="21" stride="1">
            <param name="TIME" type="float"/>
          </accessor>
        </technique_common>
      </source>
      <source id="node-Bip01_matrix-output">
        <float_array id="node-Bip01_matrix-output-array" count="336">0.7792375 -0.6267175 0.003750205 -8.10623e-5 0.626718 0.7792453 0.00118339 0.009366631 -0.003663957 0.001428186 0.9999923 0.8622898 0 0 0 1 0.7792375 -0.6267176 0.003750205 -6.6098e-5 0.6267181 0.7792452 0.00118339 0.009366631 -0.003663957 0.001428186 0.9999923 0.8688684 0 0 0 1 0.7792375 -0.6267176 0.003750205 -4.34468e-5 0.6267181 0.7792452 0.00118339 0.009366631 -0.003663957 0.001428186 0.9999923 0.8788263 0 0 0 1 0.7792375 -0.6267175 0.003750205 -2.57152e-5 0.626718 0.7792453 0.00118339 0.009366631 -0.003663957 0.001428186 0.9999923 0.8866215 0 0 0 1 0.7792375 -0.6267175 0.003750205 -2.40193e-5 0.626718 0.7792453 0.00118339 0.009366631 -0.003663957 0.001428186 0.9999923 0.8897014 0 0 0 1 0.7792375 -0.6267175 0.003750205 -2.57152e-5 0.626718 0.7792453 0.00118339 0.009366631 -0.003663957 0.001428186 0.9999923 0.8866215 0 0 0 1 0.7792375 -0.6267175 0.003750205 -1.99752e-5 0.626718 0.7792453 0.00118339 0.009366631 -0.003663957 0.001428186 0.9999923 0.8754506 0 0 0 1 0.7792375 -0.6267175 0.003750205 -1.25514e-5 0.626718 0.7792453 0.00118339 0.009366631 -0.003663957 0.001428186 0.9999923 0.8605591 0 0 0 1 0.7792375 -0.6267175 0.003750205 -5.28079e-6 0.626718 0.7792453 0.00118339 0.009366631 -0.003663957 0.001428186 0.9999923 0.847519 0 0 0 1 0.7792375 -0.6267175 0.003750205 0 0.626718 0.7792453 0.00118339 0.009366631 -0.003663957 0.001428186 0.9999923 0.8419026 0 0 0 1 0.7792375 -0.6267176 0.003750205 1.63271e-6 0.6267181 0.7792452 0.00118339 0.009366631 -0.003663957 0.001428186 0.9999923 0.8517455 0 0 0 1 0.7792375 -0.6267176 0.003750205 8.16357e-7 0.6267181 0.7792452 0.00118339 0.009366631 -0.003663957 0.001428186 0.9999923 0.8714837 0 0 0 1 0.7792375 -0.6267175 0.003750205 0 0.626718 0.7792453 0.00118339 0.009366631 -0.003663957 0.001428186 0.9999923 0.88629 0 0 0 1 0.7792375 -0.6267176 0.003750205 0 0.6267181 0.7792452 0.00118339 0.009366631 -0.003663957 0.001428186 0.9999923 0.8912096 0 0 0 1 0.7792375 -0.6267176 0.003750205 0 0.6267181 0.7792452 0.00118339 0.009366631 -0.003663957 0.001428186 0.9999923 0.891197 0 0 0 1 0.7792375 -0.6267175 0.003750205 0 0.626718 0.7792453 0.00118339 0.009366631 -0.003663957 0.001428186 0.9999923 0.88629 0 0 0 1 0.7792375 -0.6267176 0.003750205 3.60278e-6 0.6267181 0.7792452 0.00118339 0.009366631 -0.003663957 0.001428186 0.9999923 0.8726822 0 0 0 1 0.7792375 -0.6267176 0.003750205 7.20554e-6 0.6267181 0.7792452 0.00118339 0.009366631 -0.003663957 0.001428186 0.9999923 0.85418 0 0 0 1 0.7792375 -0.6267175 0.003750205 0 0.626718 0.7792453 0.00118339 0.009366631 -0.003663957 0.001428186 0.9999923 0.8422389 0 0 0 1 0.7792375 -0.6267175 0.003750205 -4.16892e-5 0.626718 0.7792453 0.00118339 0.009366631 -0.003663957 0.001428186 0.9999923 0.8502405 0 0 0 1 0.7792375 -0.6267175 0.003750205 -8.10623e-5 0.626718 0.7792453 0.00118339 0.009366631 -0.003663957 0.001428186 0.9999923 0.8620803 0 0 0 1</float_array>
        <technique_common>
          <accessor source="#node-Bip01_matrix-output-array" count="21" stride="16">
            <param name="TRANSFORM" type="float4x4"/>
          </accessor>
        </technique_common>
      </source>
      <source id="node-Bip01_matrix-interpolation">
        <Name_array id="node-Bip01_matrix-interpolation-array" count="21">LINEAR LINEAR LINEAR LINEAR LINEAR LINEAR LINEAR LINEAR LINEAR LINEAR LINEAR LINEAR LINEAR LINEAR LINEAR LINEAR LINEAR LINEAR LINEAR LINEAR LINEAR</Name_array>
        <technique_common>
          <accessor source="#node-Bip01_matrix-interpolation-array" count="21" stride="1">
            <param name="INTERPOLATION" type="name"/>
          </accessor>
        </technique_common>
      </source>
      <source id="node-Bip01_Pelvis_matrix-input">
        <float_array id="node-Bip01_Pelvis_matrix-input-array" count="21">6.333333 6.366667 6.4 6.433333 6.466667 6.5 6.533333 6.566667 6.6 6.633333 6.666667 6.7 6.733333 6.766667 6.8 6.833333 6.866667 6.9 6.933333 6.966667 7</float_array>
        <technique_common>
          <accessor source="#node-Bip01_Pelvis_matrix-input-array" count="21" stride="1">
            <param name="TIME" type="float"/>
          </accessor>
        </technique_common>
      </source>
      <source id="node-Bip01_Pelvis_matrix-output">
        <float_array id="node-Bip01_Pelvis_matrix-output-array" count="336">-0.01362198 0.9946367 -0.1025299 0 -0.08326685 0.1010549 0.9913902 0 0.996434 0.02204203 0.08144366 0 0 0 0 1 -2.46371e-4 0.9946012 -0.1037704 0 -0.09144562 0.1033132 0.9904363 0 0.9958099 0.009733319 0.09092646 0 0 0 0 1 0.01855075 0.9944969 -0.1031098 0 -0.1053181 0.1044976 0.9889329 0 0.9942654 -0.007486045 0.1066771 0 0 0 0 1 0.04005366 0.9938876 -0.1028754 0 -0.1201483 0.1070016 0.9869727 0 0.9919475 -0.02717161 0.1236997 0 0 0 0 1 0.06161063 0.9924926 -0.105654 0 -0.1311446 0.1129871 0.9849036 0 0.9894469 -0.04682457 0.1371213 0 0 0 0 1 0.08058416 0.9901723 -0.1143027 0 -0.1334829 0.1243631 0.9832173 0 0.9877695 -0.06397426 0.1421928 0 0 0 0 1 0.09415888 0.9867918 -0.1318184 0 -0.1223493 0.1428728 0.9821497 0 0.9880105 -0.07635027 0.134186 0 0 0 0 1 0.09287494 0.9796248 -0.1780719 0 -0.06018471 0.1840413 0.9810742 0 0.9938572 -0.08039999 0.07605129 0 0 0 0 1 0.07423204 0.9661471 -0.2470818 0 0.03568488 0.2450333 0.9688578 0 0.9966022 -0.08073735 -0.0162875 0 0 0 0 1 0.05554223 0.9504534 -0.3058652 0 0.08792752 0.3004918 0.9497228 0 0.9945772 -0.07964366 -0.06688094 0 0 0 0 1 0.05029052 0.9329103 -0.3565797 0 0.06809085 0.352998 0.9331431 0 0.9964106 -0.07120811 -0.04577016 0 0 0 0 1 0.05277794 0.9115066 -0.407885 0 0.01545953 0.4076594 0.9130032 0 0.9984864 -0.05449217 0.007423877 0 0 0 0 1 0.05875474 0.8946825 -0.4428219 0 -0.04249936 0.4454278 0.8943087 0 0.9973673 -0.0337252 0.06419444 0 0 0 0 1 0.05960202 0.8928356 -0.4464216 0 -0.07885563 0.4500304 0.8895249 0 0.9951026 -0.01781463 0.09722781 0 0 0 0 1 0.05250388 0.9063238 -0.4193094 0 -0.09184098 0.4224913 0.9017018 0 0.9943884 -0.00883305 0.1054201 0 0 0 0 1 0.04197555 0.9259993 -0.3751845 0 -0.09819722 0.3775209 0.9207797 0 0.9942813 -0.001808166 0.1067772 0 0 0 0 1 0.02944886 0.9472004 -0.3192863 0 -0.09915286 0.3206177 0.9420047 0 0.9946362 0.003917157 0.1033595 0 0 0 0 1 0.01643043 0.9661615 -0.2574139 0 -0.09618097 0.257782 0.9614041 0 0.9952281 0.008961975 0.09716182 0 0 0 0 1 0.004265844 0.98059 -0.1960232 0 -0.09108895 0.1955911 0.9764461 0 0.9958336 0.01369011 0.0901553 0 0 0 0 1 -0.005999386 0.9898437 -0.1420337 0 -0.08600252 0.1409993 0.9862671 0 0.9962767 0.01813226 0.08428311 0 0 0 0 1 -0.01362198 0.9946367 -0.1025298 0 -0.08326685 0.1010546 0.9913902 0 0.996434 0.02204203 0.08144366 0 0 0 0 1</float_array>
        <technique_common>
          <accessor source="#node-Bip01_Pelvis_matrix-output-array" count="21" stride="16">
            <param name="TRANSFORM" type="float4x4"/>
          </accessor>
        </technique_common>
      </source>
      <source id="node-Bip01_Pelvis_matrix-interpolation">
        <Name_array id="node-Bip01_Pelvis_matrix-interpolation-array" count="21">LINEAR LINEAR LINEAR LINEAR LINEAR LINEAR LINEAR LINEAR LINEAR LINEAR LINEAR LINEAR LINEAR LINEAR LINEAR LINEAR LINEAR LINEAR LINEAR LINEAR LINEAR</Name_array>
        <technique_common>
          <accessor source="#node-Bip01_Pelvis_matrix-interpolation-array" count="21" stride="1">
            <param name="INTERPOLATION" type="name"/>
          </accessor>
        </technique_common>
      </source>
      <source id="node-Bip01_Spine_matrix-input">
        <float_array id="node-Bip01_Spine_matrix-input-array" count="21">6.333333 6.366667 6.4 6.433333 6.466667 6.5 6.533333 6.566667 6.6 6.633333 6.666667 6.7 6.733333 6.766667 6.8 6.833333 6.866667 6.9 6.933333 6.966667 7</float_array>
        <technique_common>
          <accessor source="#node-Bip01_Spine_matrix-input-array" count="21" stride="1">
            <param name="TIME" type="float"/>
          </accessor>
        </technique_common>
      </source>
      <source id="node-Bip01_Spine_matrix-output">
        <float_array id="node-Bip01_Spine_matrix-output-array" count="336">0.9808827 -0.1592282 -0.1118732 0.1981866 0.1137264 0.9355393 -0.3344139 0.03078866 0.1579098 0.3152979 0.9357625 0.01347273 0 0 0 1 0.9806743 -0.1505534 -0.1249458 0.1984177 0.101699 0.9378398 -0.3318343 0.02833503 0.1671379 0.3127146 0.9350265 0.01532936 0 0 0 1 0.9795136 -0.1392873 -0.1454371 0.1986094 0.0846979 0.9401785 -0.3299859 0.02490115 0.1826996 0.3109075 0.932715 0.01848536 0 0 0 1 0.9777285 -0.1259008 -0.1679159 0.1987187 0.06532037 0.9428943 -0.3266246 0.02096241 0.1994492 0.308382 0.9301185 0.02188348 0 0 0 1 0.9760975 -0.1108334 -0.1869471 0.1987929 0.04621022 0.9463628 -0.3197847 0.01700925 0.2123626 0.3035024 0.9288641 0.02448415 0 0 0 1 0.9758158 -0.09454482 -0.19709 0.1989623 0.02997344 0.9509829 -0.3077875 0.01353007 0.216529 0.2944366 0.9308179 0.02526521 0 0 0 1 0.9781512 -0.07766932 -0.1928411 0.1993703 0.01900333 0.957111 -0.289098 0.01097375 0.2070243 0.279117 0.9376751 0.02320486 0 0 0 1 0.9892172 -0.05334937 -0.1363934 0.2004991 0.01793968 0.9684196 -0.2486802 0.009975135 0.1453529 0.243552 0.9589343 0.01039355 0 0 0 1 0.9986647 -0.03014129 -0.04195708 0.2005481 0.02174627 0.9819628 -0.1878207 0.009548127 0.04686141 0.1866575 0.9813068 -0.009836733 0 0 0 1 0.9996044 -0.02477943 0.01329743 0.1996467 0.02631038 0.9910235 -0.1310738 0.009347558 -0.009930133 0.1313719 0.9912835 -0.0214774 0 0 0 1 0.9992727 -0.03805285 -0.002454996 0.1998732 0.0377537 0.9963533 -0.07651692 0.01056098 0.005357742 0.07636862 0.9970651 -0.01861643 0 0 0 1 0.9969956 -0.0581718 -0.0511437 0.2003546 0.05728089 0.9981826 -0.01871758 0.01332175 0.05213958 0.01573181 0.9985158 -0.009378254 0 0 0 1 0.9913782 -0.07702976 -0.1059984 0.2002924 0.07975339 0.9965785 0.02169495 0.01701182 0.1039646 -0.02996164 0.9941295 0.001006841 0 0 0 1 0.9860606 -0.09129589 -0.1391016 0.1998648 0.09579181 0.9950627 0.02596241 0.02013295 0.1360446 -0.03892534 0.9899376 0.007493555 0 0 0 1 0.9836372 -0.1030654 -0.1477688 0.1995346 0.103457 0.9946213 -0.005054414 0.02228152 0.1474949 -0.01031595 0.9890091 0.009845137 0 0 0 1 0.9821019 -0.1152048 -0.1490094 0.1992341 0.1081911 0.9926421 -0.05437457 0.02420508 0.1541771 0.03727996 0.9873397 0.01128607 0 0 0 1 0.9813248 -0.1269249 -0.1445382 0.1989722 0.110732 0.9871664 -0.1150692 0.02591055 0.1572883 0.09691518 0.9827857 0.01208806 0 0 0 1 0.9810814 -0.1374634 -0.1363197 0.1987444 0.1118978 0.9772562 -0.1801362 0.02742117 0.1579814 0.1614744 0.9741498 0.01249468 0 0 0 1 0.9811056 -0.1463434 -0.1265516 0.1985421 0.1124261 0.963572 -0.2426717 0.02874839 0.1574549 0.223859 0.9618188 0.01272755 0 0 0 1 0.9811272 -0.1534975 -0.1175925 0.1983577 0.1128944 0.948455 -0.2961216 0.029881 0.1569851 0.2772575 0.9478839 0.01299017 0 0 0 1 0.9808827 -0.1592282 -0.1118732 0.1981867 0.1137264 0.9355393 -0.3344141 0.03078866 0.1579099 0.3152981 0.9357625 0.01347273 0 0 0 1</float_array>
        <technique_common>
          <accessor source="#node-Bip01_Spine_matrix-output-array" count="21" stride="16">
            <param name="TRANSFORM" type="float4x4"/>
          </accessor>
        </technique_common>
      </source>
      <source id="node-Bip01_Spine_matrix-interpolation">
        <Name_array id="node-Bip01_Spine_matrix-interpolation-array" count="21">LINEAR LINEAR LINEAR LINEAR LINEAR LINEAR LINEAR LINEAR LINEAR LINEAR LINEAR LINEAR LINEAR LINEAR LINEAR LINEAR LINEAR LINEAR LINEAR LINEAR LINEAR</Name_array>
        <technique_common>
          <accessor source="#node-Bip01_Spine_matrix-interpolation-array" count="21" stride="1">
            <param name="INTERPOLATION" type="name"/>
          </accessor>
        </technique_common>
      </source>
      <source id="node-Bip01_L_UpperArm_matrix-input">
        <float_array id="node-Bip01_L_UpperArm_matrix-input-array" count="21">6.333333 6.366667 6.4 6.433333 6.466667 6.5 6.533333 6.566667 6.6 6.633333 6.666667 6.7 6.733333 6.766667 6.8 6.833333 6.866667 6.9 6.933333 6.966667 7</float_array>
        <technique_common>
          <accessor source="#node-Bip01_L_UpperArm_matrix-input-array" count="21" stride="1">
            <param name="TIME" type="float"/>
          </accessor>
        </technique_common>
      </source>
      <source id="node-Bip01_L_UpperArm_matrix-output">
        <float_array id="node-Bip01_L_UpperArm_matrix-output-array" count="336">0.5575124 0.2804281 0.7813704 0.1824007 -0.4058955 0.9131249 -0.03810489 0 -0.7241749 -0.2959107 0.6229029 1.19209e-7 0 0 0 1 0.5575096 0.2804307 0.7813717 0.1824007 -0.4058945 0.913125 -0.03811037 0 -0.7241776 -0.2959074 0.6229013 0 0 0 0 1 0.5575013 0.2804386 0.7813746 0.1824007 -0.4058917 0.9131256 -0.03812581 0 -0.7241855 -0.2958983 0.6228964 -1.19209e-7 0 0 0 1 0.5574883 0.280451 0.7813794 0.1824007 -0.4058874 0.9131266 -0.03815025 0 -0.7241979 -0.2958837 0.6228889 0 0 0 0 1 0.5574712 0.2804675 0.7813858 0.1824007 -0.4058817 0.9131278 -0.03818243 0 -0.7242144 -0.2958645 0.6228789 -1.19209e-7 0 0 0 1 0.5574504 0.2804872 0.7813936 0.1824007 -0.4058747 0.9131292 -0.03822159 0 -0.7242342 -0.2958413 0.6228669 0 0 0 0 1 0.5574267 0.2805098 0.7814023 0.1824007 -0.4058668 0.9131309 -0.038266 0 -0.7242569 -0.2958148 0.6228531 -1.19209e-7 0 0 0 1 0.5574005 0.2805346 0.7814121 0.1824007 -0.405858 0.9131326 -0.03831505 0 -0.7242819 -0.2957855 0.6228379 -1.19209e-7 0 0 0 1 0.5573726 0.2805612 0.7814224 0.1824007 -0.4058486 0.9131346 -0.03836745 0 -0.7243085 -0.2957543 0.6228216 -1.19209e-7 0 0 0 1 0.5573435 0.2805887 0.7814331 0.1824007 -0.4058389 0.9131366 -0.03842192 0 -0.7243363 -0.2957218 0.6228046 0 0 0 0 1 0.5573139 0.2806171 0.7814443 0.1824007 -0.405829 0.9131388 -0.03847759 0 -0.7243648 -0.2956886 0.6227874 0 0 0 0 1 0.5572842 0.2806453 0.7814553 0.1824007 -0.4058191 0.9131409 -0.03853327 0 -0.7243933 -0.2956554 0.6227702 -1.19209e-7 0 0 0 1 0.5572552 0.280673 0.781466 0.1824007 -0.4058094 0.9131429 -0.03858798 0 -0.7244212 -0.2956229 0.6227532 -1.19209e-7 0 0 0 1 0.5572273 0.2806994 0.7814764 0.1824007 -0.4058001 0.9131448 -0.03864026 0 -0.7244477 -0.2955917 0.622737 0 0 0 0 1 0.557201 0.2807244 0.781486 0.1824007 -0.4057913 0.9131465 -0.03868937 0 -0.7244727 -0.2955624 0.6227217 0 0 0 0 1 0.5571774 0.280747 0.781495 0.1824007 -0.4057834 0.9131482 -0.03873383 0 -0.7244955 -0.2955359 0.622708 -1.19209e-7 0 0 0 1 0.5571567 0.2807667 0.7815027 0.1824007 -0.4057764 0.9131497 -0.03877276 0 -0.7245153 -0.2955127 0.6226959 0 0 0 0 1 0.5571395 0.2807832 0.781509 0.1824007 -0.4057707 0.9131509 -0.03880506 0 -0.7245317 -0.2954936 0.6226859 0 0 0 0 1 0.5571265 0.2807955 0.7815138 0.1824007 -0.4057663 0.9131518 -0.0388295 0 -0.7245442 -0.2954789 0.6226783 0 0 0 0 1 0.5571183 0.2808033 0.7815168 0.1824007 -0.4057635 0.9131524 -0.03884488 0 -0.7245519 -0.2954698 0.6226736 0 0 0 0 1 0.5571153 0.280806 0.781518 0.1824007 -0.4057626 0.9131525 -0.0388503 0 -0.7245548 -0.2954666 0.6226719 1.19209e-7 0 0 0 1</float_array>
        <technique_common>
          <accessor source="#node-Bip01_L_UpperArm_matrix-output-array" count="21" stride="16">
            <param name="TRANSFORM" type="float4x4"/>
          </accessor>
        </technique_common>
      </source>
      <source id="node-Bip01_L_UpperArm_matrix-interpolation">
        <Name_array id="node-Bip01_L_UpperArm_matrix-interpolation-array" count="21">LINEAR LINEAR LINEAR LINEAR LINEAR LINEAR LINEAR LINEAR LINEAR LINEAR LINEAR LINEAR LINEAR LINEAR LINEAR LINEAR LINEAR LINEAR LINEAR LINEAR LINEAR</Name_array>
        <technique_common>
          <accessor source="#node-Bip01_L_UpperArm_matrix-interpolation-array" count="21" stride="1">
            <param name="INTERPOLATION" type="name"/>
          </accessor>
        </technique_common>
      </source>
      <source id="node-Bip01_L_Forearm_matrix-input">
        <float_array id="node-Bip01_L_Forearm_matrix-input-array" count="21">6.333333 6.366667 6.4 6.433333 6.466667 6.5 6.533333 6.566667 6.6 6.633333 6.666667 6.7 6.733333 6.766667 6.8 6.833333 6.866667 6.9 6.933333 6.966667 7</float_array>
        <technique_common>
