<?xml version="1.0" encoding="utf-8"?>
<COLLADA xmlns="http://www.collada.org/2005/11/COLLADASchema" version="1.4.1">
  <asset>
    <contributor>
      <author>MattO</author>
      <authoring_tool>OpenCOLLADA for 3ds Max;  Version: 1.3.0;  Revision: 839M;  Platform: x64;  Configuration: Release_Max2012</authoring_tool>
      <source_data>file:///C:/Dropbox/Prj/GGStout/Turret/TP_ProxMine_PlayerAnims.max</source_data>
    </contributor>
    <created>2011-09-30T17:59:26</created>
    <modified>2011-09-30T17:59:26</modified>
    <unit name="meter" meter="1"/>
    <up_axis>Z_UP</up_axis>
  </asset>
  <library_effects>
    <effect id="ShapeBounds">
      <profile_COMMON>
        <technique sid="common">
          <blinn>
            <emission>
              <color>0 0 0 1</color>
            </emission>
            <ambient>
              <color>0.1647059 1 0 1</color>
            </ambient>
            <diffuse>
              <color>0.1647059 1 0 1</color>
            </diffuse>
            <specular>
              <color>0.9 0.9 0.9 1</color>
            </specular>
            <shininess>
              <float>10</float>
            </shininess>
            <reflective>
              <color>0 0 0 1</color>
            </reflective>
            <transparent opaque="A_ONE">
              <color>1 1 1 1</color>
            </transparent>
            <transparency>
              <float>1</float>
            </transparency>
          </blinn>
        </technique>
      </profile_COMMON>
      <extra>
        <technique profile="OpenCOLLADA3dsMax">
          <extended_shader>
            <apply_reflection_dimming>0</apply_reflection_dimming>
            <dim_level>0</dim_level>
            <falloff_type>0</falloff_type>
            <index_of_refraction>1.5</index_of_refraction>
            <opacity_type>0</opacity_type>
            <reflection_level>3</reflection_level>
            <wire_size>1</wire_size>
            <wire_units>0</wire_units>
          </extended_shader>
          <shader>
            <ambient_diffuse_lock>1</ambient_diffuse_lock>
            <ambient_diffuse_texture_lock>1</ambient_diffuse_texture_lock>
            <diffuse_specular_lock>0</diffuse_specular_lock>
            <soften>0.1</soften>
            <use_self_illum_color>0</use_self_illum_color>
          </shader>
        </technique>
      </extra>
    </effect>
  </library_effects>
  <library_materials>
    <material id="ShapeBounds-material" name="ShapeBounds">
      <instance_effect url="#ShapeBounds"/>
    </material>
  </library_materials>
  <library_geometries>
    <geometry id="geom-Bounds" name="Bounds">
      <mesh>
        <source id="geom-Bounds-positions">
          <float_array id="geom-Bounds-positions-array" count="24">-0.425 -0.425 0 0.425 -0.425 0 -0.425 0.425 0 0.425 0.425 0 -0.425 -0.425 1.84 0.425 -0.425 1.84 -0.425 0.425 1.84 0.425 0.425 1.84</float_array>
          <technique_common>
            <accessor source="#geom-Bounds-positions-array" count="8" stride="3">
              <param name="X" type="float"/>
              <param name="Y" type="float"/>
              <param name="Z" type="float"/>
            </accessor>
          </technique_common>
        </source>
        <source id="geom-Bounds-normals">
          <float_array id="geom-Bounds-normals-array" count="72">0 0 -1 0 0 -1 0 0 -1 0 0 -1 0 0 1 0 0 1 0 0 1 0 0 1 0 -1 0 0 -1 0 0 -1 0 0 -1 0 1 0 0 1 0 0 1 0 0 1 0 0 0 1 0 0 1 0 0 1 0 0 1 0 -1 0 0 -1 0 0 -1 0 0 -1 0 0</float_array>
          <technique_common>
            <accessor source="#geom-Bounds-normals-array" count="24" stride="3">
              <param name="X" type="float"/>
              <param name="Y" type="float"/>
              <param name="Z" type="float"/>
            </accessor>
          </technique_common>
        </source>
        <source id="geom-Bounds-map1">
          <float_array id="geom-Bounds-map1-array" count="36">0 0 0 1 0 0 0 1 0 1 1 0 0 0 0 1 0 0 0 1 0 1 1 0 0 0 0 1 0 0 0 1 0 1 1 0</float_array>
          <technique_common>
            <accessor source="#geom-Bounds-map1-array" count="12" stride="3">
              <param name="S" type="float"/>
              <param name="T" type="float"/>
              <param name="P" type="float"/>
            </accessor>
          </technique_common>
        </source>
        <vertices id="geom-Bounds-vertices">
          <input semantic="POSITION" source="#geom-Bounds-positions"/>
        </vertices>
        <triangles material="ShapeBounds" count="12">
          <input semantic="VERTEX" source="#geom-Bounds-vertices" offset="0"/>
          <input semantic="NORMAL" source="#geom-Bounds-normals" offset="1"/>
          <input semantic="TEXCOORD" source="#geom-Bounds-map1" offset="2" set="0"/>
          <p>0 0 9 2 1 11 3 2 10 3 2 10 1 3 8 0 0 9 4 4 8 5 5 9 7 6 11 7 6 11 6 7 10 4 4 8 0 8 4 1 9 5 5 10 7 5 10 7 4 11 6 0 8 4 1 12 0 3 13 1 7 14 3 7 14 3 5 15 2 1 12 0 3 16 4 2 17 5 6 18 7 6 18 7 7 19 6 3 16 4 2 20 0 0 21 1 4 22 3 4 22 3 6 23 2 2 20 0</p>
        </triangles>
      </mesh>
      <extra>
        <technique profile="OpenCOLLADA3dsMax">
          <max_box>
            <generateuvs>1</generateuvs>
            <height>1.84</height>
            <heightsegments>1</heightsegments>
            <length>0.85</length>
            <lengthsegments>1</lengthsegments>
            <width>0.85</width>
            <widthsegments>1</widthsegments>
          </max_box>
        </technique>
      </extra>
    </geometry>
  </library_geometries>
  <library_lights>
    <light id="EnvironmentAmbientLight" name="EnvironmentAmbientLight">
      <technique_common>
        <ambient>
          <color>0 0 0</color>
        </ambient>
      </technique_common>
    </light>
  </library_lights>
  <library_visual_scenes>
    <visual_scene id="MaxScene">
      <node name="EnvironmentAmbientLight">
        <instance_light url="#EnvironmentAmbientLight"/>
      </node>
      <node id="node-Bip01" name="Bip01">
        <matrix sid="matrix">0.3563108 -0.3060081 0.8828373 0.004529286 0.8213638 0.5530027 -0.1398192 0.01337962 -0.4454256 0.7749497 0.4483849 0.7992089 0 0 0 1</matrix>
        <node id="node-Bip01_Pelvis" name="Bip01_Pelvis">
          <matrix sid="matrix">-0.009626716 0.9981476 0.06007254 0 -0.1217414 -0.06079841 0.9906981 0 0.9925152 0.002223849 0.1221012 0 0 0 0 1</matrix>
          <node id="node-Bip01_Spine" name="Bip01_Spine">
            <matrix sid="matrix">0.7705345 -0.03786558 -0.6362725 0.1975024 0.03273556 0.9992675 -0.01982474 0.02692822 0.6365573 -0.005552948 0.7712097 0.02592748 0 0 0 1</matrix>
            <node id="node-Bip01_Spine1" name="Bip01_Spine1">
              <matrix sid="matrix">0.9713835 0.2342762 -0.0390988 0.1022061 -0.2350959 0.971809 -0.01781565 -9.81688e-5 0.03382266 0.02649769 0.9990766 -2.63751e-6 0 0 0 1</matrix>
              <node id="node-Bip01_Spine2" name="Bip01_Spine2">
                <matrix>0.9495971 -0.2811752 0.1385858 0.1269142 0.2879943 0.9571148 -0.03147189 -1.63957e-4 -0.1237935 0.06979756 0.9898502 -1.19358e-5 0 0 0 1</matrix>
                <node id="node-Bip01_Neck" name="Bip01_Neck">
                  <matrix>0.840708 -0.4308256 0.3280235 0.2151071 0.413622 0.9019012 0.1244631 -4.96805e-5 -0.3494668 0.03104067 0.9364345 -1.69873e-6 0 0 0 1</matrix>
                  <node id="node-Bip01_Head" name="Bip01_Head">
                    <matrix sid="matrix">0.4937996 0.1772062 -0.8513281 0.07051808 -0.4492698 0.8902177 -0.07529069 -0.01395911 0.7445257 0.4196545 0.5192026 -1.19209e-7 0 0 0 1</matrix>
                    <node id="node-ALTEYE" name="ALTEYE">
                      <matrix sid="matrix">0.2011121 0.3708831 0.9066425 0.06454706 -0.08313142 0.9286762 -0.361456 0.2214611 -0.9760346 -0.002677605 0.2176 0.0471625 0 0 0 1</matrix>
                    </node>
                  </node>
                  <node id="node-Bip01_L_Clavicle" name="Bip01_L_Clavicle">
                    <matrix sid="matrix">-0.4193729 -0.3901516 0.8196999 -0.04690343 -0.006484568 -0.9016275 -0.4324642 -0.01204759 0.9077908 -0.1866792 0.3755883 0.05588388 0 0 0 1</matrix>
                    <node id="node-Bip01_L_UpperArm" name="Bip01_L_UpperArm">
                      <matrix sid="matrix">0.9867519 0.1500986 0.06157254 0.1824007 0.02538911 0.2319795 -0.9723893 8.9407e-8 -0.1602378 0.9610703 0.2250952 0 0 0 0 1</matrix>
                      <node id="node-Bip01_L_Forearm" name="Bip01_L_Forearm">
                        <matrix sid="matrix">0.6878969 0.7258084 1.49012e-8 0.2843689 -0.7258084 0.6878968 0 1.19209e-7 -2.23517e-8 2.98023e-8 0.9999999 2.98023e-8 0 0 0 1</matrix>
                        <node id="node-Bip01_L_Hand" name="Bip01_L_Hand">
                          <matrix sid="matrix">0.1697714 0.9096179 0.3791743 0.2810681 0.3094528 -0.4145043 0.8558185 -1.19209e-7 0.9356371 -0.02795693 -0.3518547 -1.49012e-8 0 0 0 1</matrix>
                          <node id="node-Bip01_L_Finger0" name="Bip01_L_Finger0">
                            <matrix sid="matrix">0.678798 0.5245168 0.5139217 0.02119675 0.437277 0.2735207 -0.8567234 -0.004734278 -0.5899342 0.8062682 -0.04369393 -0.02572191 0 0 0 1</matrix>
                            <node id="node-Bip01_L_Finger01" name="Bip01_L_Finger01">
                              <matrix>0.997564 -0.06975639 2.98023e-8 0.04982853 0.06975648 0.9975641 -5.96046e-8 5.96046e-8 8.9407e-8 2.98023e-8 1 0 0 0 0 1</matrix>
                              <node id="node-Bip01_L_Finger02" name="Bip01_L_Finger02">
                                <matrix sid="matrix">0.986252 0.165249 0 0.05202246 -0.165249 0.9862518 -2.98023e-8 -5.96046e-8 -5.96046e-8 0 1 -5.96046e-8 0 0 0 1</matrix>
                              </node>
                            </node>
                          </node>
                          <node id="node-Bip01_L_Finger1" name="Bip01_L_Finger1">
                            <matrix sid="matrix">0.900955 -0.1884572 0.3908501 0.1199947 0.1959121 0.9803939 0.02111894 -0.008367538 -0.3871671 0.05754513 0.920212 -0.04101396 0 0 0 1</matrix>
                            <node id="node-Bip01_L_Finger11" name="Bip01_L_Finger11">
                              <matrix sid="matrix">0.9450802 -0.3268385 0 0.0364418 0.3268385 0.9450803 0 0 -2.98023e-8 5.96046e-8 1 0 0 0 0 1</matrix>
                              <node id="node-Bip01_L_Finger12" name="Bip01_L_Finger12">
                                <matrix sid="matrix">0.9929129 -0.1188437 0 0.0311754 0.1188436 0.9929129 0 -5.96046e-8 5.96046e-8 -1.49012e-8 0.9999999 0 0 0 0 1</matrix>
                              </node>
                            </node>
                          </node>
                          <node id="node-Bip01_L_Finger2" name="Bip01_L_Finger2">
                            <matrix sid="matrix">0.9836146 -0.1308815 0.1239848 0.1229538 0.1248046 0.9906218 0.05560708 -0.008802056 -0.1301 -0.03922203 0.9907247 -0.01328254 0 0 0 1</matrix>
                            <node id="node-Bip01_L_Finger21" name="Bip01_L_Finger21">
                              <matrix sid="matrix">0.9937665 -0.1114799 1.49012e-8 0.03895509 0.1114799 0.9937667 0 0 -1.49012e-8 2.98023e-8 1 0 0 0 0 1</matrix>
                              <node id="node-Bip01_L_Finger22" name="Bip01_L_Finger22">
                                <matrix sid="matrix">0.9917209 -0.128412 -1.49012e-8 0.03800547 0.128412 0.9917209 -5.96046e-8 0 0 -2.98023e-8 1 0 0 0 0 1</matrix>
                              </node>
                            </node>
                          </node>
                          <node id="node-Bip01_L_Finger3" name="Bip01_L_Finger3">
                            <matrix sid="matrix">0.9923953 -0.08355364 -0.09038849 0.1211881 0.09595637 0.9850678 0.1429456 -0.001191199 0.07709518 -0.1505318 0.9855943 0.01196861 0 0 0 1</matrix>
                            <node id="node-Bip01_L_Finger31" name="Bip01_L_Finger31">
                              <matrix sid="matrix">0.9911382 -0.1328349 0 0.03155848 0.1328349 0.9911382 0 5.96046e-8 7.45058e-9 5.96046e-8 1 0 0 0 0 1</matrix>
                              <node id="node-Bip01_L_Finger32" name="Bip01_L_Finger32">
                                <matrix sid="matrix">0.9911954 -0.1324064 -1.49012e-8 0.0336659 0.1324064 0.9911955 -2.98023e-8 0 1.49012e-8 0 1 -5.96046e-8 0 0 0 1</matrix>
                              </node>
                            </node>
                          </node>
                          <node id="node-Bip01_L_Finger4" name="Bip01_L_Finger4">
                            <matrix sid="matrix">0.9284372 -0.3108516 -0.20341 0.1136797 0.3264969 0.9439974 0.04763138 0.005147338 0.1772122 -0.1106355 0.9779343 0.03886569 0 0 0 1</matrix>
                            <node id="node-Bip01_L_Finger41" name="Bip01_L_Finger41">
                              <matrix>0.979011 -0.2038068 -1.49012e-8 0.03661618 0.203807 0.9790111 5.96046e-8 -5.96046e-8 -1.49012e-8 2.98023e-8 0.9999999 1.19209e-7 0 0 0 1</matrix>
                              <node id="node-Bip01_L_Finger42" name="Bip01_L_Finger42">
                                <matrix sid="matrix">0.9802642 -0.1976918 0 0.01772639 0.1976917 0.9802644 -2.98023e-8 1.19209e-7 2.98023e-8 2.98023e-8 1 -1.19209e-7 0 0 0 1</matrix>
                              </node>
                            </node>
                          </node>
                        </node>
                      </node>
                    </node>
                  </node>
                  <node id="node-Bip01_R_Clavicle" name="Bip01_R_Clavicle">
                    <matrix>0.6210438 -0.1918166 -0.7599413 8.67009e-4 0.3462852 -0.8026724 0.4855958 -0.01629043 -0.7031294 -0.5647327 -0.4320715 -0.0721215 0 0 0 1</matrix>
                    <node id="node-Bip01_R_UpperArm" name="Bip01_R_UpperArm">
                      <matrix sid="matrix">0.4696207 0.1597633 -0.8682926 0.1824006 0.327619 0.8817326 0.3394308 -2.98023e-8 0.8198305 -0.4438729 0.3617383 1.19209e-7 0 0 0 1</matrix>
                      <node id="node-Bip01_R_Forearm" name="Bip01_R_Forearm">
                        <matrix>0.7439352 0.6682516 2.98023e-8 0.2843689 -0.6682515 0.7439353 -1.49012e-8 -5.96046e-8 -1.49012e-7 -8.19564e-8 1 -2.98023e-8 0 0 0 1</matrix>
                        <node id="node-Bip01_R_Hand" name="Bip01_R_Hand">
                          <matrix>0.3042525 -0.9350128 -0.1821575 0.281068 -0.9517906 -0.3062257 -0.0178954 1.49012e-8 -0.03904887 0.1788205 -0.9831065 0 0 0 0 1</matrix>
                          <node id="node-Bip01_R_Finger0" name="Bip01_R_Finger0">
                            <matrix>0.5215105 0.269013 -0.8097275 0.02119666 0.7250716 0.3605265 0.5867637 -0.004734159 0.4497752 -0.893114 -0.007035464 0.02572197 0 0 0 1</matrix>
                            <node id="node-Bip01_R_Finger01" name="Bip01_R_Finger01">
                              <matrix>0.6423533 -0.7636238 0.06527579 0.04982853 0.7605618 0.6456372 0.06854752 0 -0.09448889 0.005614489 0.9955103 -5.96046e-8 0 0 0 1</matrix>
                              <node id="node-Bip01_R_Finger02" name="Bip01_R_Finger02">
                                <matrix>0.9505157 -0.3106765 0 0.05202249 0.3106764 0.9505157 -1.49012e-8 5.96046e-8 2.98023e-8 2.98023e-8 0.9999999 0 0 0 0 1</matrix>
                              </node>
                            </node>
                          </node>
                          <node id="node-Bip01_R_Finger1" name="Bip01_R_Finger1">
                            <matrix>0.9820224 -0.1733427 -0.0747267 0.1199946 0.1795577 0.9799358 0.08651491 -0.008367598 0.05823065 -0.09837735 0.9934439 0.04101393 0 0 0 1</matrix>
                            <node id="node-Bip01_R_Finger11" name="Bip01_R_Finger11">
                              <matrix>0.8240548 -0.5665102 -5.12227e-9 0.03644173 0.5665102 0.8240548 -3.72529e-9 5.96046e-8 -3.72529e-9 2.79397e-9 1 2.98023e-8 0 0 0 1</matrix>
                              <node id="node-Bip01_R_Finger12" name="Bip01_R_Finger12">
                                <matrix>0.8146398 -0.5796779 0.01831828 0.03117543 0.5799671 0.8142332 -0.02573042 0 0 0.03158516 0.9995012 -2.98023e-8 0 0 0 1</matrix>
                              </node>
                            </node>
                          </node>
                          <node id="node-Bip01_R_Finger2" name="Bip01_R_Finger2">
                            <matrix>0.6754013 -0.7374504 -1.52153e-4 0.1229538 0.7368314 0.6748429 -0.04082686 -0.008802056 0.03021044 0.02746239 0.9991661 0.01328239 0 0 0 1</matrix>
                            <node id="node-Bip01_R_Finger21" name="Bip01_R_Finger21">
                              <matrix>0.5508358 -0.8338858 -0.03484866 0.03895515 0.832222 0.5519371 -0.05265062 0 0.06313893 5.58794e-9 0.9980047 5.96046e-8 0 0 0 1</matrix>
                              <node id="node-Bip01_R_Finger22" name="Bip01_R_Finger22">
                                <matrix>0.1984733 -0.9799247 0.01886617 0.03800541 0.9755273 0.199368 0.09272991 0 -0.09462953 2.98023e-8 0.9955126 2.98023e-8 0 0 0 1</matrix>
                              </node>
                            </node>
                          </node>
                          <node id="node-Bip01_R_Finger3" name="Bip01_R_Finger3">
                            <matrix>0.7159052 -0.6949216 0.06755489 0.1211881 0.6883787 0.6863562 -0.2346271 -0.001191258 0.1166808 0.2144742 0.9697351 -0.0119687 0 0 0 1</matrix>
                            <node id="node-Bip01_R_Finger31" name="Bip01_R_Finger31">
                              <matrix>0.4441953 -0.8949347 0.0422236 0.03155842 0.8909185 0.4461977 0.08468755 0 -0.09462997 -1.49012e-8 0.9955126 8.9407e-8 0 0 0 1</matrix>
                              <node id="node-Bip01_R_Finger32" name="Bip01_R_Finger32">
                                <matrix>0.199368 -0.9794359 -0.03095102 0.03366607 0.9799247 0.1992685 0.006297059 -2.23517e-8 -2.79397e-8 -0.03158514 0.9995012 0 0 0 0 1</matrix>
                              </node>
                            </node>
                          </node>
                          <node id="node-Bip01_R_Finger4" name="Bip01_R_Finger4">
                            <matrix>0.5925789 -0.7897949 -0.1583475 0.1136796 0.7783522 0.6120424 -0.1399001 0.005147338 0.2074077 -0.04034824 0.977422 -0.03886577 0 0 0 1</matrix>
                            <node id="node-Bip01_R_Finger41" name="Bip01_R_Finger41">
                              <matrix>0.4202556 -0.9064698 0.04120623 0.03661618 0.9068531 0.4211512 0.01578782 -5.96046e-8 -0.03166524 0.03073306 0.999026 0 0 0 0 1</matrix>
                              <node id="node-Bip01_R_Finger42" name="Bip01_R_Finger42">
                                <matrix>0.4024471 -0.9138247 -0.0544149 0.01772636 0.9154232 0.4021219 0.01728316 -2.98023e-8 0.006087634 -0.05676813 0.9983689 -2.98023e-8 0 0 0 1</matrix>
                              </node>
                            </node>
                          </node>
                          <node id="node-MOUNT0" name="MOUNT0">
                            <matrix>-6.44475e-7 1 1.39698e-9 0.109539 -0.9999999 -6.48201e-7 4.54485e-7 0.0251826 4.76837e-7 8.61473e-8 1 0.01321664 0 0 0 1</matrix>
                          </node>
                        </node>
                      </node>
                    </node>
                  </node>
                </node>
                <node id="node-Bip01_L_Pauldron_Upper" name="Bip01_L_Pauldron_Upper">
                  <matrix sid="matrix">0.9862572 0.1219392 -0.11148 0.2167909 0.129148 -0.9898158 0.05988345 -0.05140224 -0.1030424 -0.07345775 -0.9919609 0.2310462 0 0 0 1</matrix>
                </node>
                <node id="node-Bip01_R_Pauldron_Lower" name="Bip01_R_Pauldron_Lower">
                  <matrix>-0.4392585 0.1093937 -0.8916757 0.2857344 0.3672488 -0.8839672 -0.2893624 0.02051151 -0.8198662 -0.4545718 0.3481153 -0.1929502 0 0 0 1</matrix>
                </node>
                <node id="node-Bip01_L_Pauldron_Lower" name="Bip01_L_Pauldron_Lower">
                  <matrix sid="matrix">0.1740949 0.04713628 0.9836 0.2315447 -0.05116397 -0.9970717 0.05683777 -0.04484805 0.9833989 -0.06022012 -0.1711734 0.2484654 0 0 0 1</matrix>
                </node>
              </node>
            </node>
            <node id="node-Bip01_L_Thigh" name="Bip01_L_Thigh">
              <matrix sid="matrix">-0.4104127 0.8309606 -0.3755871 -0.08841598 0.4305786 0.539655 0.7234462 -0.01999378 0.803843 0.1351915 -0.5792751 0.2045225 0 0 0 1</matrix>
              <node id="node-Bip01_L_Calf" name="Bip01_L_Calf">
                <matrix sid="matrix">0.5124907 0.8586926 0 0.4629987 -0.8586926 0.5124908 0 2.98023e-8 2.98023e-8 -3.72529e-9 1 0 0 0 0 1</matrix>
                <node id="node-Bip01_L_Foot" name="Bip01_L_Foot">
                  <matrix sid="matrix">0.8154992 0.5731272 -0.08053955 0.3610501 -0.5612836 0.8171187 0.1314459 0 0.1411456 -0.06198846 0.9880463 0 0 0 0 1</matrix>
                  <node id="node-Bip01_L_Toe0" name="Bip01_L_Toe0">
                    <matrix sid="matrix">4.54485e-7 -0.9999999 1.43051e-6 0.1486307 1 4.69387e-7 2.98023e-8 0.1543274 -2.98023e-8 1.3113e-6 1 5.96046e-8 0 0 0 1</matrix>
                  </node>
                </node>
              </node>
            </node>
            <node id="node-Bip01_R_Thigh" name="Bip01_R_Thigh">
              <matrix sid="matrix">-0.8665307 0.3237332 -0.3798962 -0.2507206 0.232592 0.9353416 0.266528 -0.01857826 0.4416168 0.1425938 -0.8858 0.007884815 0 0 0 1</matrix>
              <node id="node-Bip01_R_Calf" name="Bip01_R_Calf">
                <matrix sid="matrix">0.7849903 0.619508 -5.96046e-8 0.4629988 -0.619508 0.7849903 1.49012e-8 2.98023e-8 -5.96046e-8 -5.96046e-8 1 0 0 0 0 1</matrix>
                <node id="node-Bip01_R_Foot" name="Bip01_R_Foot">
                  <matrix sid="matrix">0.7387732 0.6714138 0.05846041 0.3610501 -0.6731791 0.739301 0.01624668 -2.98023e-8 -0.03231156 -0.0513567 0.9981576 0 0 0 0 1</matrix>
                  <node id="node-Bip01_R_Toe0" name="Bip01_R_Toe0">
                    <matrix sid="matrix">-0.1805803 -0.9786912 0.09774531 0.1486307 0.9833316 -0.1817874 -0.003513932 0.1543275 0.02120802 0.09548147 0.9952053 -2.98023e-8 0 0 0 1</matrix>
                  </node>
                </node>
              </node>
            </node>
          </node>
          <node id="node-Bip01_FannyPack" name="Bip01_FannyPack">
            <matrix>-0.9629918 -0.2062316 0.1735378 0.2299507 -0.2083318 0.9780384 0.006227016 -0.1378937 -0.1710108 -0.03015685 -0.9848075 0.01013958 0 0 0 1</matrix>
          </node>
        </node>
        <node id="node-EYE" name="EYE">
          <matrix sid="matrix">0.356311 0.8213638 -0.4454256 -0.2693947 -0.3060081 0.5530026 0.7749497 0.6478232 0.8828374 -0.1398192 0.4483847 0.3323932 0 0 0 1</matrix>
          <node id="node-CAM" name="CAM">
            <matrix>1 -6.03104e-8 3.55271e-15 4.84288e-8 6.03104e-8 1 -2.32831e-9 -0.104 -3.55271e-15 2.32832e-9 1 0.3005601 0 0 0 1</matrix>
          </node>
        </node>
      </node>
      <node id="node-Bounds" name="Bounds">
        <matrix>0.9999915 0.001706907 0.003750479 0 -0.001711356 0.9999978 0.001183292 0.1035326 -0.003748452 -0.0011897 0.9999923 -8.93474e-5 0 0 0 1</matrix>
        <instance_geometry url="#geom-Bounds">
          <bind_material>
            <technique_common>
              <instance_material symbol="ShapeBounds" target="#ShapeBounds-material"/>
            </technique_common>
          </bind_material>
        </instance_geometry>
      </node>
    </visual_scene>
  </library_visual_scenes>
  <library_animations>
    <animation>
      <source id="node-Bip01_matrix-input">
        <float_array id="node-Bip01_matrix-input-array" count="61">63.33333 63.36666 63.4 63.43333 63.46667 63.5 63.53333 63.56667 63.6 63.63334 63.66667 63.7 63.73333 63.76667 63.8 63.83333 63.86666 63.9 63.93333 63.96667 64 64.03333 64.06667 64.1 64.13333 64.16666 64.2 64.23333 64.26667 64.3 64.33334 64.36667 64.4 64.43333 64.46667 64.5 64.53333 64.56667 64.6 64.63333 64.66666 64.7 64.73333 64.76667 64.8 64.83334 64.86667 64.9 64.93333 64.96667 65 65.03333 65.06667 65.1 65.13333 65.16666 65.2 65.23333 65.26667 65.3 65.33334</float_array>
        <technique_common>
          <accessor source="#node-Bip01_matrix-input-array" count="61" stride="1">
            <param name="TIME" type="float"/>
          </accessor>
        </technique_common>
      </source>
      <source id="node-Bip01_matrix-output">
        <float_array id="node-Bip01_matrix-output-array" count="976">0.3563109 -0.3060081 0.8828373 0.004529237 0.8213638 0.5530027 -0.1398192 0.01337957 -0.4454256 0.7749497 0.4483849 0.7992089 0 0 0 1 0.3563109 -0.3060081 0.8828373 0.004530012 0.8213638 0.5530027 -0.1398192 0.01337808 -0.4454256 0.7749497 0.4483849 0.8021327 0 0 0 1 0.3563108 -0.3060081 0.8828373 0.004530727 0.8213639 0.5530027 -0.1398191 0.0133717 -0.4454256 0.7749498 0.4483848 0.8053238 0 0 0 1 0.3563109 -0.3060081 0.8828373 0.004531323 0.8213638 0.5530028 -0.1398191 0.01336067 -0.4454256 0.7749497 0.4483849 0.808758 0 0 0 1 0.356311 -0.3060081 0.8828372 0.004531621 0.8213638 0.5530028 -0.1398192 0.01334506 -0.4454255 0.7749497 0.448385 0.8124105 0 0 0 1 0.3563109 -0.3060081 0.8828373 0.004531562 0.8213638 0.5530028 -0.1398192 0.01332503 -0.4454256 0.7749497 0.4483849 0.8162572 0 0 0 1 0.3563109 -0.3060081 0.8828373 0.004530966 0.8213639 0.5530027 -0.1398192 0.01330071 -0.4454256 0.7749497 0.4483849 0.8202735 0 0 0 1 0.3563109 -0.3060082 0.8828372 0.004529654 0.8213639 0.5530027 -0.1398192 0.01327222 -0.4454256 0.7749497 0.448385 0.8244349 0 0 0 1 0.3563108 -0.3060081 0.8828373 0.004527568 0.8213639 0.5530027 -0.1398191 0.01323974 -0.4454256 0.7749498 0.4483848 0.8287191 0 0 0 1 0.3563108 -0.3060081 0.8828373 0.004524528 0.8213639 0.5530027 -0.1398191 0.01320344 -0.4454256 0.7749498 0.4483848 0.8330976 0 0 0 1 0.356311 -0.3060081 0.8828372 0.004520416 0.8213638 0.5530027 -0.1398192 0.01316326 -0.4454256 0.7749497 0.448385 0.8375478 0 0 0 1 0.3563109 -0.3060081 0.8828373 0.004515051 0.8213639 0.5530027 -0.1398191 0.01311963 -0.4454256 0.7749497 0.4483848 0.8420454 0 0 0 1 0.356311 -0.3060081 0.8828373 0.004508376 0.8213638 0.5530028 -0.1398192 0.01307249 -0.4454256 0.7749497 0.448385 0.8465659 0 0 0 1 0.3563109 -0.3060081 0.8828373 0.00450021 0.8213639 0.5530027 -0.1398191 0.013022 -0.4454256 0.7749498 0.4483849 0.851085 0 0 0 1 0.3563109 -0.3060081 0.8828373 0.004490435 0.8213639 0.5530027 -0.1398192 0.0129683 -0.4454256 0.7749498 0.4483848 0.8555778 0 0 0 1 0.356311 -0.3060081 0.8828372 0.004478871 0.8213638 0.5530027 -0.1398192 0.01291161 -0.4454256 0.7749497 0.448385 0.8600204 0 0 0 1 0.3563109 -0.3060081 0.8828373 0.00446546 0.8213639 0.5530027 -0.1398191 0.01285195 -0.4454256 0.7749497 0.4483848 0.864388 0 0 0 1 0.3563109 -0.3060081 0.8828373 0.004450023 0.8213639 0.5530027 -0.1398192 0.01278954 -0.4454256 0.7749498 0.4483849 0.8686563 0 0 0 1 0.3563109 -0.3060081 0.8828373 0.004432439 0.8213639 0.5530027 -0.1398192 0.01272445 -0.4454256 0.7749498 0.4483848 0.8728008 0 0 0 1 0.3563109 -0.3060081 0.8828372 0.004412591 0.8213639 0.5530027 -0.1398192 0.01265692 -0.4454256 0.7749497 0.448385 0.8767971 0 0 0 1 0.356311 -0.3060081 0.8828373 0.004390239 0.8213638 0.5530028 -0.1398192 0.01258707 -0.4454256 0.7749497 0.448385 0.8806206 0 0 0 1 0.3563108 -0.3060081 0.8828373 0.004365384 0.8213639 0.5530027 -0.1398191 0.01251488 -0.4454256 0.7749498 0.4483848 0.8842471 0 0 0 1 0.3563109 -0.3060081 0.8828373 0.004337847 0.8213638 0.5530027 -0.1398192 0.01244068 -0.4454256 0.7749497 0.4483849 0.8876519 0 0 0 1 0.3563109 -0.3060081 0.8828373 0.004307448 0.8213639 0.5530027 -0.1398191 0.0123645 -0.4454256 0.7749497 0.4483848 0.8908107 0 0 0 1 0.3563109 -0.3060081 0.8828373 0.00427407 0.8213638 0.5530028 -0.1398192 0.01228648 -0.4454256 0.7749497 0.4483849 0.8937003 0 0 0 1 0.3563108 -0.306008 0.8828374 0.004237592 0.8213639 0.5530027 -0.1398192 0.01220679 -0.4454257 0.7749498 0.4483848 0.8962936 0 0 0 1 0.3563109 -0.3060081 0.8828373 0.004197955 0.8213639 0.5530027 -0.1398192 0.01212561 -0.4454256 0.7749497 0.4483849 0.8985674 0 0 0 1 0.3563109 -0.3060081 0.8828373 0.00415492 0.8213639 0.5530027 -0.1398192 0.01204299 -0.4454256 0.7749498 0.4483849 0.9004974 0 0 0 1 0.3563109 -0.3060081 0.8828373 0.004108369 0.8213639 0.5530027 -0.1398192 0.01195913 -0.4454256 0.7749497 0.4483849 0.9020593 0 0 0 1 0.3563109 -0.3060081 0.8828373 0.004058122 0.8213638 0.5530027 -0.1398192 0.01187407 -0.4454256 0.7749497 0.4483849 0.9032282 0 0 0 1 0.3563109 -0.3060081 0.8828373 0.00400418 0.8213638 0.5530027 -0.1398192 0.01178807 -0.4454256 0.7749497 0.4483849 0.90398 0 0 0 1 0.3563109 -0.3060081 0.8828373 0.003946304 0.8213638 0.5530027 -0.1398192 0.01170122 -0.4454256 0.7749497 0.4483849 0.9042901 0 0 0 1 0.3563109 -0.3060081 0.8828373 0.003884375 0.8213639 0.5530027 -0.1398192 0.0116136 -0.4454256 0.7749497 0.4483849 0.9041193 0 0 0 1 0.3563109 -0.3060081 0.8828373 0.003818273 0.8213639 0.5530027 -0.1398192 0.01152551 -0.4454256 0.7749498 0.4483849 0.903463 0 0 0 1 0.3563109 -0.3060081 0.8828373 0.00374794 0.8213639 0.5530027 -0.1398192 0.01143693 -0.4454256 0.7749497 0.4483849 0.9023489 0 0 0 1 0.3563108 -0.306008 0.8828374 0.003673076 0.8213639 0.5530027 -0.1398192 0.011348 -0.4454257 0.7749498 0.4483848 0.9008059 0 0 0 1 0.3563109 -0.3060081 0.8828373 0.003593623 0.8213638 0.5530028 -0.1398192 0.0112589 -0.4454256 0.7749497 0.4483849 0.8988605 0 0 0 1 0.3563109 -0.3060081 0.8828373 0.003509521 0.8213639 0.5530027 -0.1398191 0.01116985 -0.4454256 0.7749497 0.4483848 0.8965409 0 0 0 1 0.3563109 -0.3060081 0.8828373 0.003420531 0.8213638 0.5530027 -0.1398192 0.01108086 -0.4454256 0.7749497 0.4483849 0.8938753 0 0 0 1 0.3563108 -0.3060081 0.8828373 0.003326594 0.8213639 0.5530027 -0.1398191 0.01099216 -0.4454256 0.7749498 0.4483848 0.8908913 0 0 0 1 0.356311 -0.3060081 0.8828373 0.003227472 0.8213638 0.5530028 -0.1398192 0.01090371 -0.4454256 0.7749497 0.448385 0.887617 0 0 0 1 0.3563109 -0.3060081 0.8828372 0.003123164 0.8213639 0.5530027 -0.1398192 0.01081591 -0.4454256 0.7749497 0.448385 0.8840801 0 0 0 1 0.3563109 -0.3060081 0.8828373 0.003013432 0.8213639 0.5530027 -0.1398192 0.01072877 -0.4454256 0.7749498 0.4483848 0.8803103 0 0 0 1 0.3563109 -0.3060081 0.8828373 0.002898216 0.8213639 0.5530027 -0.1398192 0.0106424 -0.4454256 0.7749498 0.4483849 0.8763322 0 0 0 1 0.3563109 -0.3060081 0.8828373 0.002777278 0.8213639 0.5530027 -0.1398191 0.01055687 -0.4454256 0.7749497 0.4483848 0.8721751 0 0 0 1 0.356311 -0.3060081 0.8828372 0.002650618 0.8213638 0.5530027 -0.1398192 0.01047247 -0.4454256 0.7749497 0.448385 0.867867 0 0 0 1 0.3563109 -0.3060081 0.8828373 0.002517998 0.8213639 0.5530027 -0.1398192 0.01038932 -0.4454256 0.7749498 0.4483848 0.8634358 0 0 0 1 0.3563109 -0.3060081 0.8828373 0.002379238 0.8213639 0.5530027 -0.1398191 0.01030743 -0.4454256 0.7749498 0.4483849 0.8589092 0 0 0 1 0.356311 -0.3060081 0.8828373 0.002234399 0.8213638 0.5530028 -0.1398192 0.01022708 -0.4454256 0.7749497 0.448385 0.8543153 0 0 0 1 0.3563109 -0.3060081 0.8828373 0.002083241 0.8213639 0.5530027 -0.1398191 0.0101484 -0.4454256 0.7749497 0.4483848 0.8496819 0 0 0 1 0.356311 -0.3060081 0.8828372 0.001925587 0.8213638 0.5530027 -0.1398192 0.01007139 -0.4454256 0.7749497 0.448385 0.8450388 0 0 0 1 0.3563108 -0.3060081 0.8828373 0.001761198 0.8213639 0.5530027 -0.1398191 0.009996294 -0.4454256 0.7749498 0.4483848 0.84041 0 0 0 1 0.3563108 -0.3060081 0.8828373 0.001590251 0.8213639 0.5530027 -0.1398191 0.009923219 -0.4454256 0.7749498 0.4483848 0.8358252 0 0 0 1 0.3563109 -0.3060082 0.8828372 0.001412391 0.8213639 0.5530027 -0.1398192 0.009852349 -0.4454256 0.7749497 0.448385 0.8313124 0 0 0 1 0.3563109 -0.3060081 0.8828373 0.001227557 0.8213639 0.5530027 -0.1398192 0.009783804 -0.4454256 0.7749497 0.4483849 0.8268994 0 0 0 1 0.3563109 -0.3060081 0.8828373 0.001035451 0.8213638 0.5530028 -0.1398192 0.009717583 -0.4454256 0.7749497 0.4483849 0.8226142 0 0 0 1 0.356311 -0.3060081 0.8828372 8.36232e-4 0.8213638 0.5530028 -0.1398192 0.009654045 -0.4454255 0.7749497 0.448385 0.8184846 0 0 0 1 0.3563109 -0.3060081 0.8828373 6.29588e-4 0.8213638 0.5530028 -0.1398191 0.009593188 -0.4454256 0.7749497 0.4483849 0.8145402 0 0 0 1 0.3563108 -0.3060081 0.8828373 4.15406e-4 0.8213639 0.5530027 -0.1398191 0.009535193 -0.4454256 0.7749498 0.4483848 0.8108053 0 0 0 1 0.3563109 -0.3060081 0.8828373 1.93344e-4 0.8213638 0.5530027 -0.1398192 0.009480178 -0.4454256 0.7749497 0.4483849 0.8073096 0 0 0 1 0.3563109 -0.3060081 0.8828373 -3.63253e-5 0.8213638 0.5530028 -0.1398191 0.009428322 -0.4454256 0.7749497 0.4483849 0.804081 0 0 0 1</float_array>
        <technique_common>
          <accessor source="#node-Bip01_matrix-output-array" count="61" stride="16">
            <param name="TRANSFORM" type="float4x4"/>
          </accessor>
        </technique_common>
      </source>
      <source id="node-Bip01_matrix-interpolation">
        <Name_array id="node-Bip01_matrix-interpolation-array" count="61">LINEAR LINEAR LINEAR LINEAR LINEAR LINEAR LINEAR LINEAR LINEAR LINEAR LINEAR LINEAR LINEAR LINEAR LINEAR LINEAR LINEAR LINEAR LINEAR LINEAR LINEAR LINEAR LINEAR LINEAR LINEAR LINEAR LINEAR LINEAR LINEAR LINEAR LINEAR LINEAR LINEAR LINEAR LINEAR LINEAR LINEAR LINEAR LINEAR LINEAR LINEAR LINEAR LINEAR LINEAR LINEAR LINEAR LINEAR LINEAR LINEAR LINEAR LINEAR LINEAR LINEAR LINEAR LINEAR LINEAR LINEAR LINEAR LINEAR LINEAR LINEAR</Name_array>
        <technique_common>
          <accessor source="#node-Bip01_matrix-interpolation-array" count="61" stride="1">
            <param name="INTERPOLATION" type="name"/>
          </accessor>
        </technique_common>
      </source>
      <source id="node-Bip01_Pelvis_matrix-input">
        <float_array id="node-Bip01_Pelvis_matrix-input-array" count="61">63.33333 63.36666 63.4 63.43333 63.46667 63.5 63.53333 63.56667 63.6 63.63334 63.66667 63.7 63.73333 63.76667 63.8 63.83333 63.86666 63.9 63.93333 63.96667 64 64.03333 64.06667 64.1 64.13333 64.16666 64.2 64.23333 64.26667 64.3 64.33334 64.36667 64.4 64.43333 64.46667 64.5 64.53333 64.56667 64.6 64.63333 64.66666 64.7 64.73333 64.76667 64.8 64.83334 64.86667 64.9 64.93333 64.96667 65 65.03333 65.06667 65.1 65.13333 65.16666 65.2 65.23333 65.26667 65.3 65.33334</float_array>
        <technique_common>
          <accessor source="#node-Bip01_Pelvis_matrix-input-array" count="61" stride="1">
            <param name="TIME" type="float"/>
          </accessor>
        </technique_common>
      </source>
      <source id="node-Bip01_Pelvis_matrix-output">
