<?xml version="1.0" encoding="utf-8"?>
<COLLADA xmlns="http://www.collada.org/2005/11/COLLADASchema" version="1.4.1">
  <asset>
    <contributor>
      <author>MattO</author>
      <authoring_tool>OpenCOLLADA for 3ds Max;  Version: 1.3.0;  Revision: 839M;  Platform: x64;  Configuration: Release_Max2012</authoring_tool>
      <source_data>file:///C:/Dropbox/Prj/GGStout/Turret/TP_ProxMine_PlayerAnims.max</source_data>
    </contributor>
    <created>2011-09-30T17:59:30</created>
    <modified>2011-09-30T17:59:30</modified>
    <unit name="meter" meter="1"/>
    <up_axis>Z_UP</up_axis>
  </asset>
  <library_effects>
    <effect id="ShapeBounds">
      <profile_COMMON>
        <technique sid="common">
          <blinn>
            <emission>
              <color>0 0 0 1</color>
            </emission>
            <ambient>
              <color>0.1647059 1 0 1</color>
            </ambient>
            <diffuse>
              <color>0.1647059 1 0 1</color>
            </diffuse>
            <specular>
              <color>0.9 0.9 0.9 1</color>
            </specular>
            <shininess>
              <float>10</float>
            </shininess>
            <reflective>
              <color>0 0 0 1</color>
            </reflective>
            <transparent opaque="A_ONE">
              <color>1 1 1 1</color>
            </transparent>
            <transparency>
              <float>1</float>
            </transparency>
          </blinn>
        </technique>
      </profile_COMMON>
      <extra>
        <technique profile="OpenCOLLADA3dsMax">
          <extended_shader>
            <apply_reflection_dimming>0</apply_reflection_dimming>
            <dim_level>0</dim_level>
            <falloff_type>0</falloff_type>
            <index_of_refraction>1.5</index_of_refraction>
            <opacity_type>0</opacity_type>
            <reflection_level>3</reflection_level>
            <wire_size>1</wire_size>
            <wire_units>0</wire_units>
          </extended_shader>
          <shader>
            <ambient_diffuse_lock>1</ambient_diffuse_lock>
            <ambient_diffuse_texture_lock>1</ambient_diffuse_texture_lock>
            <diffuse_specular_lock>0</diffuse_specular_lock>
            <soften>0.1</soften>
            <use_self_illum_color>0</use_self_illum_color>
          </shader>
        </technique>
      </extra>
    </effect>
  </library_effects>
  <library_materials>
    <material id="ShapeBounds-material" name="ShapeBounds">
      <instance_effect url="#ShapeBounds"/>
    </material>
  </library_materials>
  <library_geometries>
    <geometry id="geom-Bounds" name="Bounds">
      <mesh>
        <source id="geom-Bounds-positions">
          <float_array id="geom-Bounds-positions-array" count="24">-0.425 -0.425 0 0.425 -0.425 0 -0.425 0.425 0 0.425 0.425 0 -0.425 -0.425 1.84 0.425 -0.425 1.84 -0.425 0.425 1.84 0.425 0.425 1.84</float_array>
          <technique_common>
            <accessor source="#geom-Bounds-positions-array" count="8" stride="3">
              <param name="X" type="float"/>
              <param name="Y" type="float"/>
              <param name="Z" type="float"/>
            </accessor>
          </technique_common>
        </source>
        <source id="geom-Bounds-normals">
          <float_array id="geom-Bounds-normals-array" count="72">0 0 -1 0 0 -1 0 0 -1 0 0 -1 0 0 1 0 0 1 0 0 1 0 0 1 0 -1 0 0 -1 0 0 -1 0 0 -1 0 1 0 0 1 0 0 1 0 0 1 0 0 0 1 0 0 1 0 0 1 0 0 1 0 -1 0 0 -1 0 0 -1 0 0 -1 0 0</float_array>
          <technique_common>
            <accessor source="#geom-Bounds-normals-array" count="24" stride="3">
              <param name="X" type="float"/>
              <param name="Y" type="float"/>
              <param name="Z" type="float"/>
            </accessor>
          </technique_common>
        </source>
        <source id="geom-Bounds-map1">
          <float_array id="geom-Bounds-map1-array" count="36">0 0 0 1 0 0 0 1 0 1 1 0 0 0 0 1 0 0 0 1 0 1 1 0 0 0 0 1 0 0 0 1 0 1 1 0</float_array>
          <technique_common>
            <accessor source="#geom-Bounds-map1-array" count="12" stride="3">
              <param name="S" type="float"/>
              <param name="T" type="float"/>
              <param name="P" type="float"/>
            </accessor>
          </technique_common>
        </source>
        <vertices id="geom-Bounds-vertices">
          <input semantic="POSITION" source="#geom-Bounds-positions"/>
        </vertices>
        <triangles material="ShapeBounds" count="12">
          <input semantic="VERTEX" source="#geom-Bounds-vertices" offset="0"/>
          <input semantic="NORMAL" source="#geom-Bounds-normals" offset="1"/>
          <input semantic="TEXCOORD" source="#geom-Bounds-map1" offset="2" set="0"/>
          <p>0 0 9 2 1 11 3 2 10 3 2 10 1 3 8 0 0 9 4 4 8 5 5 9 7 6 11 7 6 11 6 7 10 4 4 8 0 8 4 1 9 5 5 10 7 5 10 7 4 11 6 0 8 4 1 12 0 3 13 1 7 14 3 7 14 3 5 15 2 1 12 0 3 16 4 2 17 5 6 18 7 6 18 7 7 19 6 3 16 4 2 20 0 0 21 1 4 22 3 4 22 3 6 23 2 2 20 0</p>
        </triangles>
      </mesh>
      <extra>
        <technique profile="OpenCOLLADA3dsMax">
          <max_box>
            <generateuvs>1</generateuvs>
            <height>1.84</height>
            <heightsegments>1</heightsegments>
            <length>0.85</length>
            <lengthsegments>1</lengthsegments>
            <width>0.85</width>
            <widthsegments>1</widthsegments>
          </max_box>
        </technique>
      </extra>
    </geometry>
  </library_geometries>
  <library_lights>
    <light id="EnvironmentAmbientLight" name="EnvironmentAmbientLight">
      <technique_common>
        <ambient>
          <color>0 0 0</color>
        </ambient>
      </technique_common>
    </light>
  </library_lights>
  <library_visual_scenes>
    <visual_scene id="MaxScene">
      <node name="EnvironmentAmbientLight">
        <instance_light url="#EnvironmentAmbientLight"/>
      </node>
      <node id="node-Bip01" name="Bip01">
        <matrix sid="matrix">8.34465e-7 -1 -1.37091e-6 -0.0192109 0.5735766 1.60933e-6 -0.8191519 0.003540665 0.8191519 -1.49012e-7 0.5735766 0.9657939 0 0 0 1</matrix>
        <node id="node-Bip01_Pelvis" name="Bip01_Pelvis">
          <matrix>2.98023e-8 1 -1.3868e-6 0 -1.38747e-6 1.3868e-6 1 0 1 -2.98023e-8 1.38747e-6 0 0 0 0 1</matrix>
          <node id="node-Bip01_Spine" name="Bip01_Spine">
            <matrix>0.7780787 -0.628167 -3.12124e-6 0.199298 0.628167 0.7780787 3.56185e-6 0.02655226 1.91129e-7 -4.73206e-6 1 2.34693e-7 0 0 0 1</matrix>
            <node id="node-Bip01_Spine1" name="Bip01_Spine1">
              <matrix>0.7675779 -0.6409555 -1.77679e-6 0.1022946 0.6409555 0.7675779 -6.45809e-7 -7.75754e-5 1.77776e-6 -6.43133e-7 1 1.86265e-9 0 0 0 1</matrix>
              <node id="node-Bip01_Spine2" name="Bip01_Spine2">
                <matrix>0.9061316 -0.4229959 -1.17322e-6 0.1269385 0.4229959 0.9061316 -2.60354e-7 -1.55151e-4 1.17322e-6 -2.60353e-7 1 -3.72529e-9 0 0 0 1</matrix>
                <node id="node-Bip01_Neck" name="Bip01_Neck">
                  <matrix>0.8708674 -0.491518 -1.33283e-6 0.2151105 0.491518 0.8708674 -3.66665e-7 -4.80413e-5 1.34094e-6 -3.35793e-7 1 0 0 0 0 1</matrix>
                  <node id="node-Bip01_Head" name="Bip01_Head">
                    <matrix>0.5120425 0.8589602 2.36145e-6 0.07051814 -0.8589602 0.5120425 -1.32829e-6 -0.01395905 -2.35011e-6 -1.34825e-6 1 0 0 0 0 1</matrix>
                    <node id="node-ALTEYE" name="ALTEYE">
                      <matrix>2.40068e-8 0.3262679 0.9452779 0.06454694 4.57226e-6 0.9452778 -0.3262679 0.2214611 -1 4.01693e-6 -1.5346e-6 0.04716256 0 0 0 1</matrix>
                    </node>
                  </node>
                  <node id="node-Bip01_L_Clavicle" name="Bip01_L_Clavicle">
                    <matrix>-0.5139333 -0.4913911 0.703141 -0.02531704 0.2358364 -0.8690252 -0.4349442 -0.01248002 0.824775 -0.05770604 0.5625089 0.06834728 0 0 0 1</matrix>
                    <node id="node-Bip01_L_UpperArm" name="Bip01_L_UpperArm">
                      <matrix>-0.04559882 0.9397289 0.3388661 0.1824006 -0.998904 -0.0393056 -0.02541465 0 -0.01056355 -0.3396535 0.9404912 0 0 0 0 1</matrix>
                      <node id="node-Bip01_L_Forearm" name="Bip01_L_Forearm">
                        <matrix>-0.07962769 0.9968246 0 0.2843688 -0.9968247 -0.07962772 4.47035e-8 0 0 2.98023e-8 1 -5.96046e-8 0 0 0 1</matrix>
                        <node id="node-Bip01_L_Hand" name="Bip01_L_Hand">
                          <matrix>0.9972026 -0.06531972 0.03633577 0.2810681 -0.03630546 0.0016509 0.9993395 -5.96046e-8 -0.06533664 -0.997863 -7.2521e-4 0 0 0 0 1</matrix>
                          <node id="node-Bip01_L_Finger0" name="Bip01_L_Finger0">
                            <matrix>0.7972617 0.5458074 0.2578141 0.02119678 0.2630303 0.07030118 -0.9622229 -0.004734337 -0.543313 0.8349563 -0.08751547 -0.02572197 0 0 0 1</matrix>
                            <node id="node-Bip01_L_Finger01" name="Bip01_L_Finger01">
                              <matrix>0.9659749 0.2266686 -0.1245544 0.04982841 -0.2230535 0.9738826 0.04242735 4.47035e-8 0.1309182 -0.01320141 0.9913054 -1.19209e-7 0 0 0 1</matrix>
                              <node id="node-Bip01_L_Finger02" name="Bip01_L_Finger02">
                                <matrix>0.8917153 0.4525972 2.98023e-8 0.05202234 -0.4525972 0.8917152 2.6077e-8 -1.49012e-8 0 4.47035e-8 1 0 0 0 0 1</matrix>
                              </node>
                            </node>
                          </node>
                          <node id="node-Bip01_L_Finger1" name="Bip01_L_Finger1">
                            <matrix>0.5443667 -0.8378222 0.04145819 0.1199946 0.8343246 0.5356449 -0.1303333 -0.008367538 0.08698919 0.1055386 0.9906031 -0.04101384 0 0 0 1</matrix>
                            <node id="node-Bip01_L_Finger11" name="Bip01_L_Finger11">
                              <matrix>0.227178 -0.9738533 0 0.03644174 0.9738533 0.2271781 -2.98023e-8 0 2.98023e-8 3.72529e-9 1 0 0 0 0 1</matrix>
                              <node id="node-Bip01_L_Finger12" name="Bip01_L_Finger12">
                                <matrix>0.3928345 -0.9196092 2.98023e-8 0.03117549 0.9196092 0.3928345 3.72529e-9 -2.98023e-8 2.98023e-8 5.96046e-8 1 -1.19209e-7 0 0 0 1</matrix>
                              </node>
                            </node>
                          </node>
                          <node id="node-Bip01_L_Finger2" name="Bip01_L_Finger2">
                            <matrix>0.4670692 -0.8830643 -0.04520702 0.1229538 0.8823489 0.4687958 -0.04111913 -0.008801997 0.05750371 -0.0206829 0.998131 -0.01328248 0 0 0 1</matrix>
                            <node id="node-Bip01_L_Finger21" name="Bip01_L_Finger21">
                              <matrix>0.335961 -0.9418761 7.45058e-9 0.03895518 0.9418761 0.335961 2.98023e-8 0 0 -1.49012e-8 1 0 0 0 0 1</matrix>
                              <node id="node-Bip01_L_Finger22" name="Bip01_L_Finger22">
                                <matrix>0.4944121 -0.8692276 2.98023e-8 0.03800547 0.8692277 0.494412 0 0 8.9407e-8 0 1 0 0 0 0 1</matrix>
                              </node>
                            </node>
                          </node>
                          <node id="node-Bip01_L_Finger3" name="Bip01_L_Finger3">
                            <matrix>0.4884204 -0.8645033 -0.1186576 0.121188 0.8708872 0.4914658 0.004089683 -0.001191199 0.05478052 -0.1053348 0.9929268 0.01196879 0 0 0 1</matrix>
                            <node id="node-Bip01_L_Finger31" name="Bip01_L_Finger31">
                              <matrix>0.4560263 -0.8899664 -7.45058e-9 0.03155844 0.8899665 0.4560262 0 -1.19209e-7 5.96046e-8 2.98023e-8 1 -5.96046e-8 0 0 0 1</matrix>
                              <node id="node-Bip01_L_Finger32" name="Bip01_L_Finger32">
                                <matrix>0.4560263 -0.8899662 2.98023e-8 0.03366601 0.8899664 0.4560263 0 0 -2.98023e-8 0 1 -5.96046e-8 0 0 0 1</matrix>
                              </node>
                            </node>
                          </node>
                          <node id="node-Bip01_L_Finger4" name="Bip01_L_Finger4">
                            <matrix>0.2730237 -0.9537597 -0.1257005 0.1136796 0.9570502 0.2560404 0.1360082 0.005147398 -0.09753484 -0.1574352 0.9827009 0.03886575 0 0 0 1</matrix>
                            <node id="node-Bip01_L_Finger41" name="Bip01_L_Finger41">
                              <matrix>0.3741724 -0.9273592 -1.49012e-8 0.03661618 0.9273592 0.3741724 2.98023e-8 0 -2.98023e-8 -1.11759e-8 0.9999999 -5.96046e-8 0 0 0 1</matrix>
                              <node id="node-Bip01_L_Finger42" name="Bip01_L_Finger42">
                                <matrix>0.353461 -0.9354493 2.98023e-8 0.01772642 0.9354494 0.353461 -1.11759e-8 3.72529e-9 1.49012e-8 2.98023e-8 0.9999999 1.19209e-7 0 0 0 1</matrix>
                              </node>
                            </node>
                          </node>
                        </node>
                      </node>
                    </node>
                  </node>
                  <node id="node-Bip01_R_Clavicle" name="Bip01_R_Clavicle">
                    <matrix>-0.5139332 -0.4913911 -0.7031412 -0.02531704 0.2358409 -0.8690255 0.4349411 -0.01247966 -0.8247737 0.05770123 0.5625112 -0.06834735 0 0 0 1</matrix>
                    <node id="node-Bip01_R_UpperArm" name="Bip01_R_UpperArm">
                      <matrix>0.07837184 0.6446645 -0.7604379 0.1824007 -0.9786632 -0.09557709 -0.1818883 0 -0.1899371 0.7584676 0.6234188 0 0 0 0 1</matrix>
                      <node id="node-Bip01_R_Forearm" name="Bip01_R_Forearm">
                        <matrix>0.8033637 0.595489 0 0.284369 -0.595489 0.8033633 0 1.19209e-7 -1.86265e-9 -2.98023e-8 1 0 0 0 0 1</matrix>
                        <node id="node-Bip01_R_Hand" name="Bip01_R_Hand">
                          <matrix>-0.3210544 -0.9457393 0.05001415 0.2810681 -0.01235574 -0.04862258 -0.9987408 -1.19209e-7 0.9469802 -0.3212681 0.00392516 0 0 0 0 1</matrix>
                          <node id="node-Bip01_R_Finger0" name="Bip01_R_Finger0">
                            <matrix>0.5864988 0.5584857 -0.5866113 0.02119678 0.549592 0.2575931 0.7947291 -0.004734218 0.594952 -0.7885045 -0.1558613 0.02572203 0 0 0 1</matrix>
                            <node id="node-Bip01_R_Finger01" name="Bip01_R_Finger01">
                              <matrix>0.9984426 -0.03286719 -0.04507773 0.04982856 0.03276291 0.9994586 -0.003049947 0 0.04515355 0.00156834 0.9989789 1.49012e-8 0 0 0 1</matrix>
                              <node id="node-Bip01_R_Finger02" name="Bip01_R_Finger02">
                                <matrix>0.9784715 0.2063825 4.47035e-8 0.05202237 -0.2063824 0.9784714 2.23517e-8 0 2.23517e-8 -3.72529e-8 1 0 0 0 0 1</matrix>
                              </node>
                            </node>
                          </node>
                          <node id="node-Bip01_R_Finger1" name="Bip01_R_Finger1">
                            <matrix>0.9929681 -0.03073482 -0.1143215 0.1199946 0.05074907 0.9829876 0.1765219 -0.008367568 0.1069512 -0.1810823 0.9776352 0.04101384 0 0 0 1</matrix>
                            <node id="node-Bip01_R_Finger11" name="Bip01_R_Finger11">
                              <matrix>0.9786204 -0.2056751 7.45058e-9 0.03644174 0.205675 0.9786204 3.72529e-9 -2.98023e-8 0 -3.72529e-9 1 0 0 0 0 1</matrix>
                              <node id="node-Bip01_R_Finger12" name="Bip01_R_Finger12">
                                <matrix>0.9786205 -0.205675 0 0.03117546 0.2056749 0.9786204 3.72529e-9 2.98023e-8 7.45058e-9 -7.45058e-9 1 -1.19209e-7 0 0 0 1</matrix>
                              </node>
                            </node>
                          </node>
                          <node id="node-Bip01_R_Finger2" name="Bip01_R_Finger2">
                            <matrix>0.9925044 -0.1221326 0.004327267 0.1229538 0.1222092 0.9918534 -0.0359391 -0.008802027 9.73195e-5 0.03619859 0.9993446 0.01328254 0 0 0 1</matrix>
                            <node id="node-Bip01_R_Finger21" name="Bip01_R_Finger21">
                              <matrix>0.9956126 -0.09356988 0 0.03895521 0.09356986 0.9956126 2.98023e-8 0 1.49012e-8 2.98023e-8 0.9999999 0 0 0 0 1</matrix>
                              <node id="node-Bip01_R_Finger22" name="Bip01_R_Finger22">
                                <matrix>0.9956127 -0.09356987 -1.49012e-8 0.03800535 0.0935699 0.9956127 0 0 -2.98023e-8 2.98023e-8 1 0 0 0 0 1</matrix>
                              </node>
                            </node>
                          </node>
                          <node id="node-Bip01_R_Finger3" name="Bip01_R_Finger3">
                            <matrix>0.9921617 -0.06649601 0.1057986 0.1211882 0.08649814 0.9764947 -0.1974235 -0.001191273 -0.09018388 0.2050274 0.9745925 -0.01196873 0 0 0 1</matrix>
                            <node id="node-Bip01_R_Finger31" name="Bip01_R_Finger31">
                              <matrix>0.9905837 -0.136909 1.49012e-8 0.03155845 0.1369089 0.9905837 2.98023e-8 0 0 2.98023e-8 1 0 0 0 0 1</matrix>
                              <node id="node-Bip01_R_Finger32" name="Bip01_R_Finger32">
                                <matrix>0.9905838 -0.1369089 -1.49012e-8 0.03366596 0.1369089 0.9905838 5.96046e-8 -8.9407e-8 0 0 1 -2.38419e-7 0 0 0 1</matrix>
                              </node>
                            </node>
                          </node>
                          <node id="node-Bip01_R_Finger4" name="Bip01_R_Finger4">
                            <matrix>0.9797845 -0.1556327 0.1257005 0.1136797 0.1724154 0.9755894 -0.1360082 0.005147398 -0.1014648 0.1549315 0.9827009 -0.0388658 0 0 0 1</matrix>
                            <node id="node-Bip01_R_Finger41" name="Bip01_R_Finger41">
                              <matrix>0.998605 -0.05280364 2.98023e-8 0.03661627 0.05280367 0.9986049 -2.98023e-8 0 2.98023e-8 0 1 0 0 0 0 1</matrix>
                              <node id="node-Bip01_R_Finger42" name="Bip01_R_Finger42">
                                <matrix>0.969012 -0.2470135 0 0.0177263 0.2470134 0.9690119 0 -1.49012e-8 2.23517e-8 -2.98023e-8 1 0 0 0 0 1</matrix>
                              </node>
                            </node>
                          </node>
                          <node id="node-MOUNT0" name="MOUNT0">
                            <matrix>-6.22123e-7 1 -4.47035e-8 0.1095391 -0.9999999 -6.18398e-7 5.06639e-7 0.02518257 4.91738e-7 -2.98023e-8 1 0.0132165 0 0 0 1</matrix>
                          </node>
                        </node>
                      </node>
                    </node>
                  </node>
                </node>
                <node id="node-Bip01_L_Pauldron_Upper" name="Bip01_L_Pauldron_Upper">
                  <matrix>0.9004826 0.1079654 0.4212773 0.176903 0.09779203 -0.9941548 0.04575238 -0.03908372 0.4237545 -1.67571e-6 -0.9057773 0.2290199 0 0 0 1</matrix>
                </node>
                <node id="node-Bip01_R_Pauldron_Lower" name="Bip01_R_Pauldron_Lower">
                  <matrix>-0.341014 -0.83034 -0.4407329 0.1836622 0.7658411 -0.5172771 0.3819845 -0.1239518 -0.5451579 -0.2072693 0.8123069 -0.2303688 0 0 0 1</matrix>
                </node>
                <node id="node-Bip01_L_Pauldron_Lower" name="Bip01_L_Pauldron_Lower">
                  <matrix>-0.6963176 -0.3999608 0.5959647 0.1906877 0.2072264 -0.9070121 -0.3665883 -0.05679917 0.6871679 -0.1317623 0.7144502 0.2611732 0 0 0 1</matrix>
                </node>
              </node>
            </node>
            <node id="node-Bip01_L_Thigh" name="Bip01_L_Thigh">
              <matrix>0.6204789 0.7796961 0.08414223 -0.1717489 0.7782738 -0.5990262 -0.188301 0.1045322 -0.09641417 0.1823225 -0.9785005 0.1274867 0 0 0 1</matrix>
              <node id="node-Bip01_L_Calf" name="Bip01_L_Calf">
                <matrix>-0.9367735 0.3499365 3.72529e-9 0.4629987 -0.3499364 -0.9367735 1.67638e-8 0 -3.72529e-9 -5.86733e-8 1 7.45058e-9 0 0 0 1</matrix>
                <node id="node-Bip01_L_Foot" name="Bip01_L_Foot">
                  <matrix>0.3453701 0.9378241 -0.03472625 0.3610502 -0.9154762 0.3448189 0.207374 2.98023e-8 0.2064546 -0.03982972 0.9776451 -7.45058e-9 0 0 0 1</matrix>
                  <node id="node-Bip01_L_Toe0" name="Bip01_L_Toe0">
                    <matrix>0 -1 -4.4296e-8 0.1486307 1 -7.45058e-9 4.65661e-10 0.1543275 -4.65661e-10 -4.37722e-8 1 -7.45058e-9 0 0 0 1</matrix>
                  </node>
                </node>
              </node>
            </node>
            <node id="node-Bip01_R_Thigh" name="Bip01_R_Thigh">
              <matrix>0.612759 0.7880963 -0.05856971 -0.1717489 0.7885243 -0.6146473 -0.02093288 0.1045329 -0.05249685 -0.03335682 -0.9980639 -0.1274861 0 0 0 1</matrix>
              <node id="node-Bip01_R_Calf" name="Bip01_R_Calf">
                <matrix>-0.9404342 0.3399757 0 0.4629985 -0.3399758 -0.9404343 0 0 0 1.86265e-9 1 2.6077e-8 0 0 0 1</matrix>
                <node id="node-Bip01_R_Foot" name="Bip01_R_Foot">
                  <matrix>0.360662 0.9312199 -0.05246563 0.3610499 -0.9326894 0.3603103 -0.01634362 1.49012e-8 0.003684406 0.05482865 0.9984889 -1.11759e-8 0 0 0 1</matrix>
                  <node id="node-Bip01_R_Toe0" name="Bip01_R_Toe0">
                    <matrix>-7.45058e-9 -1 4.59258e-8 0.1486307 1 -7.45058e-9 -9.31323e-10 0.1543275 0 4.60423e-8 1 1.49012e-8 0 0 0 1</matrix>
                  </node>
                </node>
              </node>
            </node>
          </node>
          <node id="node-Bip01_FannyPack" name="Bip01_FannyPack">
            <matrix>-0.9629918 -0.2062317 0.1735378 0.2299507 -0.2083319 0.9780383 0.006227002 -0.1378937 -0.1710108 -0.03015689 -0.9848075 0.01013964 0 0 0 1</matrix>
          </node>
        </node>
        <node id="node-EYE" name="EYE">
          <matrix sid="matrix">8.71942e-7 0.5735764 0.8191518 0.5527148 -1 1.6041e-6 -5.41048e-8 -0.02296187 -1.4242e-6 -0.8191519 0.5735765 0.2645214 0 0 0 1</matrix>
          <node id="node-CAM" name="CAM">
            <matrix>1 -6.03104e-8 3.55271e-15 4.84288e-8 6.03104e-8 1 -2.32831e-9 -0.104 -3.55271e-15 2.32832e-9 1 0.3005601 0 0 0 1</matrix>
          </node>
        </node>
      </node>
      <node id="node-Bounds" name="Bounds">
        <matrix>0.9999915 0.001706907 0.003750479 0 -0.001711356 0.9999978 0.001183292 0.1035326 -0.003748452 -0.0011897 0.9999923 -8.93474e-5 0 0 0 1</matrix>
        <instance_geometry url="#geom-Bounds">
          <bind_material>
            <technique_common>
              <instance_material symbol="ShapeBounds" target="#ShapeBounds-material"/>
            </technique_common>
          </bind_material>
        </instance_geometry>
      </node>
    </visual_scene>
  </library_visual_scenes>
  <library_animations>
    <animation>
      <source id="node-Bip01_matrix-input">
        <float_array id="node-Bip01_matrix-input-array" count="11">49 49.03333 49.06667 49.1 49.13334 49.16667 49.2 49.23333 49.26667 49.3 49.33333</float_array>
        <technique_common>
          <accessor source="#node-Bip01_matrix-input-array" count="11" stride="1">
            <param name="TIME" type="float"/>
          </accessor>
        </technique_common>
      </source>
      <source id="node-Bip01_matrix-output">
        <float_array id="node-Bip01_matrix-output-array" count="176">8.34465e-7 -1 -1.37091e-6 -0.01921087 0.5735766 1.60933e-6 -0.8191519 0.003540635 0.8191519 -1.49012e-7 0.5735766 0.9657939 0 0 0 1 9.53674e-7 -1 -1.46031e-6 -0.01921087 0.5735766 1.72853e-6 -0.8191519 0.003540635 0.8191519 -1.49012e-7 0.5735766 0.9660178 0 0 0 1 7.15256e-7 -1 -1.3113e-6 -0.01921087 0.5735766 1.49012e-6 -0.8191519 0.003540635 0.8191519 -1.78814e-7 0.5735766 0.9665897 0 0 0 1 7.15256e-7 -1 -1.3113e-6 -0.01921087 0.5735766 1.54972e-6 -0.8191519 0.003540635 0.8191519 -1.78814e-7 0.5735766 0.9673607 0 0 0 1 9.53674e-7 -1 -1.46031e-6 -0.01921087 0.5735766 1.72853e-6 -0.8191519 0.003540635 0.8191519 -1.49012e-7 0.5735766 0.9681814 0 0 0 1 8.34465e-7 -1 -1.37091e-6 -0.01921087 0.5735766 1.60933e-6 -0.8191519 0.003540635 0.8191519 -1.49012e-7 0.5735766 0.9689027 0 0 0 1 9.53674e-7 -1 -1.46031e-6 -0.01921087 0.5735766 1.72853e-6 -0.8191519 0.003540635 0.8191519 -1.49012e-7 0.5735766 0.9693753 0 0 0 1 7.15256e-7 -1 -1.3113e-6 -0.01921087 0.5735766 1.54972e-6 -0.8191519 0.003540635 0.8191519 -1.78814e-7 0.5735766 0.9694498 0 0 0 1 7.15256e-7 -1 -1.3113e-6 -0.01921087 0.5735766 1.49012e-6 -0.8191519 0.003540635 0.8191519 -1.78814e-7 0.5735766 0.9689773 0 0 0 1 9.53674e-7 -1 -1.46031e-6 -0.01921087 0.5735766 1.72853e-6 -0.8191519 0.003540635 0.8191519 -1.49012e-7 0.5735766 0.9678085 0 0 0 1 8.34465e-7 -1 -1.37091e-6 -0.01921087 0.5735766 1.60933e-6 -0.8191519 0.003540635 0.8191519 -1.49012e-7 0.5735766 0.9657939 0 0 0 1</float_array>
        <technique_common>
          <accessor source="#node-Bip01_matrix-output-array" count="11" stride="16">
            <param name="TRANSFORM" type="float4x4"/>
          </accessor>
        </technique_common>
      </source>
      <source id="node-Bip01_matrix-interpolation">
        <Name_array id="node-Bip01_matrix-interpolation-array" count="11">LINEAR LINEAR LINEAR LINEAR LINEAR LINEAR LINEAR LINEAR LINEAR LINEAR LINEAR</Name_array>
        <technique_common>
          <accessor source="#node-Bip01_matrix-interpolation-array" count="11" stride="1">
            <param name="INTERPOLATION" type="name"/>
          </accessor>
        </technique_common>
      </source>
      <source id="node-EYE_matrix-input">
        <float_array id="node-EYE_matrix-input-array" count="11">49 49.03333 49.06667 49.1 49.13334 49.16667 49.2 49.23333 49.26667 49.3 49.33333</float_array>
        <technique_common>
          <accessor source="#node-EYE_matrix-input-array" count="11" stride="1">
            <param name="TIME" type="float"/>
          </accessor>
        </technique_common>
      </source>
      <source id="node-EYE_matrix-output">
        <float_array id="node-EYE_matrix-output-array" count="176">8.71942e-7 0.5735764 0.8191518 0.5527148 -1 1.6041e-6 0 -0.02296185 -1.4242e-6 -0.8191519 0.5735765 0.2645214 0 0 0 1 9.40318e-7 0.5735765 0.8191518 0.5525315 -1 1.74571e-6 0 -0.02296179 -1.52185e-6 -0.8191519 0.5735765 0.264393 0 0 0 1 7.79154e-7 0.5735763 0.8191518 0.5520629 -1 1.4869e-6 0 -0.02296191 -1.34364e-6 -0.8191519 0.5735765 0.264065 0 0 0 1 8.13342e-7 0.5735763 0.8191518 0.5514312 -1 1.4869e-6 0 -0.02296191 -1.39247e-6 -0.8191519 0.5735765 0.2636227 0 0 0 1 9.40318e-7 0.5735765 0.8191518 0.5507591 -1 1.74571e-6 0 -0.02296179 -1.52185e-6 -0.8191519 0.5735765 0.263152 0 0 0 1 8.71942e-7 0.5735764 0.8191518 0.5501683 -1 1.6041e-6 0 -0.02296185 -1.4242e-6 -0.8191519 0.5735765 0.2627383 0 0 0 1 9.40318e-7 0.5735765 0.8191518 0.5497813 -1 1.74571e-6 0 -0.02296179 -1.52185e-6 -0.8191519 0.5735765 0.2624673 0 0 0 1 8.13342e-7 0.5735763 0.8191518 0.5497201 -1 1.4869e-6 0 -0.02296191 -1.39247e-6 -0.8191519 0.5735765 0.2624245 0 0 0 1 7.79154e-7 0.5735763 0.8191518 0.5501071 -1 1.4869e-6 0 -0.02296191 -1.34364e-6 -0.8191519 0.5735765 0.2626955 0 0 0 1 9.40318e-7 0.5735765 0.8191518 0.5510647 -1 1.74571e-6 0 -0.02296179 -1.52185e-6 -0.8191519 0.5735765 0.2633659 0 0 0 1 8.71942e-7 0.5735764 0.8191518 0.5527148 -1 1.6041e-6 0 -0.02296185 -1.4242e-6 -0.8191519 0.5735765 0.2645214 0 0 0 1</float_array>
        <technique_common>
          <accessor source="#node-EYE_matrix-output-array" count="11" stride="16">
            <param name="TRANSFORM" type="float4x4"/>
          </accessor>
        </technique_common>
      </source>
      <source id="node-EYE_matrix-interpolation">
        <Name_array id="node-EYE_matrix-interpolation-array" count="11">LINEAR LINEAR LINEAR LINEAR LINEAR LINEAR LINEAR LINEAR LINEAR LINEAR LINEAR</Name_array>
        <technique_common>
          <accessor source="#node-EYE_matrix-interpolation-array" count="11" stride="1">
            <param name="INTERPOLATION" type="name"/>
          </accessor>
        </technique_common>
      </source>
      <sampler id="node-Bip01_matrix-sampler">
        <input semantic="INPUT" source="#node-Bip01_matrix-input"/>
        <input semantic="OUTPUT" source="#node-Bip01_matrix-output"/>
        <input semantic="INTERPOLATION" source="#node-Bip01_matrix-interpolation"/>
      </sampler>
      <sampler id="node-EYE_matrix-sampler">
        <input semantic="INPUT" source="#node-EYE_matrix-input"/>
        <input semantic="OUTPUT" source="#node-EYE_matrix-output"/>
        <input semantic="INTERPOLATION" source="#node-EYE_matrix-interpolation"/>
      </sampler>
      <channel source="#node-Bip01_matrix-sampler" target="node-Bip01/matrix"/>
      <channel source="#node-EYE_matrix-sampler" target="node-EYE/matrix"/>
    </animation>
  </library_animations>
  <scene>
    <instance_visual_scene url="#MaxScene"/>
  </scene>
</COLLADA>