<?xml version="1.0" encoding="utf-8"?>
<COLLADA xmlns="http://www.collada.org/2005/11/COLLADASchema" version="1.4.1">
  <asset>
    <contributor>
      <author>MattO</author>
      <authoring_tool>OpenCOLLADA for 3ds Max;  Version: 1.3.0;  Revision: 839M;  Platform: x64;  Configuration: Release_Max2012</authoring_tool>
      <source_data>file:///C:/Dropbox/Prj/GGStout/Turret/TP_ProxMine_PlayerAnims.max</source_data>
    </contributor>
    <created>2011-09-30T17:59:31</created>
    <modified>2011-09-30T17:59:31</modified>
    <unit name="meter" meter="1"/>
    <up_axis>Z_UP</up_axis>
  </asset>
  <library_effects>
    <effect id="ShapeBounds">
      <profile_COMMON>
        <technique sid="common">
          <blinn>
            <emission>
              <color>0 0 0 1</color>
            </emission>
            <ambient>
              <color>0.1647059 1 0 1</color>
            </ambient>
            <diffuse>
              <color>0.1647059 1 0 1</color>
            </diffuse>
            <specular>
              <color>0.9 0.9 0.9 1</color>
            </specular>
            <shininess>
              <float>10</float>
            </shininess>
            <reflective>
              <color>0 0 0 1</color>
            </reflective>
            <transparent opaque="A_ONE">
              <color>1 1 1 1</color>
            </transparent>
            <transparency>
              <float>1</float>
            </transparency>
          </blinn>
        </technique>
      </profile_COMMON>
      <extra>
        <technique profile="OpenCOLLADA3dsMax">
          <extended_shader>
            <apply_reflection_dimming>0</apply_reflection_dimming>
            <dim_level>0</dim_level>
            <falloff_type>0</falloff_type>
            <index_of_refraction>1.5</index_of_refraction>
            <opacity_type>0</opacity_type>
            <reflection_level>3</reflection_level>
            <wire_size>1</wire_size>
            <wire_units>0</wire_units>
          </extended_shader>
          <shader>
            <ambient_diffuse_lock>1</ambient_diffuse_lock>
            <ambient_diffuse_texture_lock>1</ambient_diffuse_texture_lock>
            <diffuse_specular_lock>0</diffuse_specular_lock>
            <soften>0.1</soften>
            <use_self_illum_color>0</use_self_illum_color>
          </shader>
        </technique>
      </extra>
    </effect>
  </library_effects>
  <library_materials>
    <material id="ShapeBounds-material" name="ShapeBounds">
      <instance_effect url="#ShapeBounds"/>
    </material>
  </library_materials>
  <library_geometries>
    <geometry id="geom-Bounds" name="Bounds">
      <mesh>
        <source id="geom-Bounds-positions">
          <float_array id="geom-Bounds-positions-array" count="24">-0.425 -0.425 0 0.425 -0.425 0 -0.425 0.425 0 0.425 0.425 0 -0.425 -0.425 1.84 0.425 -0.425 1.84 -0.425 0.425 1.84 0.425 0.425 1.84</float_array>
          <technique_common>
            <accessor source="#geom-Bounds-positions-array" count="8" stride="3">
              <param name="X" type="float"/>
              <param name="Y" type="float"/>
              <param name="Z" type="float"/>
            </accessor>
          </technique_common>
        </source>
        <source id="geom-Bounds-normals">
          <float_array id="geom-Bounds-normals-array" count="72">0 0 -1 0 0 -1 0 0 -1 0 0 -1 0 0 1 0 0 1 0 0 1 0 0 1 0 -1 0 0 -1 0 0 -1 0 0 -1 0 1 0 0 1 0 0 1 0 0 1 0 0 0 1 0 0 1 0 0 1 0 0 1 0 -1 0 0 -1 0 0 -1 0 0 -1 0 0</float_array>
          <technique_common>
            <accessor source="#geom-Bounds-normals-array" count="24" stride="3">
              <param name="X" type="float"/>
              <param name="Y" type="float"/>
              <param name="Z" type="float"/>
            </accessor>
          </technique_common>
        </source>
        <source id="geom-Bounds-map1">
          <float_array id="geom-Bounds-map1-array" count="36">0 0 0 1 0 0 0 1 0 1 1 0 0 0 0 1 0 0 0 1 0 1 1 0 0 0 0 1 0 0 0 1 0 1 1 0</float_array>
          <technique_common>
            <accessor source="#geom-Bounds-map1-array" count="12" stride="3">
              <param name="S" type="float"/>
              <param name="T" type="float"/>
              <param name="P" type="float"/>
            </accessor>
          </technique_common>
        </source>
        <vertices id="geom-Bounds-vertices">
          <input semantic="POSITION" source="#geom-Bounds-positions"/>
        </vertices>
        <triangles material="ShapeBounds" count="12">
          <input semantic="VERTEX" source="#geom-Bounds-vertices" offset="0"/>
          <input semantic="NORMAL" source="#geom-Bounds-normals" offset="1"/>
          <input semantic="TEXCOORD" source="#geom-Bounds-map1" offset="2" set="0"/>
          <p>0 0 9 2 1 11 3 2 10 3 2 10 1 3 8 0 0 9 4 4 8 5 5 9 7 6 11 7 6 11 6 7 10 4 4 8 0 8 4 1 9 5 5 10 7 5 10 7 4 11 6 0 8 4 1 12 0 3 13 1 7 14 3 7 14 3 5 15 2 1 12 0 3 16 4 2 17 5 6 18 7 6 18 7 7 19 6 3 16 4 2 20 0 0 21 1 4 22 3 4 22 3 6 23 2 2 20 0</p>
        </triangles>
      </mesh>
      <extra>
        <technique profile="OpenCOLLADA3dsMax">
          <max_box>
            <generateuvs>1</generateuvs>
            <height>1.84</height>
            <heightsegments>1</heightsegments>
            <length>0.85</length>
            <lengthsegments>1</lengthsegments>
            <width>0.85</width>
            <widthsegments>1</widthsegments>
          </max_box>
        </technique>
      </extra>
    </geometry>
  </library_geometries>
  <library_lights>
    <light id="EnvironmentAmbientLight" name="EnvironmentAmbientLight">
      <technique_common>
        <ambient>
          <color>0 0 0</color>
        </ambient>
      </technique_common>
    </light>
  </library_lights>
  <library_visual_scenes>
    <visual_scene id="MaxScene">
      <node name="EnvironmentAmbientLight">
        <instance_light url="#EnvironmentAmbientLight"/>
      </node>
      <node id="node-Bip01" name="Bip01">
        <matrix sid="matrix">0.7792376 -0.6267173 0.003750267 -0.002273232 0.6267178 0.7792454 0.001183462 0.01291391 -0.003664074 0.001428161 0.9999923 0.801132 0 0 0 1</matrix>
        <node id="node-Bip01_Pelvis" name="Bip01_Pelvis">
          <matrix>-0.009626727 0.991236 0.1317526 0 -0.1217413 -0.1319404 0.9837534 0 0.9925151 -0.006569401 0.1219445 0 0 0 0 1</matrix>
          <node id="node-Bip01_Spine" name="Bip01_Spine">
            <matrix>0.974003 -0.1713646 -0.1481635 0.1975133 0.0649147 0.8377451 -0.5421895 0.02500539 0.2170352 0.5184764 0.8270903 0.02776151 0 0 0 1</matrix>
            <node id="node-Bip01_Spine1" name="Bip01_Spine1">
              <matrix>0.9940996 -0.1082492 -0.00693207 0.1022407 0.1067967 0.9879401 -0.1121098 -9.98154e-5 0.0189843 0.1107081 0.9936717 -1.11908e-5 0 0 0 1</matrix>
              <node id="node-Bip01_Spine2" name="Bip01_Spine2">
                <matrix>0.983237 -0.177375 0.04222756 0.1268963 0.1810741 0.9770653 -0.1120531 -1.6731e-4 -0.02138368 0.117821 0.9928046 -2.01724e-5 0 0 0 1</matrix>
                <node id="node-Bip01_Neck" name="Bip01_Neck">
                  <matrix>0.9021776 -0.4308736 0.02058497 0.2151072 0.4312886 0.9018875 -0.02426414 -4.97401e-5 -0.00811054 0.03076866 0.9994936 -1.68756e-6 0 0 0 1</matrix>
                  <node id="node-Bip01_Head" name="Bip01_Head">
                    <matrix sid="matrix">0.8383279 0.5202501 -0.1629291 0.07051814 -0.5361 0.8409864 -0.07306501 -0.01395923 0.09900907 0.1485988 0.9839286 7.45058e-9 0 0 0 1</matrix>
                    <node id="node-ALTEYE" name="ALTEYE">
                      <matrix sid="matrix">0.0234562 0.2813333 0.9593238 0.06454682 0.0489449 0.9581138 -0.282175 0.2214611 -0.9985262 0.05357232 0.008703794 0.04716256 0 0 0 1</matrix>
                    </node>
                  </node>
                  <node id="node-Bip01_L_Clavicle" name="Bip01_L_Clavicle">
                    <matrix>-0.3164032 -0.4320403 0.8445294 -0.02496183 0.2105159 -0.9000475 -0.3815721 -0.01206529 0.9249714 0.05705635 0.3757294 0.06855243 0 0 0 1</matrix>
                    <node id="node-Bip01_L_UpperArm" name="Bip01_L_UpperArm">
                      <matrix sid="matrix">0.5791345 0.2642159 0.7712283 0.1824007 -0.411881 0.9112331 -0.002888702 -5.96046e-8 -0.7035321 -0.3159813 0.636552 0 0 0 0 1</matrix>
                      <node id="node-Bip01_L_Forearm" name="Bip01_L_Forearm">
                        <matrix sid="matrix">-0.05936064 0.9982365 -2.98023e-8 0.2843689 -0.9982367 -0.05936063 2.468e-8 0 5.4948e-8 -2.98023e-8 1 0 0 0 0 1</matrix>
                        <node id="node-Bip01_L_Hand" name="Bip01_L_Hand">
                          <matrix sid="matrix">0.9893874 0.05142128 -0.1358978 0.281068 0.1415287 -0.1293164 0.9814514 -5.96046e-8 0.03289369 -0.9902691 -0.1352216 0 0 0 0 1</matrix>
                          <node id="node-Bip01_L_Finger0" name="Bip01_L_Finger0">
                            <matrix>0.345179 0.6252524 0.6999363 0.02119675 0.5973265 0.4288768 -0.6776913 -0.004734278 -0.7239147 0.6520152 -0.2254407 -0.02572215 0 0 0 1</matrix>
                            <node id="node-Bip01_L_Finger01" name="Bip01_L_Finger01">
                              <matrix>0.9455185 -0.3255681 -1.49012e-8 0.04982847 0.3255681 0.9455186 1.49012e-8 1.19209e-7 2.23517e-8 2.98023e-8 1 -5.96046e-8 0 0 0 1</matrix>
                              <node id="node-Bip01_L_Finger02" name="Bip01_L_Finger02">
                                <matrix>0.9203137 0.3911815 1.49012e-8 0.0520224 -0.3911815 0.9203134 -2.98023e-8 -5.96046e-8 -1.49012e-8 0 1 0 0 0 0 1</matrix>
                              </node>
                            </node>
                          </node>
                          <node id="node-Bip01_L_Finger1" name="Bip01_L_Finger1">
                            <matrix>0.9541453 -0.2819768 -0.1004766 0.1199946 0.2718616 0.9567645 -0.103407 -0.008367538 0.1252908 0.07134952 0.989551 -0.04101408 0 0 0 1</matrix>
                            <node id="node-Bip01_L_Finger11" name="Bip01_L_Finger11">
                              <matrix>0.9363124 -0.3511682 0 0.03644171 0.3511682 0.9363125 0 0 0 1.49012e-8 1 0 0 0 0 1</matrix>
                              <node id="node-Bip01_L_Finger12" name="Bip01_L_Finger12">
                                <matrix>0.7785827 -0.6275422 -2.98023e-8 0.03117546 0.6275421 0.7785829 1.49012e-8 -5.96046e-8 2.98023e-8 1.49012e-8 1 0 0 0 0 1</matrix>
                              </node>
                            </node>
                          </node>
                          <node id="node-Bip01_L_Finger2" name="Bip01_L_Finger2">
                            <matrix>0.7812487 -0.6233675 -0.03260919 0.1229538 0.6235424 0.7769017 0.08728343 -0.008801997 -0.02907552 -0.08852328 0.9956496 -0.01328242 0 0 0 1</matrix>
                            <node id="node-Bip01_L_Finger21" name="Bip01_L_Finger21">
                              <matrix>0.7620705 -0.6474938 1.49012e-8 0.03895523 0.6474939 0.7620707 0 -1.19209e-7 1.49012e-8 -7.45058e-9 1 -1.19209e-7 0 0 0 1</matrix>
                              <node id="node-Bip01_L_Finger22" name="Bip01_L_Finger22">
                                <matrix>0.9762961 -0.2164396 1.49012e-8 0.03800541 0.2164397 0.9762961 -7.45058e-9 2.98023e-8 0 0 1 1.19209e-7 0 0 0 1</matrix>
                              </node>
                            </node>
                          </node>
                          <node id="node-Bip01_L_Finger3" name="Bip01_L_Finger3">
                            <matrix>0.412463 -0.9064789 -0.09038848 0.1211881 0.9061532 0.3980612 0.1429456 -0.001191199 -0.09359702 -0.1408656 0.9855943 0.01196861 0 0 0 1</matrix>
                            <node id="node-Bip01_L_Finger31" name="Bip01_L_Finger31">
                              <matrix>0.9381478 -0.3462351 -7.45058e-9 0.03155845 0.3462351 0.9381478 2.98023e-8 -8.9407e-8 0 -1.49012e-8 1 -1.19209e-7 0 0 0 1</matrix>
                              <node id="node-Bip01_L_Finger32" name="Bip01_L_Finger32">
                                <matrix>0.9636304 -0.2672383 7.45058e-9 0.03366598 0.2672383 0.9636304 1.49012e-8 8.9407e-8 -6.0536e-9 -2.98023e-8 1 0 0 0 0 1</matrix>
                              </node>
                            </node>
                          </node>
                          <node id="node-Bip01_L_Finger4" name="Bip01_L_Finger4">
                            <matrix>0.07120569 -0.9696805 0.2337719 0.1136797 0.9750154 0.1171045 0.1887628 0.005147427 -0.2104154 0.2144901 0.9537919 0.03886569 0 0 0 1</matrix>
                            <node id="node-Bip01_L_Finger41" name="Bip01_L_Finger41">
                              <matrix>0.9790111 -0.2038069 0 0.03661619 0.2038069 0.9790112 1.49012e-8 5.96046e-8 0 -5.96046e-8 1 -5.96046e-8 0 0 0 1</matrix>
                              <node id="node-Bip01_L_Finger42" name="Bip01_L_Finger42">
                                <matrix>0.9645151 0.2640275 2.79397e-9 0.01772633 -0.2640274 0.9645152 0 0 -1.86265e-8 2.98023e-8 1 -1.19209e-7 0 0 0 1</matrix>
                              </node>
                            </node>
                          </node>
                        </node>
                      </node>
                    </node>
                  </node>
                  <node id="node-Bip01_R_Clavicle" name="Bip01_R_Clavicle">
                    <matrix sid="matrix">-0.3137373 -0.431816 -0.845638 -0.02385306 0.06845215 -0.8985736 0.4334506 -0.0162707 -0.9470391 0.07810403 0.3114749 -0.06807299 0 0 0 1</matrix>
                    <node id="node-Bip01_R_UpperArm" name="Bip01_R_UpperArm">
                      <matrix sid="matrix">0.3616539 0.6847514 -0.6327101 0.1824006 -0.7568716 0.6119031 0.2296089 0 0.5443824 0.3958412 0.7395658 0 0 0 0 1</matrix>
                      <node id="node-Bip01_R_Forearm" name="Bip01_R_Forearm">
                        <matrix sid="matrix">0.2280499 0.9736496 2.98023e-8 0.2843689 -0.9736495 0.2280499 0 0 -6.70552e-8 -2.98023e-8 1 0 0 0 0 1</matrix>
                        <node id="node-Bip01_R_Hand" name="Bip01_R_Hand">
                          <matrix>0.9490179 0.3137354 0.03057736 0.281068 0.1192842 -0.2676384 -0.9561073 -5.96046e-8 -0.291781 0.9110102 -0.2914175 5.96046e-8 0 0 0 1</matrix>
                          <node id="node-Bip01_R_Finger0" name="Bip01_R_Finger0">
                            <matrix>0.466874 0.3554854 -0.8097274 0.02119672 0.6514513 0.4809566 0.5867637 -0.004734278 0.5980297 -0.8014429 -0.007035471 0.02572179 0 0 0 1</matrix>
                            <node id="node-Bip01_R_Finger01" name="Bip01_R_Finger01">
                              <matrix>0.8647896 -0.4978738 0.06527561 0.04982853 0.4938731 0.8668281 0.06854744 1.19209e-7 -0.09071082 -0.02704117 0.99551 0 0 0 0 1</matrix>
                              <node id="node-Bip01_R_Finger02" name="Bip01_R_Finger02">
                                <matrix>0.8489718 0.5284382 2.04891e-8 0.05202237 -0.5284381 0.8489717 -7.45058e-9 0 0 1.49012e-8 0.9999999 0 0 0 0 1</matrix>
                              </node>
                            </node>
                          </node>
                          <node id="node-Bip01_R_Finger1" name="Bip01_R_Finger1">
                            <matrix>0.9820224 -0.1733427 -0.07472669 0.1199946 0.1795577 0.9799358 0.08651491 -0.008367598 0.05823062 -0.0983773 0.9934439 0.04101396 0 0 0 1</matrix>
                            <node id="node-Bip01_R_Finger11" name="Bip01_R_Finger11">
                              <matrix>0.9425994 -0.3339258 0 0.03644174 0.3339258 0.9425994 -1.49012e-8 5.96046e-8 7.45058e-9 -5.96046e-8 1 1.19209e-7 0 0 0 1</matrix>
                              <node id="node-Bip01_R_Finger12" name="Bip01_R_Finger12">
                                <matrix>0.9832969 -0.1810849 0.01831832 0.03117549 0.181519 0.9830508 -0.02573049 -5.96046e-8 -0.01334843 0.02862585 0.9995011 0 0 0 0 1</matrix>
                              </node>
                            </node>
                          </node>
                          <node id="node-Bip01_R_Finger2" name="Bip01_R_Finger2">
                            <matrix>0.9536398 -0.3009501 -1.52111e-4 0.1229538 0.3006933 0.9528466 -0.04082684 -0.008801997 0.01243179 0.03888837 0.9991661 0.01328242 0 0 0 1</matrix>
                            <node id="node-Bip01_R_Finger21" name="Bip01_R_Finger21">
                              <matrix>0.9579761 -0.2847232 -0.03484871 0.03895521 0.2827407 0.9577503 -0.05265062 2.98023e-8 0.04836721 0.04058488 0.9980049 0 0 0 0 1</matrix>
                              <node id="node-Bip01_R_Finger22" name="Bip01_R_Finger22">
                                <matrix>0.9719918 -0.2342561 0.01886609 0.03800535 0.2315868 0.9683847 0.09272987 0 -0.0399922 -0.08576351 0.9955125 1.19209e-7 0 0 0 1</matrix>
                              </node>
                            </node>
                          </node>
                          <node id="node-Bip01_R_Finger3" name="Bip01_R_Finger3">
                            <matrix>0.942517 -0.3272581 0.06755453 0.1211882 0.3338162 0.9129714 -0.234627 -0.001191288 0.01510824 0.2436907 0.9697351 -0.01196861 0 0 0 1</matrix>
                            <node id="node-Bip01_R_Finger31" name="Bip01_R_Finger31">
                              <matrix>0.6606858 -0.7494742 0.04222352 0.03155851 0.7450768 0.6615804 0.08468728 -1.49012e-8 -0.09140515 -0.0244919 0.9955126 1.19209e-7 0 0 0 1</matrix>
                              <node id="node-Bip01_R_Finger32" name="Bip01_R_Finger32">
                                <matrix>0.8335402 -0.5515912 -0.03095104 0.03366598 0.5520073 0.8338156 0.006297074 0 0.02233405 -0.02233405 0.9995011 -1.19209e-7 0 0 0 1</matrix>
                              </node>
                            </node>
                          </node>
                          <node id="node-Bip01_R_Finger4" name="Bip01_R_Finger4">
                            <matrix>0.7372702 -0.6748959 -0.03078973 0.1136797 0.67451 0.7379035 -0.02312396 0.005147398 0.03832611 -0.00371933 0.9992582 -0.0388658 0 0 0 1</matrix>
                            <node id="node-Bip01_R_Finger41" name="Bip01_R_Finger41">
                              <matrix>0.4202556 -0.9064697 0.04120619 0.03661624 0.9068531 0.421151 0.01578783 0 -0.03166524 0.03073305 0.9990259 0 0 0 0 1</matrix>
                              <node id="node-Bip01_R_Finger42" name="Bip01_R_Finger42">
                                <matrix>0.402447 -0.9138246 -0.05441484 0.0177263 0.915423 0.4021218 0.01728318 -5.96046e-8 0.006087594 -0.05676818 0.9983688 1.19209e-7 0 0 0 1</matrix>
                              </node>
                            </node>
                          </node>
                          <node id="node-MOUNT0" name="MOUNT0">
                            <matrix>-6.13974e-7 1 0 0.1095391 -1 -6.61938e-7 4.65661e-7 0.02518259 4.76837e-7 0 1 0.01321661 0 0 0 1</matrix>
                          </node>
                        </node>
                      </node>
                    </node>
                  </node>
                </node>
                <node id="node-Bip01_L_Pauldron_Upper" name="Bip01_L_Pauldron_Upper">
                  <matrix>0.9726135 0.1182849 0.2000786 0.176903 0.1284546 -0.9909644 -0.03858749 -0.03908372 0.1937064 0.06323179 -0.9790197 0.2290199 0 0 0 1</matrix>
                </node>
                <node id="node-Bip01_R_Pauldron_Lower" name="Bip01_R_Pauldron_Lower">
                  <matrix>-0.3436331 -0.7757341 -0.5292951 0.1906283 0.7213452 -0.5789208 0.3801478 -0.1308313 -0.6013133 -0.2511731 0.7585081 -0.2272985 0 0 0 1</matrix>
                </node>
                <node id="node-Bip01_L_Pauldron_Lower" name="Bip01_L_Pauldron_Lower">
                  <matrix>-0.6963174 -0.3999606 0.5959645 0.1906878 0.2072264 -0.9070119 -0.3665883 -0.05679908 0.6871677 -0.1317622 0.7144505 0.2611732 0 0 0 1</matrix>
                </node>
              </node>
            </node>
            <node id="node-Bip01_L_Thigh" name="Bip01_L_Thigh">
              <matrix sid="matrix">-0.6100855 0.7915198 -0.03594609 -0.172358 0.7472751 0.5898785 0.305979 0.06460375 0.2633923 0.1598118 -0.9513594 0.1253033 0 0 0 1</matrix>
              <node id="node-Bip01_L_Calf" name="Bip01_L_Calf">
                <matrix sid="matrix">0.387382 0.9219193 1.86265e-9 0.4629987 -0.9219192 0.3873819 3.72529e-9 0 -7.45058e-9 -4.19095e-8 1 -1.49012e-8 0 0 0 1</matrix>
                <node id="node-Bip01_L_Foot" name="Bip01_L_Foot">
                  <matrix sid="matrix">0.9270844 -0.3664185 -0.07907083 0.3610502 0.374074 0.9179319 0.1321728 0 0.02415105 -0.1521137 0.988068 2.23517e-8 0 0 0 1</matrix>
                  <node id="node-Bip01_L_Toe0" name="Bip01_L_Toe0">
                    <matrix>4.76837e-7 -1 1.39046e-6 0.1486307 1 4.7707e-7 2.30575e-8 0.1543275 -2.30466e-8 1.38953e-6 1 0 0 0 0 1</matrix>
                  </node>
                </node>
              </node>
            </node>
            <node id="node-Bip01_R_Thigh" name="Bip01_R_Thigh">
              <matrix sid="matrix">-0.9349887 0.1971559 0.2948318 -0.2276959 0.1444328 0.9708681 -0.1911913 -0.06759393 -0.3239373 -0.1361784 -0.9362265 -0.08558209 0 0 0 1</matrix>
              <node id="node-Bip01_R_Calf" name="Bip01_R_Calf">
                <matrix sid="matrix">0.4407868 0.8976118 0 0.4629987 -0.8976117 0.4407868 -1.49012e-8 1.11759e-8 4.47035e-8 -2.98023e-8 1 -2.98023e-8 0 0 0 1</matrix>
                <node id="node-Bip01_R_Foot" name="Bip01_R_Foot">
                  <matrix sid="matrix">0.6420159 -0.7396445 0.2018451 0.3610501 0.7144904 0.6726789 0.1923703 1.49012e-8 -0.2780625 0.02071163 0.9603396 -2.98023e-8 0 0 0 1</matrix>
                  <node id="node-Bip01_R_Toe0" name="Bip01_R_Toe0">
                    <matrix sid="matrix">-0.1805802 -0.9786913 0.09774529 0.1486307 0.9833316 -0.1817873 -0.003513819 0.1543275 0.02120782 0.09548151 0.9952052 2.98023e-8 0 0 0 1</matrix>
                  </node>
                </node>
              </node>
            </node>
          </node>
          <node id="node-Bip01_FannyPack" name="Bip01_FannyPack">
            <matrix>-0.9629918 -0.2062317 0.1735378 0.2299506 -0.2083319 0.9780385 0.006227079 -0.1378937 -0.1710108 -0.03015682 -0.9848076 0.01013962 0 0 0 1</matrix>
          </node>
        </node>
        <node id="node-EYE" name="EYE">
          <matrix sid="matrix">0.7792379 0.6267178 -0.003664112 0.05888727 -0.6267173 0.7792453 0.001428192 0.0682091 0.003750314 0.001183283 0.9999921 0.7692666 0 0 0 1</matrix>
          <node id="node-CAM" name="CAM">
            <matrix>1 -6.03104e-8 3.55271e-15 4.84288e-8 6.03104e-8 1 -2.32831e-9 -0.104 0 2.32833e-9 1 0.30056 0 0 0 1</matrix>
          </node>
        </node>
      </node>
      <node id="node-Bounds" name="Bounds">
        <matrix>0.9999915 0.001706907 0.003750479 0 -0.001711356 0.9999978 0.001183292 0.1035326 -0.003748452 -0.0011897 0.9999923 -8.93474e-5 0 0 0 1</matrix>
        <instance_geometry url="#geom-Bounds">
          <bind_material>
            <technique_common>
              <instance_material symbol="ShapeBounds" target="#ShapeBounds-material"/>
            </technique_common>
          </bind_material>
        </instance_geometry>
      </node>
    </visual_scene>
  </library_visual_scenes>
  <library_animations>
    <animation>
      <source id="node-Bip01_matrix-input">
        <float_array id="node-Bip01_matrix-input-array" count="61">1.666667 1.7 1.733333 1.766667 1.8 1.833333 1.866667 1.9 1.933333 1.966667 2 2.033333 2.066667 2.1 2.133333 2.166667 2.2 2.233333 2.266667 2.3 2.333333 2.366667 2.4 2.433333 2.466667 2.5 2.533333 2.566667 2.6 2.633333 2.666667 2.7 2.733333 2.766667 2.8 2.833333 2.866667 2.9 2.933333 2.966667 3 3.033333 3.066667 3.1 3.133333 3.166667 3.2 3.233333 3.266667 3.3 3.333333 3.366667 3.4 3.433333 3.466667 3.5 3.533333 3.566667 3.6 3.633333 3.666667</float_array>
        <technique_common>
          <accessor source="#node-Bip01_matrix-input-array" count="61" stride="1">
            <param name="TIME" type="float"/>
          </accessor>
        </technique_common>
      </source>
      <source id="node-Bip01_matrix-output">
        <float_array id="node-Bip01_matrix-output-array" count="976">0.7792376 -0.6267173 0.003750264 -0.002273201 0.6267178 0.7792454 0.00118345 0.01291388 -0.003664016 0.001428127 0.9999923 0.801132 0 0 0 1 0.7792376 -0.6267173 0.003750264 -0.002266049 0.6267178 0.7792454 0.00118345 0.012919 -0.003664016 0.001428127 0.9999923 0.8010823 0 0 0 1 0.7792376 -0.6267173 0.003750264 -0.002245247 0.6267178 0.7792454 0.00118345 0.0129339 -0.003664016 0.001428127 0.9999923 0.8010271 0 0 0 1 0.7792376 -0.6267173 0.003750264 -0.002211809 0.6267178 0.7792454 0.00118345 0.01295781 -0.003664016 0.001428127 0.9999923 0.8009668 0 0 0 1 0.7792376 -0.6267173 0.003750264 -0.002166688 0.6267178 0.7792454 0.00118345 0.01299017 -0.003664016 0.001428127 0.9999923 0.8009023 0 0 0 1 0.7792376 -0.6267173 0.003750264 -0.002110838 0.6267178 0.7792454 0.00118345 0.01303017 -0.003664016 0.001428127 0.9999923 0.8008338 0 0 0 1 0.7792376 -0.6267173 0.003750264 -0.002045214 0.6267178 0.7792454 0.00118345 0.01307713 -0.003664016 0.001428127 0.9999923 0.8007618 0 0 0 1 0.7792376 -0.6267173 0.003750264 -0.001970827 0.6267178 0.7792454 0.00118345 0.01313036 -0.003664016 0.001428127 0.9999923 0.8006868 0 0 0 1 0.7792376 -0.6267173 0.003750264 -0.001888692 0.6267178 0.7792454 0.00118345 0.01318925 -0.003664016 0.001428127 0.9999923 0.8006095 0 0 0 1 0.7792376 -0.6267173 0.003750264 -0.001799702 0.6267178 0.7792454 0.00118345 0.01325297 -0.003664016 0.001428127 0.9999923 0.8005302 0 0 0 1 0.7792376 -0.6267173 0.003750264 -0.001704871 0.6267178 0.7792454 0.00118345 0.01332086 -0.003664016 0.001428127 0.9999923 0.8004495 0 0 0 1 0.7792376 -0.6267173 0.003750264 -0.001605153 0.6267178 0.7792454 0.00118345 0.01339226 -0.003664016 0.001428127 0.9999923 0.8003678 0 0 0 1 0.7792376 -0.6267173 0.003750264 -0.00150156 0.6267178 0.7792454 0.00118345 0.01346641 -0.003664016 0.001428127 0.9999923 0.8002857 0 0 0 1 0.7792376 -0.6267173 0.003750264 -0.001395046 0.6267178 0.7792454 0.00118345 0.01354271 -0.003664016 0.001428127 0.9999923 0.8002037 0 0 0 1 0.7792376 -0.6267173 0.003750264 -0.001286566 0.6267178 0.7792454 0.00118345 0.01362037 -0.003664016 0.001428127 0.9999923 0.8001222 0 0 0 1 0.7792376 -0.6267173 0.003750264 -0.001177132 0.6267178 0.7792454 0.00118345 0.01369875 -0.003664016 0.001428127 0.9999923 0.8000418 0 0 0 1 0.7792376 -0.6267173 0.003750264 -0.001067698 0.6267178 0.7792454 0.00118345 0.01377713 -0.003664016 0.001428127 0.9999923 0.799963 0 0 0 1 0.7792376 -0.6267173 0.003750264 -9.59229e-4 0.6267178 0.7792454 0.00118345 0.0138548 -0.003664016 0.001428127 0.9999923 0.7998861 0 0 0 1 0.7792376 -0.6267173 0.003750264 -8.52706e-4 0.6267178 0.7792454 0.00118345 0.01393109 -0.003664016 0.001428127 0.9999923 0.7998118 0 0 0 1 0.7792376 -0.6267173 0.003750264 -7.49106e-4 0.6267178 0.7792454 0.00118345 0.01400524 -0.003664016 0.001428127 0.9999923 0.7997407 0 0 0 1 0.7792376 -0.6267173 0.003750264 -6.49403e-4 0.6267178 0.7792454 0.00118345 0.01407665 -0.003664016 0.001428127 0.9999923 0.7996731 0 0 0 1 0.7792376 -0.6267173 0.003750264 -5.54571e-4 0.6267178 0.7792454 0.00118345 0.01414453 -0.003664016 0.001428127 0.9999923 0.7996096 0 0 0 1 0.7792376 -0.6267173 0.003750264 -4.65584e-4 0.6267178 0.7792454 0.00118345 0.01420825 -0.003664016 0.001428127 0.9999923 0.7995507 0 0 0 1 0.7792376 -0.6267173 0.003750264 -3.8342e-4 0.6267178 0.7792454 0.00118345 0.01426714 -0.003664016 0.001428127 0.9999923 0.7994967 0 0 0 1 0.7792376 -0.6267173 0.003750264 -3.09048e-4 0.6267178 0.7792454 0.00118345 0.01432037 -0.003664016 0.001428127 0.9999923 0.7994484 0 0 0 1 0.7792376 -0.6267173 0.003750264 -2.43445e-4 0.6267178 0.7792454 0.00118345 0.01436734 -0.003664016 0.001428127 0.9999923 0.7994061 0 0 0 1 0.7792376 -0.6267173 0.003750264 -1.87585e-4 0.6267178 0.7792454 0.00118345 0.01440733 -0.003664016 0.001428127 0.9999923 0.7993704 0 0 0 1 0.7792376 -0.6267173 0.003750264 -1.42443e-4 0.6267178 0.7792454 0.00118345 0.0144397 -0.003664016 0.001428127 0.9999923 0.7993417 0 0 0 1 0.7792376 -0.6267173 0.003750264 -1.08992e-4 0.6267178 0.7792454 0.00118345 0.0144636 -0.003664016 0.001428127 0.9999923 0.7993206 0 0 0 1 0.7792376 -0.6267173 0.003750264 -8.82072e-5 0.6267178 0.7792454 0.00118345 0.0144785 -0.003664016 0.001428127 0.9999923 0.7993077 0 0 0 1 0.7792376 -0.6267173 0.003750264 -8.10623e-5 0.6267178 0.7792454 0.00118345 0.01448363 -0.003664016 0.001428127 0.9999923 0.7993032 0 0 0 1 0.7792376 -0.6267173 0.003750264 -8.82072e-5 0.6267178 0.7792454 0.00118345 0.0144785 -0.003664016 0.001428127 0.9999923 0.7993047 0 0 0 1 0.7792376 -0.6267173 0.003750264 -1.08992e-4 0.6267178 0.7792454 0.00118345 0.0144636 -0.003664016 0.001428127 0.9999923 0.7993093 0 0 0 1 0.7792376 -0.6267173 0.003750264 -1.42443e-4 0.6267178 0.7792454 0.00118345 0.0144397 -0.003664016 0.001428127 0.9999923 0.7993171 0 0 0 1 0.7792376 -0.6267173 0.003750264 -1.87585e-4 0.6267178 0.7792454 0.00118345 0.01440733 -0.003664016 0.001428127 0.9999923 0.7993282 0 0 0 1 0.7792376 -0.6267173 0.003750264 -2.43445e-4 0.6267178 0.7792454 0.00118345 0.01436734 -0.003664016 0.001428127 0.9999923 0.7993427 0 0 0 1 0.7792376 -0.6267173 0.003750264 -3.09048e-4 0.6267178 0.7792454 0.00118345 0.01432037 -0.003664016 0.001428127 0.9999923 0.7993608 0 0 0 1 0.7792376 -0.6267173 0.003750264 -3.83419e-4 0.6267178 0.7792454 0.00118345 0.01426714 -0.003664016 0.001428127 0.9999923 0.7993824 0 0 0 1 0.7792376 -0.6267173 0.003750264 -4.65586e-4 0.6267178 0.7792454 0.00118345 0.01420825 -0.003664016 0.001428127 0.9999923 0.7994078 0 0 0 1 0.7792376 -0.6267173 0.003750264 -5.54571e-4 0.6267178 0.7792454 0.00118345 0.01414453 -0.003664016 0.001428127 0.9999923 0.7994371 0 0 0 1 0.7792376 -0.6267173 0.003750264 -6.49403e-4 0.6267178 0.7792454 0.00118345 0.01407665 -0.003664016 0.001428127 0.9999923 0.7994704 0 0 0 1 0.7792376 -0.6267173 0.003750264 -7.49106e-4 0.6267178 0.7792454 0.00118345 0.01400524 -0.003664016 0.001428127 0.9999923 0.7995076 0 0 0 1 0.7792376 -0.6267173 0.003750264 -8.52706e-4 0.6267178 0.7792454 0.00118345 0.01393109 -0.003664016 0.001428127 0.9999923 0.7995491 0 0 0 1 0.7792376 -0.6267173 0.003750264 -9.59229e-4 0.6267178 0.7792454 0.00118345 0.0138548 -0.003664016 0.001428127 0.9999923 0.7995948 0 0 0 1 0.7792376 -0.6267173 0.003750264 -0.001067698 0.6267178 0.7792454 0.00118345 0.01377713 -0.003664016 0.001428127 0.9999923 0.799645 0 0 0 1 0.7792376 -0.6267173 0.003750264 -0.001177132 0.6267178 0.7792454 0.00118345 0.01369875 -0.003664016 0.001428127 0.9999923 0.7996996 0 0 0 1 0.7792376 -0.6267173 0.003750264 -0.001286566 0.6267178 0.7792454 0.00118345 0.01362037 -0.003664016 0.001428127 0.9999923 0.7997587 0 0 0 1 0.7792376 -0.6267173 0.003750264 -0.001395046 0.6267178 0.7792454 0.00118345 0.01354271 -0.003664016 0.001428127 0.9999923 0.7998227 0 0 0 1 0.7792376 -0.6267173 0.003750264 -0.00150156 0.6267178 0.7792454 0.00118345 0.01346641 -0.003664016 0.001428127 0.9999923 0.7998914 0 0 0 1 0.7792376 -0.6267173 0.003750264 -0.001605153 0.6267178 0.7792454 0.00118345 0.01339226 -0.003664016 0.001428127 0.9999923 0.7999652 0 0 0 1 0.7792376 -0.6267173 0.003750264 -0.001704871 0.6267178 0.7792454 0.00118345 0.01332086 -0.003664016 0.001428127 0.9999923 0.8000438 0 0 0 1 0.7792376 -0.6267173 0.003750264 -0.001799702 0.6267178 0.7792454 0.00118345 0.01325297 -0.003664016 0.001428127 0.9999923 0.8001277 0 0 0 1 0.7792376 -0.6267173 0.003750264 -0.001888692 0.6267178 0.7792454 0.00118345 0.01318925 -0.003664016 0.001428127 0.9999923 0.8002169 0 0 0 1 0.7792376 -0.6267173 0.003750264 -0.001970827 0.6267178 0.7792454 0.00118345 0.01313036 -0.003664016 0.001428127 0.9999923 0.8003113 0 0 0 1 0.7792376 -0.6267173 0.003750264 -0.002045214 0.6267178 0.7792454 0.00118345 0.01307713 -0.003664016 0.001428127 0.9999923 0.8004114 0 0 0 1 0.7792376 -0.6267173 0.003750264 -0.002110838 0.6267178 0.7792454 0.00118345 0.01303017 -0.003664016 0.001428127 0.9999923 0.8005169 0 0 0 1 0.7792376 -0.6267173 0.003750264 -0.002166688 0.6267178 0.7792454 0.00118345 0.01299017 -0.003664016 0.001428127 0.9999923 0.8006281 0 0 0 1 0.7792376 -0.6267173 0.003750264 -0.002211809 0.6267178 0.7792454 0.00118345 0.01295781 -0.003664016 0.001428127 0.9999923 0.8007451 0 0 0 1 0.7792376 -0.6267173 0.003750264 -0.002245247 0.6267178 0.7792454 0.00118345 0.0129339 -0.003664016 0.001428127 0.9999923 0.800868 0 0 0 1 0.7792376 -0.6267173 0.003750264 -0.002266049 0.6267178 0.7792454 0.00118345 0.012919 -0.003664016 0.001428127 0.9999923 0.800997 0 0 0 1 0.7792376 -0.6267173 0.003750264 -0.002273201 0.6267178 0.7792454 0.00118345 0.01291388 -0.003664016 0.001428127 0.9999923 0.801132 0 0 0 1</float_array>
        <technique_common>
          <accessor source="#node-Bip01_matrix-output-array" count="61" stride="16">
            <param name="TRANSFORM" type="float4x4"/>
          </accessor>
        </technique_common>
      </source>
      <source id="node-Bip01_matrix-interpolation">
        <Name_array id="node-Bip01_matrix-interpolation-array" count="61">LINEAR LINEAR LINEAR LINEAR LINEAR LINEAR LINEAR LINEAR LINEAR LINEAR LINEAR LINEAR LINEAR LINEAR LINEAR LINEAR LINEAR LINEAR LINEAR LINEAR LINEAR LINEAR LINEAR LINEAR LINEAR LINEAR LINEAR LINEAR LINEAR LINEAR LINEAR LINEAR LINEAR LINEAR LINEAR LINEAR LINEAR LINEAR LINEAR LINEAR LINEAR LINEAR LINEAR LINEAR LINEAR LINEAR LINEAR LINEAR LINEAR LINEAR LINEAR LINEAR LINEAR LINEAR LINEAR LINEAR LINEAR LINEAR LINEAR LINEAR LINEAR</Name_array>
        <technique_common>
          <accessor source="#node-Bip01_matrix-interpolation-array" count="61" stride="1">
            <param name="INTERPOLATION" type="name"/>
          </accessor>
        </technique_common>
      </source>
      <source id="node-Bip01_Head_matrix-input">
        <float_array id="node-Bip01_Head_matrix-input-array" count="61">1.666667 1.7 1.733333 1.766667 1.8 1.833333 1.866667 1.9 1.933333 1.966667 2 2.033333 2.066667 2.1 2.133333 2.166667 2.2 2.233333 2.266667 2.3 2.333333 2.366667 2.4 2.433333 2.466667 2.5 2.533333 2.566667 2.6 2.633333 2.666667 2.7 2.733333 2.766667 2.8 2.833333 2.866667 2.9 2.933333 2.966667 3 3.033333 3.066667 3.1 3.133333 3.166667 3.2 3.233333 3.266667 3.3 3.333333 3.366667 3.4 3.433333 3.466667 3.5 3.533333 3.566667 3.6 3.633333 3.666667</float_array>
        <technique_common>
          <accessor source="#node-Bip01_Head_matrix-input-array" count="61" stride="1">
            <param name="TIME" type="float"/>
          </accessor>
        </technique_common>
      </source>
      <source id="node-Bip01_Head_matrix-output">
