<?xml version="1.0" encoding="utf-8"?>
<COLLADA xmlns="http://www.collada.org/2005/11/COLLADASchema" version="1.4.1">
  <asset>
    <contributor>
      <author>MattO</author>
      <authoring_tool>OpenCOLLADA for 3ds Max;  Version: 1.3.0;  Revision: 839M;  Platform: x64;  Configuration: Release_Max2012</authoring_tool>
      <source_data>file:///C:/Dropbox/Prj/GGStout/Turret/TP_ProxMine_PlayerAnims.max</source_data>
    </contributor>
    <created>2011-09-30T17:59:48</created>
    <modified>2011-09-30T17:59:48</modified>
    <unit name="meter" meter="1"/>
    <up_axis>Z_UP</up_axis>
  </asset>
  <library_effects>
    <effect id="ShapeBounds">
      <profile_COMMON>
        <technique sid="common">
          <blinn>
            <emission>
              <color>0 0 0 1</color>
            </emission>
            <ambient>
              <color>0.1647059 1 0 1</color>
            </ambient>
            <diffuse>
              <color>0.1647059 1 0 1</color>
            </diffuse>
            <specular>
              <color>0.9 0.9 0.9 1</color>
            </specular>
            <shininess>
              <float>10</float>
            </shininess>
            <reflective>
              <color>0 0 0 1</color>
            </reflective>
            <transparent opaque="A_ONE">
              <color>1 1 1 1</color>
            </transparent>
            <transparency>
              <float>1</float>
            </transparency>
          </blinn>
        </technique>
      </profile_COMMON>
      <extra>
        <technique profile="OpenCOLLADA3dsMax">
          <extended_shader>
            <apply_reflection_dimming>0</apply_reflection_dimming>
            <dim_level>0</dim_level>
            <falloff_type>0</falloff_type>
            <index_of_refraction>1.5</index_of_refraction>
            <opacity_type>0</opacity_type>
            <reflection_level>3</reflection_level>
            <wire_size>1</wire_size>
            <wire_units>0</wire_units>
          </extended_shader>
          <shader>
            <ambient_diffuse_lock>1</ambient_diffuse_lock>
            <ambient_diffuse_texture_lock>1</ambient_diffuse_texture_lock>
            <diffuse_specular_lock>0</diffuse_specular_lock>
            <soften>0.1</soften>
            <use_self_illum_color>0</use_self_illum_color>
          </shader>
        </technique>
      </extra>
    </effect>
  </library_effects>
  <library_materials>
    <material id="ShapeBounds-material" name="ShapeBounds">
      <instance_effect url="#ShapeBounds"/>
    </material>
  </library_materials>
  <library_geometries>
    <geometry id="geom-Bounds" name="Bounds">
      <mesh>
        <source id="geom-Bounds-positions">
          <float_array id="geom-Bounds-positions-array" count="24">-0.425 -0.425 0 0.425 -0.425 0 -0.425 0.425 0 0.425 0.425 0 -0.425 -0.425 1.84 0.425 -0.425 1.84 -0.425 0.425 1.84 0.425 0.425 1.84</float_array>
          <technique_common>
            <accessor source="#geom-Bounds-positions-array" count="8" stride="3">
              <param name="X" type="float"/>
              <param name="Y" type="float"/>
              <param name="Z" type="float"/>
            </accessor>
          </technique_common>
        </source>
        <source id="geom-Bounds-normals">
          <float_array id="geom-Bounds-normals-array" count="72">0 0 -1 0 0 -1 0 0 -1 0 0 -1 0 0 1 0 0 1 0 0 1 0 0 1 0 -1 0 0 -1 0 0 -1 0 0 -1 0 1 0 0 1 0 0 1 0 0 1 0 0 0 1 0 0 1 0 0 1 0 0 1 0 -1 0 0 -1 0 0 -1 0 0 -1 0 0</float_array>
          <technique_common>
            <accessor source="#geom-Bounds-normals-array" count="24" stride="3">
              <param name="X" type="float"/>
              <param name="Y" type="float"/>
              <param name="Z" type="float"/>
            </accessor>
          </technique_common>
        </source>
        <source id="geom-Bounds-map1">
          <float_array id="geom-Bounds-map1-array" count="36">0 0 0 1 0 0 0 1 0 1 1 0 0 0 0 1 0 0 0 1 0 1 1 0 0 0 0 1 0 0 0 1 0 1 1 0</float_array>
          <technique_common>
            <accessor source="#geom-Bounds-map1-array" count="12" stride="3">
              <param name="S" type="float"/>
              <param name="T" type="float"/>
              <param name="P" type="float"/>
            </accessor>
          </technique_common>
        </source>
        <vertices id="geom-Bounds-vertices">
          <input semantic="POSITION" source="#geom-Bounds-positions"/>
        </vertices>
        <triangles material="ShapeBounds" count="12">
          <input semantic="VERTEX" source="#geom-Bounds-vertices" offset="0"/>
          <input semantic="NORMAL" source="#geom-Bounds-normals" offset="1"/>
          <input semantic="TEXCOORD" source="#geom-Bounds-map1" offset="2" set="0"/>
          <p>0 0 9 2 1 11 3 2 10 3 2 10 1 3 8 0 0 9 4 4 8 5 5 9 7 6 11 7 6 11 6 7 10 4 4 8 0 8 4 1 9 5 5 10 7 5 10 7 4 11 6 0 8 4 1 12 0 3 13 1 7 14 3 7 14 3 5 15 2 1 12 0 3 16 4 2 17 5 6 18 7 6 18 7 7 19 6 3 16 4 2 20 0 0 21 1 4 22 3 4 22 3 6 23 2 2 20 0</p>
        </triangles>
      </mesh>
      <extra>
        <technique profile="OpenCOLLADA3dsMax">
          <max_box>
            <generateuvs>1</generateuvs>
            <height>1.84</height>
            <heightsegments>1</heightsegments>
            <length>0.85</length>
            <lengthsegments>1</lengthsegments>
            <width>0.85</width>
            <widthsegments>1</widthsegments>
          </max_box>
        </technique>
      </extra>
    </geometry>
  </library_geometries>
  <library_lights>
    <light id="EnvironmentAmbientLight" name="EnvironmentAmbientLight">
      <technique_common>
        <ambient>
          <color>0 0 0</color>
        </ambient>
      </technique_common>
    </light>
  </library_lights>
  <library_visual_scenes>
    <visual_scene id="MaxScene">
      <node name="EnvironmentAmbientLight">
        <instance_light url="#EnvironmentAmbientLight"/>
      </node>
      <node id="node-Bip01" name="Bip01">
        <matrix sid="matrix">0.7792375 -0.6267175 0.003750234 -8.10623e-5 0.626718 0.7792453 0.001183394 0.009366653 -0.003664005 0.001428194 0.9999923 0.5661784 0 0 0 1</matrix>
        <node id="node-Bip01_Pelvis" name="Bip01_Pelvis">
          <matrix sid="matrix">-0.009626728 0.991236 0.1317526 0 -0.1217413 -0.1319404 0.9837535 0 0.9925151 -0.0065694 0.1219445 0 0 0 0 1</matrix>
          <node id="node-Bip01_Spine" name="Bip01_Spine">
            <matrix sid="matrix">0.9740029 -0.1713647 -0.1481634 0.1975134 0.06491479 0.837745 -0.5421895 0.02500539 0.2170353 0.5184763 0.8270901 0.02776152 0 0 0 1</matrix>
            <node id="node-Bip01_Spine1" name="Bip01_Spine1">
              <matrix>0.9940996 -0.1082492 -0.006932089 0.1022407 0.1067967 0.9879402 -0.1121099 -9.98043e-5 0.01898431 0.1107081 0.9936718 -1.11796e-5 0 0 0 1</matrix>
              <node id="node-Bip01_Spine2" name="Bip01_Spine2">
                <matrix>0.983237 -0.177375 0.04222758 0.1268964 0.1810741 0.9770653 -0.1120531 -1.67355e-4 -0.02138369 0.1178211 0.9928047 -2.01762e-5 0 0 0 1</matrix>
                <node id="node-Bip01_Neck" name="Bip01_Neck">
                  <matrix>0.9021776 -0.4308737 0.02058497 0.2151071 0.4312887 0.9018876 -0.02426415 -4.97103e-5 -0.008110587 0.03076864 0.9994937 -1.69314e-6 0 0 0 1</matrix>
                  <node id="node-Bip01_Head" name="Bip01_Head">
                    <matrix>0.8383279 0.5202501 -0.162929 0.07051814 -0.5361001 0.8409863 -0.07306488 -0.01395917 0.0990091 0.1485986 0.9839286 -3.72529e-9 0 0 0 1</matrix>
                    <node id="node-ALTEYE" name="ALTEYE">
                      <matrix>0.02345617 0.2813332 0.9593239 0.06454694 0.04894472 0.9581139 -0.2821751 0.2214611 -0.9985261 0.05357213 0.008703768 0.04716256 0 0 0 1</matrix>
                    </node>
                  </node>
                  <node id="node-Bip01_L_Clavicle" name="Bip01_L_Clavicle">
                    <matrix>-0.3164032 -0.4320402 0.8445294 -0.02496189 0.2105159 -0.9000474 -0.381572 -0.01206523 0.9249713 0.05705629 0.3757294 0.06855242 0 0 0 1</matrix>
                    <node id="node-Bip01_L_UpperArm" name="Bip01_L_UpperArm">
                      <matrix sid="matrix">0.5542529 0.2835706 0.7825543 0.1824007 -0.4049602 0.9132693 -0.04411975 -2.98023e-8 -0.7271943 -0.2924498 0.6210169 0 0 0 0 1</matrix>
                      <node id="node-Bip01_L_Forearm" name="Bip01_L_Forearm">
                        <matrix sid="matrix">-0.04182581 0.9991249 0 0.2843689 -0.9991251 -0.04182581 -4.00469e-8 1.49012e-8 -1.86265e-8 2.98023e-8 1 0 0 0 0 1</matrix>
                        <node id="node-Bip01_L_Hand" name="Bip01_L_Hand">
                          <matrix sid="matrix">0.9909114 0.0740153 -0.1123222 0.281068 0.1193035 -0.09784439 0.9880248 5.96046e-8 0.06213888 -0.9924455 -0.1057854 0 0 0 0 1</matrix>
                          <node id="node-Bip01_L_Finger0" name="Bip01_L_Finger0">
                            <matrix>0.345179 0.6252525 0.6999363 0.02119675 0.5973266 0.4288768 -0.6776913 -0.004734248 -0.7239146 0.6520153 -0.2254407 -0.02572191 0 0 0 1</matrix>
                            <node id="node-Bip01_L_Finger01" name="Bip01_L_Finger01">
                              <matrix>0.9455185 -0.325568 -1.49012e-8 0.04982859 0.325568 0.9455186 -2.98023e-8 -5.96046e-8 1.49012e-8 2.98023e-8 1 -5.96046e-8 0 0 0 1</matrix>
                              <node id="node-Bip01_L_Finger02" name="Bip01_L_Finger02">
                                <matrix>0.9203137 0.3911816 -3.72529e-8 0.05202234 -0.3911815 0.9203136 2.98023e-8 5.96046e-8 -1.49012e-8 1.49012e-8 1 5.96046e-8 0 0 0 1</matrix>
                              </node>
                            </node>
                          </node>
                          <node id="node-Bip01_L_Finger1" name="Bip01_L_Finger1">
                            <matrix>0.9541454 -0.281977 -0.1004766 0.1199946 0.2718616 0.9567644 -0.103407 -0.008367509 0.1252908 0.07134952 0.9895511 -0.04101384 0 0 0 1</matrix>
                            <node id="node-Bip01_L_Finger11" name="Bip01_L_Finger11">
                              <matrix>0.9363124 -0.3511682 2.98023e-8 0.03644167 0.3511682 0.9363124 0 5.96046e-8 0 -7.45058e-9 1 0 0 0 0 1</matrix>
                              <node id="node-Bip01_L_Finger12" name="Bip01_L_Finger12">
                                <matrix>0.7785826 -0.6275421 0 0.03117551 0.6275421 0.7785827 7.45058e-9 -1.19209e-7 0 7.45058e-9 1 -1.19209e-7 0 0 0 1</matrix>
                              </node>
                            </node>
                          </node>
                          <node id="node-Bip01_L_Finger2" name="Bip01_L_Finger2">
                            <matrix>0.7812486 -0.6233676 -0.03260921 0.1229537 0.6235424 0.7769018 0.08728344 -0.008802027 -0.02907555 -0.08852331 0.9956496 -0.01328242 0 0 0 1</matrix>
                            <node id="node-Bip01_L_Finger21" name="Bip01_L_Finger21">
                              <matrix>0.7620707 -0.647494 1.49012e-8 0.03895521 0.647494 0.7620707 6.0536e-9 -5.96046e-8 -7.45058e-9 7.45058e-9 1 -5.96046e-8 0 0 0 1</matrix>
                              <node id="node-Bip01_L_Finger22" name="Bip01_L_Finger22">
                                <matrix>0.9762959 -0.2164396 0 0.03800537 0.2164396 0.9762959 0 2.98023e-8 7.45058e-9 -1.49012e-8 1 5.96046e-8 0 0 0 1</matrix>
                              </node>
                            </node>
                          </node>
                          <node id="node-Bip01_L_Finger3" name="Bip01_L_Finger3">
                            <matrix>0.4124631 -0.9064789 -0.09038852 0.1211881 0.9061531 0.3980612 0.1429456 -0.001191229 -0.09359704 -0.1408656 0.9855945 0.01196867 0 0 0 1</matrix>
                            <node id="node-Bip01_L_Finger31" name="Bip01_L_Finger31">
                              <matrix>0.9381478 -0.3462351 0 0.03155846 0.3462352 0.9381479 2.98023e-8 -5.96046e-8 1.49012e-8 2.98023e-8 1 5.96046e-8 0 0 0 1</matrix>
                              <node id="node-Bip01_L_Finger32" name="Bip01_L_Finger32">
                                <matrix>0.9636304 -0.2672385 -7.45058e-9 0.03366598 0.2672384 0.9636304 1.49012e-8 1.19209e-7 1.58325e-8 -1.49012e-8 1 5.96046e-8 0 0 0 1</matrix>
                              </node>
                            </node>
                          </node>
                          <node id="node-Bip01_L_Finger4" name="Bip01_L_Finger4">
                            <matrix>0.07120567 -0.9696807 0.2337719 0.1136796 0.9750154 0.1171045 0.1887628 0.005147427 -0.2104155 0.2144901 0.953792 0.03886575 0 0 0 1</matrix>
                            <node id="node-Bip01_L_Finger41" name="Bip01_L_Finger41">
                              <matrix>0.9790111 -0.2038069 -3.72529e-9 0.03661621 0.203807 0.9790112 0 0 -6.0536e-9 -2.98023e-8 0.9999999 0 0 0 0 1</matrix>
                              <node id="node-Bip01_L_Finger42" name="Bip01_L_Finger42">
                                <matrix>0.9645153 0.2640275 -4.65661e-10 0.01772633 -0.2640275 0.9645153 0 5.96046e-8 3.72529e-9 1.49012e-8 1 5.96046e-8 0 0 0 1</matrix>
                              </node>
                            </node>
                          </node>
                        </node>
                      </node>
                    </node>
                  </node>
                  <node id="node-Bip01_R_Clavicle" name="Bip01_R_Clavicle">
                    <matrix>-0.3137373 -0.4318158 -0.845638 -0.02385312 0.06845212 -0.8985736 0.4334505 -0.01627076 -0.9470391 0.07810396 0.3114749 -0.06807299 0 0 0 1</matrix>
                    <node id="node-Bip01_R_UpperArm" name="Bip01_R_UpperArm">
                      <matrix sid="matrix">0.3973336 0.6632459 -0.6342166 0.1824006 -0.7336281 0.644758 0.2146554 2.98023e-8 0.5512858 0.3799894 0.7427598 0 0 0 0 1</matrix>
                      <node id="node-Bip01_R_Forearm" name="Bip01_R_Forearm">
                        <matrix>0.2252372 0.974304 0 0.2843689 -0.9743038 0.2252372 -1.49012e-8 0 4.65661e-8 0 1 0 0 0 0 1</matrix>
                        <node id="node-Bip01_R_Hand" name="Bip01_R_Hand">
                          <matrix sid="matrix">0.955861 0.2938097 0.002329469 0.2810681 0.09046491 -0.286751 -0.9537243 5.96046e-8 -0.2795455 0.9118386 -0.3006736 0 0 0 0 1</matrix>
                          <node id="node-Bip01_R_Finger0" name="Bip01_R_Finger0">
                            <matrix>0.466874 0.3554855 -0.8097275 0.02119672 0.6514515 0.4809567 0.5867638 -0.004734248 0.5980299 -0.801443 -0.007035486 0.02572197 0 0 0 1</matrix>
                            <node id="node-Bip01_R_Finger01" name="Bip01_R_Finger01">
                              <matrix>0.8647895 -0.4978737 0.06527568 0.04982859 0.4938731 0.866828 0.06854748 0 -0.09071077 -0.02704117 0.99551 0 0 0 0 1</matrix>
                              <node id="node-Bip01_R_Finger02" name="Bip01_R_Finger02">
                                <matrix>0.8489718 0.5284383 4.47035e-8 0.05202234 -0.5284382 0.8489717 7.45058e-9 -5.96046e-8 4.47035e-8 0 0.9999999 -5.96046e-8 0 0 0 1</matrix>
                              </node>
                            </node>
                          </node>
                          <node id="node-Bip01_R_Finger1" name="Bip01_R_Finger1">
                            <matrix>0.9820225 -0.1733428 -0.07472672 0.1199947 0.1795577 0.9799359 0.08651493 -0.008367568 0.05823066 -0.09837733 0.993444 0.04101384 0 0 0 1</matrix>
                            <node id="node-Bip01_R_Finger11" name="Bip01_R_Finger11">
                              <matrix>0.9425994 -0.3339258 -1.49012e-8 0.0364418 0.3339258 0.9425993 -1.49012e-8 0 -7.45058e-9 -2.98023e-8 1 -5.96046e-8 0 0 0 1</matrix>
                              <node id="node-Bip01_R_Finger12" name="Bip01_R_Finger12">
                                <matrix>0.9832968 -0.1810849 0.01831833 0.03117537 0.181519 0.9830508 -0.02573051 5.96046e-8 -0.01334845 0.0286258 0.9995011 5.96046e-8 0 0 0 1</matrix>
                              </node>
                            </node>
                          </node>
                          <node id="node-Bip01_R_Finger2" name="Bip01_R_Finger2">
                            <matrix>0.9536399 -0.3009502 -1.52133e-4 0.1229537 0.3006933 0.9528467 -0.04082685 -0.008802056 0.01243179 0.03888837 0.9991663 0.01328242 0 0 0 1</matrix>
                            <node id="node-Bip01_R_Finger21" name="Bip01_R_Finger21">
                              <matrix>0.9579763 -0.2847232 -0.03484871 0.03895515 0.2827407 0.9577504 -0.05265062 2.98023e-8 0.04836721 0.04058488 0.9980048 0 0 0 0 1</matrix>
                              <node id="node-Bip01_R_Finger22" name="Bip01_R_Finger22">
                                <matrix>0.9719919 -0.234256 0.01886613 0.03800529 0.2315869 0.9683847 0.09272984 0 -0.03999221 -0.08576351 0.9955125 0 0 0 0 1</matrix>
                              </node>
                            </node>
                          </node>
                          <node id="node-Bip01_R_Finger3" name="Bip01_R_Finger3">
                            <matrix>0.942517 -0.3272582 0.06755455 0.1211881 0.3338162 0.9129714 -0.234627 -0.001191229 0.01510826 0.2436908 0.9697353 -0.01196873 0 0 0 1</matrix>
                            <node id="node-Bip01_R_Finger31" name="Bip01_R_Finger31">
                              <matrix>0.6606858 -0.7494742 0.04222352 0.03155851 0.7450768 0.6615804 0.08468727 -5.96046e-8 -0.09140518 -0.02449191 0.9955125 0 0 0 0 1</matrix>
                              <node id="node-Bip01_R_Finger32" name="Bip01_R_Finger32">
                                <matrix>0.8335402 -0.5515912 -0.03095102 0.03366593 0.5520073 0.8338156 0.006297082 0 0.02233404 -0.02233406 0.9995012 0 0 0 0 1</matrix>
                              </node>
                            </node>
                          </node>
                          <node id="node-Bip01_R_Finger4" name="Bip01_R_Finger4">
                            <matrix>0.7372704 -0.6748958 -0.03078972 0.1136797 0.6745099 0.7379036 -0.02312394 0.005147427 0.03832612 -0.003719337 0.9992584 -0.03886563 0 0 0 1</matrix>
                            <node id="node-Bip01_R_Finger41" name="Bip01_R_Finger41">
                              <matrix>0.4202555 -0.9064696 0.0412062 0.03661621 0.9068531 0.421151 0.01578785 0 -0.03166523 0.03073305 0.9990259 -1.19209e-7 0 0 0 1</matrix>
                              <node id="node-Bip01_R_Finger42" name="Bip01_R_Finger42">
                                <matrix>0.402447 -0.9138246 -0.05441485 0.01772627 0.915423 0.4021218 0.0172832 0 0.006087609 -0.05676818 0.9983687 5.96046e-8 0 0 0 1</matrix>
                              </node>
                            </node>
                          </node>
                          <node id="node-MOUNT0" name="MOUNT0">
                            <matrix>-6.12112e-7 1 0 0.1095391 -1 -6.81262e-7 4.73112e-7 0.0251826 4.73112e-7 7.45058e-9 1 0.01321667 0 0 0 1</matrix>
                          </node>
                        </node>
                      </node>
                    </node>
                  </node>
                </node>
                <node id="node-Bip01_L_Pauldron_Upper" name="Bip01_L_Pauldron_Upper">
                  <matrix>0.9726136 0.118285 0.2000785 0.176903 0.1284547 -0.9909647 -0.03858756 -0.03908366 0.1937064 0.06323183 -0.97902 0.2290199 0 0 0 1</matrix>
                </node>
                <node id="node-Bip01_R_Pauldron_Lower" name="Bip01_R_Pauldron_Lower">
                  <matrix>-0.3436331 -0.7757342 -0.5292951 0.1906284 0.7213452 -0.578921 0.3801478 -0.1308314 -0.6013133 -0.2511732 0.7585082 -0.2272985 0 0 0 1</matrix>
                </node>
                <node id="node-Bip01_L_Pauldron_Lower" name="Bip01_L_Pauldron_Lower">
                  <matrix>-0.6963175 -0.3999607 0.5959647 0.1906877 0.2072264 -0.907012 -0.3665883 -0.05679905 0.6871678 -0.1317622 0.7144504 0.2611732 0 0 0 1</matrix>
                </node>
              </node>
            </node>
            <node id="node-Bip01_L_Thigh" name="Bip01_L_Thigh">
              <matrix sid="matrix">-0.756624 0.6530322 -0.03270004 -0.1723581 0.5431535 0.6555835 0.52459 0.06460381 0.3640117 0.3791562 -0.850727 0.1253033 0 0 0 1</matrix>
              <node id="node-Bip01_L_Calf" name="Bip01_L_Calf">
                <matrix sid="matrix">-0.6854244 0.7281438 0 0.4629987 -0.7281437 -0.6854244 -3.72529e-9 2.98023e-8 -7.45058e-9 1.49012e-8 1 0 0 0 0 1</matrix>
                <node id="node-Bip01_L_Foot" name="Bip01_L_Foot">
                  <matrix sid="matrix">0.6452032 -0.7581673 0.09431467 0.3610501 0.7632598 0.6451115 -0.03557571 0 -0.0338711 0.09494014 0.9949064 -1.49012e-8 0 0 0 1</matrix>
                  <node id="node-Bip01_L_Toe0" name="Bip01_L_Toe0">
                    <matrix sid="matrix">-0.5 -0.8660254 1.2028e-6 0.1486307 0.8660253 -0.5 3.01749e-7 0.1543275 3.4133e-7 1.19209e-6 1 0 0 0 0 1</matrix>
                  </node>
                </node>
              </node>
            </node>
            <node id="node-Bip01_R_Thigh" name="Bip01_R_Thigh">
              <matrix sid="matrix">-0.1682213 0.9657161 -0.1977226 -0.2276959 0.9770001 0.1366751 -0.1636783 -0.0675939 -0.131043 -0.2207092 -0.9664965 -0.08558209 0 0 0 1</matrix>
              <node id="node-Bip01_R_Calf" name="Bip01_R_Calf">
                <matrix sid="matrix">-0.5837122 0.8119608 2.6077e-8 0.4629988 -0.8119606 -0.5837121 0 0 7.45058e-9 2.23517e-8 1 4.09782e-8 0 0 0 1</matrix>
                <node id="node-Bip01_R_Foot" name="Bip01_R_Foot">
                  <matrix sid="matrix">0.5641768 -0.8158505 0.1268562 0.3610501 0.8091509 0.5769008 0.1116269 -1.49012e-8 -0.1642543 0.03966859 0.98562 -2.98023e-8 0 0 0 1</matrix>
                  <node id="node-Bip01_R_Toe0" name="Bip01_R_Toe0">
                    <matrix sid="matrix">-0.3051539 -0.9472735 0.0977453 0.1486307 0.9517196 -0.3069488 -0.003513923 0.1543275 0.03333147 0.09195384 0.9952054 -3.35276e-8 0 0 0 1</matrix>
                  </node>
                </node>
              </node>
            </node>
          </node>
          <node id="node-Bip01_FannyPack" name="Bip01_FannyPack">
            <matrix sid="matrix">-0.9629918 -0.2062316 0.1735378 0.2299507 -0.2083318 0.9780384 0.006227053 -0.1378937 -0.1710108 -0.03015685 -0.9848076 0.01013963 0 0 0 1</matrix>
          </node>
        </node>
        <node id="node-EYE" name="EYE">
          <matrix sid="matrix">0.7792376 0.6267181 -0.003664043 0.05858681 -0.6267176 0.7792451 0.001428225 0.072665 0.003750281 0.001183215 0.9999921 0.4727551 0 0 0 1</matrix>
          <node id="node-CAM" name="CAM">
            <matrix>1 -6.03104e-8 3.55271e-15 4.85452e-8 6.03104e-8 1 -2.32831e-9 -0.104 0 2.32833e-9 1 0.30056 0 0 0 1</matrix>
          </node>
        </node>
      </node>
      <node id="node-Bounds" name="Bounds">
        <matrix>0.9999915 0.001706907 0.003750479 0 -0.001711356 0.9999978 0.001183292 0.1035326 -0.003748452 -0.0011897 0.9999923 -8.93474e-5 0 0 0 1</matrix>
        <instance_geometry url="#geom-Bounds">
          <bind_material>
            <technique_common>
              <instance_material symbol="ShapeBounds" target="#ShapeBounds-material"/>
            </technique_common>
          </bind_material>
        </instance_geometry>
      </node>
    </visual_scene>
  </library_visual_scenes>
  <library_animations>
    <animation>
      <source id="node-Bip01_matrix-input">
        <float_array id="node-Bip01_matrix-input-array" count="31">14.66667 14.7 14.73333 14.76667 14.8 14.83333 14.86667 14.9 14.93333 14.96667 15 15.03333 15.06667 15.1 15.13333 15.16667 15.2 15.23333 15.26667 15.3 15.33333 15.36667 15.4 15.43333 15.46667 15.5 15.53333 15.56667 15.6 15.63333 15.66667</float_array>
        <technique_common>
          <accessor source="#node-Bip01_matrix-input-array" count="31" stride="1">
            <param name="TIME" type="float"/>
          </accessor>
        </technique_common>
      </source>
      <source id="node-Bip01_matrix-output">
        <float_array id="node-Bip01_matrix-output-array" count="496">0.7792375 -0.6267175 0.003750205 -8.10623e-5 0.626718 0.7792453 0.00118339 0.009366631 -0.003663957 0.001428186 0.9999923 0.5661784 0 0 0 1 0.7792375 -0.6267175 0.003750205 -7.33961e-5 0.626718 0.7792453 0.00118339 0.009366631 -0.003663957 0.001428186 0.9999923 0.5697593 0 0 0 1 0.7792375 -0.6267175 0.003750205 -6.34079e-5 0.626718 0.7792453 0.00118339 0.009366631 -0.003663957 0.001428186 0.9999923 0.5744404 0 0 0 1 0.7792375 -0.6267175 0.003750205 -5.19062e-5 0.626718 0.7792453 0.00118339 0.009366631 -0.003663957 0.001428186 0.9999923 0.5796849 0 0 0 1 0.7792375 -0.6267175 0.003750205 -3.96998e-5 0.626718 0.7792453 0.00118339 0.009366631 -0.003663957 0.001428186 0.9999923 0.5849562 0 0 0 1 0.7792375 -0.6267175 0.003750205 -2.75972e-5 0.626718 0.7792453 0.00118339 0.009366631 -0.003663957 0.001428186 0.9999923 0.589718 0 0 0 1 0.7792375 -0.6267175 0.003750205 -1.64073e-5 0.626718 0.7792453 0.00118339 0.009366631 -0.003663957 0.001428186 0.9999923 0.5934335 0 0 0 1 0.7792375 -0.6267175 0.003750205 -6.93869e-6 0.626718 0.7792453 0.00118339 0.009366631 -0.003663957 0.001428186 0.9999923 0.5955662 0 0 0 1 0.7792375 -0.6267175 0.003750205 0 0.626718 0.7792453 0.00118339 0.009366631 -0.003663957 0.001428186 0.9999923 0.5955798 0 0 0 1 0.7792375 -0.6267175 0.003750205 3.97039e-6 0.626718 0.7792453 0.00118339 0.009366631 -0.003663957 0.001428186 0.9999923 0.5920298 0 0 0 1 0.7792375 -0.6267175 0.003750205 5.51444e-6 0.626718 0.7792453 0.00118339 0.009366631 -0.003663957 0.001428186 0.9999923 0.5848466 0 0 0 1 0.7792375 -0.6267175 0.003750205 5.29388e-6 0.626718 0.7792453 0.00118339 0.009366631 -0.003663957 0.001428186 0.9999923 0.575555 0 0 0 1 0.7792375 -0.6267175 0.003750205 3.97038e-6 0.626718 0.7792453 0.00118339 0.009366631 -0.003663957 0.001428186 0.9999923 0.5656797 0 0 0 1 0.7792375 -0.6267175 0.003750205 2.20576e-6 0.626718 0.7792453 0.00118339 0.009366631 -0.003663957 0.001428186 0.9999923 0.5567461 0 0 0 1 0.7792375 -0.6267175 0.003750205 6.61729e-7 0.626718 0.7792453 0.00118339 0.009366631 -0.003663957 0.001428186 0.9999923 0.5502787 0 0 0 1 0.7792375 -0.6267175 0.003750205 0 0.626718 0.7792453 0.00118339 0.009366631 -0.003663957 0.001428186 0.9999923 0.5478026 0 0 0 1 0.7792375 -0.6267175 0.003750205 5.91079e-7 0.626718 0.7792453 0.00118339 0.009366631 -0.003663957 0.001428186 0.9999923 0.5497606 0 0 0 1 0.7792375 -0.6267175 0.003750205 2.02656e-6 0.626718 0.7792453 0.00118339 0.009366631 -0.003663957 0.001428186 0.9999923 0.5549044 0 0 0 1 0.7792375 -0.6267175 0.003750205 3.7998e-6 0.626718 0.7792453 0.00118339 0.009366631 -0.003663957 0.001428186 0.9999923 0.562222 0 0 0 1 0.7792375 -0.6267175 0.003750205 5.40415e-6 0.626718 0.7792453 0.00118339 0.009366631 -0.003663957 0.001428186 0.9999923 0.5707014 0 0 0 1 0.7792375 -0.6267175 0.003750205 6.33299e-6 0.626718 0.7792453 0.00118339 0.009366631 -0.003663957 0.001428186 0.9999923 0.5793305 0 0 0 1 0.7792375 -0.6267175 0.003750205 6.07967e-6 0.626718 0.7792453 0.00118339 0.009366631 -0.003663957 0.001428186 0.9999923 0.5870971 0 0 0 1 0.7792375 -0.6267175 0.003750205 4.13756e-6 0.626718 0.7792453 0.00118339 0.009366631 -0.003663957 0.001428186 0.9999923 0.5929893 0 0 0 1 0.7792375 -0.6267175 0.003750205 0 0.626718 0.7792453 0.00118339 0.009366631 -0.003663957 0.001428186 0.9999923 0.595995 0 0 0 1 0.7792375 -0.6267175 0.003750205 -7.63353e-6 0.626718 0.7792453 0.00118339 0.009366631 -0.003663957 0.001428186 0.9999923 0.5955476 0 0 0 1 0.7792375 -0.6267175 0.003750205 -1.88278e-5 0.626718 0.7792453 0.00118339 0.009366631 -0.003663957 0.001428186 0.9999923 0.592348 0 0 0 1 0.7792375 -0.6267175 0.003750205 -3.22357e-5 0.626718 0.7792453 0.00118339 0.009366631 -0.003663957 0.001428186 0.9999923 0.5872852 0 0 0 1 0.7792375 -0.6267175 0.003750205 -4.65106e-5 0.626718 0.7792453 0.00118339 0.009366631 -0.003663957 0.001428186 0.9999923 0.5812478 0 0 0 1 0.7792375 -0.6267175 0.003750205 -6.03045e-5 0.626718 0.7792453 0.00118339 0.009366631 -0.003663957 0.001428186 0.9999923 0.575125 0 0 0 1 0.7792375 -0.6267175 0.003750205 -7.22708e-5 0.626718 0.7792453 0.00118339 0.009366631 -0.003663957 0.001428186 0.9999923 0.5698056 0 0 0 1 0.7792375 -0.6267175 0.003750205 -8.10623e-5 0.626718 0.7792453 0.00118339 0.009366631 -0.003663957 0.001428186 0.9999923 0.5661784 0 0 0 1</float_array>
        <technique_common>
          <accessor source="#node-Bip01_matrix-output-array" count="31" stride="16">
            <param name="TRANSFORM" type="float4x4"/>
          </accessor>
        </technique_common>
      </source>
      <source id="node-Bip01_matrix-interpolation">
        <Name_array id="node-Bip01_matrix-interpolation-array" count="31">LINEAR LINEAR LINEAR LINEAR LINEAR LINEAR LINEAR LINEAR LINEAR LINEAR LINEAR LINEAR LINEAR LINEAR LINEAR LINEAR LINEAR LINEAR LINEAR LINEAR LINEAR LINEAR LINEAR LINEAR LINEAR LINEAR LINEAR LINEAR LINEAR LINEAR LINEAR</Name_array>
        <technique_common>
          <accessor source="#node-Bip01_matrix-interpolation-array" count="31" stride="1">
            <param name="INTERPOLATION" type="name"/>
          </accessor>
        </technique_common>
      </source>
      <source id="node-Bip01_Pelvis_matrix-input">
        <float_array id="node-Bip01_Pelvis_matrix-input-array" count="31">14.66667 14.7 14.73333 14.76667 14.8 14.83333 14.86667 14.9 14.93333 14.96667 15 15.03333 15.06667 15.1 15.13333 15.16667 15.2 15.23333 15.26667 15.3 15.33333 15.36667 15.4 15.43333 15.46667 15.5 15.53333 15.56667 15.6 15.63333 15.66667</float_array>
        <technique_common>
          <accessor source="#node-Bip01_Pelvis_matrix-input-array" count="31" stride="1">
            <param name="TIME" type="float"/>
          </accessor>
        </technique_common>
      </source>
      <source id="node-Bip01_Pelvis_matrix-output">
        <float_array id="node-Bip01_Pelvis_matrix-output-array" count="496">-0.009626686 0.991236 0.1317526 0 -0.1217413 -0.1319403 0.9837535 0 0.9925152 -0.006569385 0.1219445 0 0 0 0 1 -0.005043148 0.9930222 0.1178199 0 -0.1000073 -0.1177316 0.9879969 0 0.994974 -0.006800174 0.09990322 0 0 0 0 1 7.84784e-4 0.9949009 0.100854 0 -0.07005631 -0.1005516 0.9924624 0 0.9975426 -0.007844328 0.06962013 0 0 0 0 1 0.006914794 0.9966645 0.0813148 0 -0.03510582 -0.0810247 0.9960937 0 0.9993597 -0.009742379 0.03442841 0 0 0 0 1 0.01252168 0.9981347 0.05975389 0 0.001542627 -0.05977779 0.9982106 0 0.9999204 -0.01240706 -0.002288281 0 0 0 0 1 0.01694852 0.9991782 0.03682124 0 0.0365262 -0.03742063 0.9986318 0 0.9991889 -0.01558041 -0.03713041 0 0 0 0 1 0.01973897 0.9997175 0.01324313 0 0.06646388 -0.01452845 0.9976832 0 0.9975936 -0.01881307 -0.06673187 0 0 0 0 1 0.02064532 0.9997346 -0.01021748 0 0.08799332 0.008363068 0.996086 0 0.9959071 -0.02146357 -0.08779728 0 0 0 0 1 0.01961016 0.9992695 -0.03280454 0 0.09777808 0.0307368 0.9947335 0 0.9950151 -0.02271443 -0.09710389 0 0 0 0 1 0.01108306 0.9976862 -0.06707948 0 0.05003297 0.06644642 0.9965348 0 0.9986861 -0.01440083 -0.04918074 0 0 0 0 1 -5.87876e-5 0.9945744 -0.104029 0 -0.04261356 0.1039319 0.9936711 0 0.9990916 0.004491448 0.04237622 0 0 0 0 1 -0.005906403 0.9940372 -0.1088817 0 -0.09394544 0.1078504 0.9897184 0 0.9955598 0.01607465 0.09274828 0 0 0 0 1 -0.00708127 0.9980515 -0.06199318 0 -0.06828528 0.06136739 0.9957767 0 0.9976406 0.01128458 0.06771767 0 0 0 0 1 -0.002958118 0.9999099 0.01310086 0 -0.008664548 -0.01312613 0.9998765 0 0.999958 0.002844274 0.008702576 0 0 0 0 1 0.007420241 0.9961853 0.08694845 0 0.05236238 -0.08721876 0.9948121 0 0.9986006 -0.002828896 -0.05280983 0 0 0 0 1 0.0176382 0.991236 0.1309209 0 0.08289796 -0.1319403 0.9877853 0 0.9964018 -0.006569683 -0.08449864 0 0 0 0 1 0.02483409 0.9886882 0.1479161 0 0.08391433 -0.1495012 0.9851943 0 0.9961634 -0.01205414 -0.08667778 0 0 0 0 1 0.03235936 0.9867046 0.1592699 0 0.0777207 -0.161355 0.9838314 0 0.9964498 -0.01945757 -0.0819087 0 0 0 0 1 0.03957861 0.9854075 0.1655469 0 0.06579035 -0.1678871 0.9836086 0 0.9970481 -0.0280385 -0.07147502 0 0 0 0 1 0.04596573 0.9848389 0.1672709 0 0.04959398 -0.1694912 0.9842832 0 0.9977111 -0.03694766 -0.05663281 0 0 0 0 1 0.05105513 0.9849854 0.1649154 0 0.03059363 -0.1665958 0.9855506 0 0.9982271 -0.04527199 -0.03863984 0 0 0 0 1 0.05440175 0.9857941 0.1589038 0 0.01023626 -0.1596817 0.9871156 0 0.9984666 -0.05207425 -0.01877784 0 0 0 0 1 0.05554872 0.9871824 0.1496168 0 -0.01005423 -0.1492876 0.9887427 0 0.9984053 -0.05642771 0.00163263 0 0 0 0 1 0.05400121 0.9890418 0.1374058 0 -0.02888631 -0.1360018 0.9902874 0 0.9981229 -0.05744588 0.02122551 0 0 0 0 1 0.03721749 0.9952275 0.0902062 0 -0.0554946 -0.08807104 0.9945672 0 0.997765 -0.04202127 0.05195194 0 0 0 0 1 0.009401559 0.9998358 0.01550036 0 -0.09051686 -0.01458644 0.9957882 0 0.9958506 -0.01076501 0.09036487 0 0 0 0 1 -0.008875668 0.9996628 -0.02440351 0 -0.1161357 0.02320885 0.9929622 0 0.9931937 0.01164728 0.1158905 0 0 0 0 1 -0.01350551 0.9999012 -0.003911137 0 -0.1246815 0.002196967 0.9921945 0 0.9921049 0.01388776 0.1246395 0 0 0 0 1 -0.01334255 0.9989193 0.0445255 0 -0.1254631 -0.04585003 0.9910382 0 0.9920085 0.007636666 0.1259393 0 0 0 0 1 -0.01104664 0.9951739 0.0975039 0 -0.1230435 -0.09812158 0.9875386 0 0.9923398 -0.001088201 0.1235336 0 0 0 0 1 -0.009626686 0.991236 0.1317526 0 -0.1217413 -0.1319403 0.9837535 0 0.9925152 -0.006569385 0.1219445 0 0 0 0 1</float_array>
        <technique_common>
          <accessor source="#node-Bip01_Pelvis_matrix-output-array" count="31" stride="16">
            <param name="TRANSFORM" type="float4x4"/>
          </accessor>
        </technique_common>
      </source>
      <source id="node-Bip01_Pelvis_matrix-interpolation">
        <Name_array id="node-Bip01_Pelvis_matrix-interpolation-array" count="31">LINEAR LINEAR LINEAR LINEAR LINEAR LINEAR LINEAR LINEAR LINEAR LINEAR LINEAR LINEAR LINEAR LINEAR LINEAR LINEAR LINEAR LINEAR LINEAR LINEAR LINEAR LINEAR LINEAR LINEAR LINEAR LINEAR LINEAR LINEAR LINEAR LINEAR LINEAR</Name_array>
        <technique_common>
          <accessor source="#node-Bip01_Pelvis_matrix-interpolation-array" count="31" stride="1">
            <param name="INTERPOLATION" type="name"/>
          </accessor>
        </technique_common>
      </source>
      <source id="node-Bip01_Spine_matrix-input">
        <float_array id="node-Bip01_Spine_matrix-input-array" count="31">14.66667 14.7 14.73333 14.76667 14.8 14.83333 14.86667 14.9 14.93333 14.96667 15 15.03333 15.06667 15.1 15.13333 15.16667 15.2 15.23333 15.26667 15.3 15.33333 15.36667 15.4 15.43333 15.46667 15.5 15.53333 15.56667 15.6 15.63333 15.66667</float_array>
        <technique_common>
          <accessor source="#node-Bip01_Spine_matrix-input-array" count="31" stride="1">
            <param name="TIME" type="float"/>
          </accessor>
        </technique_common>
      </source>
      <source id="node-Bip01_Spine_matrix-output">
        <float_array id="node-Bip01_Spine_matrix-output-array" count="496">0.9740029 -0.1713646 -0.1481634 0.1975134 0.06491476 0.837745 -0.5421895 0.02500534 0.2170352 0.5184763 0.8270902 0.02776151 0 0 0 1 0.9787039 -0.1583774 -0.1305948 0.1981241 0.06606209 0.8453524 -0.5301086 0.02500629 0.1943559 0.5101923 0.8378123 0.0229997 0 0 0 1 0.9843281 -0.1408279 -0.1061406 0.1987895 0.06666636 0.8543835 -0.515349 0.02484756 0.1632603 0.5001967 0.850382 0.01651513 0 0 0 1 0.9896625 -0.1208202 -0.07726758 0.1993131 0.06661587 0.8643933 -0.498384 0.02451545 0.1270045 0.488085 0.8635062 0.008984208 0 0 0 1 0.9938529 -0.1004287 -0.04658389 0.1995725 0.06592839 0.874948 -0.4797074 0.02402281 0.08893489 0.4736876 0.8761909 0.001095831 0 0 0 1 0.9965183 -0.08165419 -0.0168451 0.1995429 0.0647962 0.8856428 -0.4598242 0.02341741 0.05246531 0.4571319 0.8878502 -0.006455302 0 0 0 1 0.9977532 -0.06637722 0.009071707 0.1992981 0.06360918 0.896115 -0.4392399 0.02278685 0.02102619 0.4388301 0.8983239 -0.01297938 0 0 0 1 0.9980143 -0.05632108 0.02820253 0.1989855 0.06295645 0.9060516 -0.4184581 0.0222584 -0.001984953 0.4194027 0.9077982 -0.01779943 0 0 0 1 0.9978872 -0.05303955 0.03752052 0.1987798 0.0636081 0.9151787 -0.3979973 0.02199602 -0.01322835 0.3995432 0.9166189 -0.0202533 0 0 0 1 0.9966956 -0.08120077 -0.002119183 0.1992866 0.07481336 0.9278308 -0.3654218 0.02360934 0.03163874 0.3640558 0.9308397 -0.01161414 0 0 0 1 0.9881653 -0.130225 -0.08105933 0.1990748 0.09654623 0.9386646 -0.3310404 0.0272898 0.1191973 0.3192968 0.9401285 0.005648493 0 0 0 1 0.9797369 -0.1566722 -0.124776 0.1982178 0.1083391 0.9385268 -0.3277656 0.02958345 0.1684573 0.3076061 0.9364831 0.01555675 0 0 0 1 0.9839209 -0.1471768 -0.101186 0.1986003 0.09990453 0.9231387 -0.3712605 0.02873718 0.1480496 0.355182 0.922999 0.01181358 0 0 0 1 0.9917152 -0.1186613 -0.04919445 0.1991695 0.0852468 0.8944444 -0.4389787 0.02710723 0.09609144 0.4311483 0.8971495 0.002047479 0 0 0 1 0.9965058 -0.08350974 0.001552581 0.1991724 0.07290422 0.860581 -0.5040686 0.02588051 0.04075849 0.5024208 0.8636621 -0.008248925 0 0 0 1 0.9978142 -0.06122618 0.02486342 0.1990044 0.06491452 0.8377451 -0.5421895 0.02500534 0.01236695 0.5426186 0.8398883 -0.01339572 0 0 0 1 0.9982666 -0.05429321 0.0227186 0.1991478 0.05774015 0.828685 -0.556729 0.02384549 0.01140004 0.5570759 0.8303834 -0.01337873 0 0 0 1 0.9986448 -0.05015361 0.01389855 0.1994048 0.04920083 0.8227478 -0.5662731 0.02231806 0.01696562 0.5661897 0.8241004 -0.01212704 0 0 0 1 0.9988117 -0.04873621 1.43312e-5 0.1997161 0.04000955 0.819798 -0.5712533 0.02057403 0.02782893 0.5705751 0.8207738 -0.009881496 0 0 0 1 0.9986047 -0.04986864 -0.01737046 0.2000183 0.03097891 0.819613 -0.5720796 0.0187838 0.04276591 0.5707433 0.8200141 -0.006878376 0 0 0 1 0.9979012 -0.05333179 -0.03672742 0.2002568 0.02297723 0.8218974 -0.569172 0.01712894 0.06054115 0.5671337 0.8213977 -0.003355681 0 0 0 1 0.9966603 -0.05890333 -0.05655407 0.200394 0.01688903 0.8262963 -0.5629824 0.01579475 0.07989197 0.5601472 0.8245316 4.42281e-4 0 0 0 1 0.9949429 -0.06639355 -0.07536828 0.2004131 0.01358085 0.8324051 -0.5540015 0.0149638 0.09951907 0.5501763 0.8290972 0.004262626 0 0 0 1 0.9929068 -0.07567185 -0.09170508 0.2003162 0.01387286 0.8397786 -0.5427517 0.01480978 0.118083 0.5376299 0.8348715 0.007842481 0 0 0 1 0.9888509 -0.1019287 -0.1085557 0.1998005 0.03384232 0.8637641 -0.5027588 0.01804578 0.1450121 0.4934797 0.8575834 0.01271194 0 0 0 1 0.9816009 -0.1414808 -0.1282287 0.1986818 0.07160383 0.8952928 -0.4396858 0.02439361 0.1770093 0.4224145 0.8889508 0.01838302 0 0 0 1 0.9752234 -0.1684081 -0.1434499 0.1976683 0.09710359 0.9085074 -0.4064298 0.02885353 0.1987714 0.3824304 0.9023507 0.02241009 0 0 0 1 0.9730175 -0.1760469 -0.1491451 0.1973286 0.09753298 0.8996372 -0.4256056 0.029307 0.209103 0.3995752 0.8925331 0.02469736 0 0 0 1 0.9728679 -0.1762179 -0.1499166 0.1973138 0.08709543 0.8792573 -0.4683171 0.02803701 0.2143411 0.4425538 0.8707491 0.02624201 0 0 0 1 0.9735977 -0.1731708 -0.1487258 0.1974407 0.07360613 0.8548915 -0.5135589 0.02620089 0.2160778 0.4890527 0.8450667 0.02716898 0 0 0 1 0.9740029 -0.1713646 -0.1481634 0.1975134 0.06491476 0.837745 -0.5421895 0.02500534 0.2170352 0.5184763 0.8270902 0.02776151 0 0 0 1</float_array>
        <technique_common>
          <accessor source="#node-Bip01_Spine_matrix-output-array" count="31" stride="16">
            <param name="TRANSFORM" type="float4x4"/>
          </accessor>
        </technique_common>
      </source>
      <source id="node-Bip01_Spine_matrix-interpolation">
        <Name_array id="node-Bip01_Spine_matrix-interpolation-array" count="31">LINEAR LINEAR LINEAR LINEAR LINEAR LINEAR LINEAR LINEAR LINEAR LINEAR LINEAR LINEAR LINEAR LINEAR LINEAR LINEAR LINEAR LINEAR LINEAR LINEAR LINEAR LINEAR LINEAR LINEAR LINEAR LINEAR LINEAR LINEAR LINEAR LINEAR LINEAR</Name_array>
        <technique_common>
          <accessor source="#node-Bip01_Spine_matrix-interpolation-array" count="31" stride="1">
