<?xml version="1.0" encoding="utf-8"?>
<COLLADA xmlns="http://www.collada.org/2005/11/COLLADASchema" version="1.4.1">
  <asset>
    <contributor>
      <author>MattO</author>
      <authoring_tool>OpenCOLLADA for 3ds Max;  Version: 1.3.0;  Revision: 839M;  Platform: x64;  Configuration: Release_Max2012</authoring_tool>
      <source_data>file:///C:/Dropbox/Prj/GGStout/Turret/TP_ProxMine_PlayerAnims.max</source_data>
    </contributor>
    <created>2011-09-30T17:59:40</created>
    <modified>2011-09-30T17:59:40</modified>
    <unit name="meter" meter="1"/>
    <up_axis>Z_UP</up_axis>
  </asset>
  <library_effects>
    <effect id="ShapeBounds">
      <profile_COMMON>
        <technique sid="common">
          <blinn>
            <emission>
              <color>0 0 0 1</color>
            </emission>
            <ambient>
              <color>0.1647059 1 0 1</color>
            </ambient>
            <diffuse>
              <color>0.1647059 1 0 1</color>
            </diffuse>
            <specular>
              <color>0.9 0.9 0.9 1</color>
            </specular>
            <shininess>
              <float>10</float>
            </shininess>
            <reflective>
              <color>0 0 0 1</color>
            </reflective>
            <transparent opaque="A_ONE">
              <color>1 1 1 1</color>
            </transparent>
            <transparency>
              <float>1</float>
            </transparency>
          </blinn>
        </technique>
      </profile_COMMON>
      <extra>
        <technique profile="OpenCOLLADA3dsMax">
          <extended_shader>
            <apply_reflection_dimming>0</apply_reflection_dimming>
            <dim_level>0</dim_level>
            <falloff_type>0</falloff_type>
            <index_of_refraction>1.5</index_of_refraction>
            <opacity_type>0</opacity_type>
            <reflection_level>3</reflection_level>
            <wire_size>1</wire_size>
            <wire_units>0</wire_units>
          </extended_shader>
          <shader>
            <ambient_diffuse_lock>1</ambient_diffuse_lock>
            <ambient_diffuse_texture_lock>1</ambient_diffuse_texture_lock>
            <diffuse_specular_lock>0</diffuse_specular_lock>
            <soften>0.1</soften>
            <use_self_illum_color>0</use_self_illum_color>
          </shader>
        </technique>
      </extra>
    </effect>
  </library_effects>
  <library_materials>
    <material id="ShapeBounds-material" name="ShapeBounds">
      <instance_effect url="#ShapeBounds"/>
    </material>
  </library_materials>
  <library_geometries>
    <geometry id="geom-Bounds" name="Bounds">
      <mesh>
        <source id="geom-Bounds-positions">
          <float_array id="geom-Bounds-positions-array" count="24">-0.425 -0.425 0 0.425 -0.425 0 -0.425 0.425 0 0.425 0.425 0 -0.425 -0.425 1.84 0.425 -0.425 1.84 -0.425 0.425 1.84 0.425 0.425 1.84</float_array>
          <technique_common>
            <accessor source="#geom-Bounds-positions-array" count="8" stride="3">
              <param name="X" type="float"/>
              <param name="Y" type="float"/>
              <param name="Z" type="float"/>
            </accessor>
          </technique_common>
        </source>
        <source id="geom-Bounds-normals">
          <float_array id="geom-Bounds-normals-array" count="72">0 0 -1 0 0 -1 0 0 -1 0 0 -1 0 0 1 0 0 1 0 0 1 0 0 1 0 -1 0 0 -1 0 0 -1 0 0 -1 0 1 0 0 1 0 0 1 0 0 1 0 0 0 1 0 0 1 0 0 1 0 0 1 0 -1 0 0 -1 0 0 -1 0 0 -1 0 0</float_array>
          <technique_common>
            <accessor source="#geom-Bounds-normals-array" count="24" stride="3">
              <param name="X" type="float"/>
              <param name="Y" type="float"/>
              <param name="Z" type="float"/>
            </accessor>
          </technique_common>
        </source>
        <source id="geom-Bounds-map1">
          <float_array id="geom-Bounds-map1-array" count="36">0 0 0 1 0 0 0 1 0 1 1 0 0 0 0 1 0 0 0 1 0 1 1 0 0 0 0 1 0 0 0 1 0 1 1 0</float_array>
          <technique_common>
            <accessor source="#geom-Bounds-map1-array" count="12" stride="3">
              <param name="S" type="float"/>
              <param name="T" type="float"/>
              <param name="P" type="float"/>
            </accessor>
          </technique_common>
        </source>
        <vertices id="geom-Bounds-vertices">
          <input semantic="POSITION" source="#geom-Bounds-positions"/>
        </vertices>
        <triangles material="ShapeBounds" count="12">
          <input semantic="VERTEX" source="#geom-Bounds-vertices" offset="0"/>
          <input semantic="NORMAL" source="#geom-Bounds-normals" offset="1"/>
          <input semantic="TEXCOORD" source="#geom-Bounds-map1" offset="2" set="0"/>
          <p>0 0 9 2 1 11 3 2 10 3 2 10 1 3 8 0 0 9 4 4 8 5 5 9 7 6 11 7 6 11 6 7 10 4 4 8 0 8 4 1 9 5 5 10 7 5 10 7 4 11 6 0 8 4 1 12 0 3 13 1 7 14 3 7 14 3 5 15 2 1 12 0 3 16 4 2 17 5 6 18 7 6 18 7 7 19 6 3 16 4 2 20 0 0 21 1 4 22 3 4 22 3 6 23 2 2 20 0</p>
        </triangles>
      </mesh>
      <extra>
        <technique profile="OpenCOLLADA3dsMax">
          <max_box>
            <generateuvs>1</generateuvs>
            <height>1.84</height>
            <heightsegments>1</heightsegments>
            <length>0.85</length>
            <lengthsegments>1</lengthsegments>
            <width>0.85</width>
            <widthsegments>1</widthsegments>
          </max_box>
        </technique>
      </extra>
    </geometry>
  </library_geometries>
  <library_lights>
    <light id="EnvironmentAmbientLight" name="EnvironmentAmbientLight">
      <technique_common>
        <ambient>
          <color>0 0 0</color>
        </ambient>
      </technique_common>
    </light>
  </library_lights>
  <library_visual_scenes>
    <visual_scene id="MaxScene">
      <node name="EnvironmentAmbientLight">
        <instance_light url="#EnvironmentAmbientLight"/>
      </node>
      <node id="node-Bip01" name="Bip01">
        <matrix>0.7792376 -0.6267173 0.003750267 -0.002273232 0.6267178 0.7792454 0.001183462 0.01291391 -0.003664074 0.001428161 0.9999923 0.801132 0 0 0 1</matrix>
        <node id="node-Bip01_Pelvis" name="Bip01_Pelvis">
          <matrix>-0.009626727 0.991236 0.1317526 0 -0.1217413 -0.1319404 0.9837534 0 0.9925151 -0.006569401 0.1219445 0 0 0 0 1</matrix>
          <node id="node-Bip01_Spine" name="Bip01_Spine">
            <matrix>0.974003 -0.1713646 -0.1481635 0.1975133 0.0649147 0.8377451 -0.5421895 0.02500539 0.2170352 0.5184764 0.8270903 0.02776151 0 0 0 1</matrix>
            <node id="node-Bip01_Spine1" name="Bip01_Spine1">
              <matrix sid="matrix">0.995414 -0.05066475 0.08114253 0.1022349 0.08658858 0.837756 -0.5391353 -8.46386e-5 -0.04066247 0.543689 0.8383012 -5.49257e-5 0 0 0 1</matrix>
              <node id="node-Bip01_Spine2" name="Bip01_Spine2">
                <matrix sid="matrix">0.9755719 -0.1711664 0.1377011 0.1268954 0.2139855 0.882223 -0.419396 -1.51098e-4 -0.04969662 0.438617 0.897299 -7.50944e-5 0 0 0 1</matrix>
                <node id="node-Bip01_Neck" name="Bip01_Neck">
                  <matrix sid="matrix">0.9671023 -0.215827 -0.1346557 0.215095 0.2038935 0.9741721 -0.097038 -5.36144e-5 0.1521211 0.06639013 0.9861297 -3.69549e-6 0 0 0 1</matrix>
                  <node id="node-Bip01_Head" name="Bip01_Head">
                    <matrix sid="matrix">0.9816691 0.1724719 0.08111473 0.07051826 -0.187407 0.7959704 0.5755952 -0.01395923 0.03470901 -0.5802453 0.8137019 0 0 0 0 1</matrix>
                    <node id="node-ALTEYE" name="ALTEYE">
                      <matrix sid="matrix">-0.04064324 0.3131618 0.9488301 0.06454694 -0.06905273 0.9464638 -0.3153387 0.2214611 -0.996785 -0.07833605 -0.01684277 0.04716256 0 0 0 1</matrix>
                    </node>
                  </node>
                  <node id="node-Bip01_L_Clavicle" name="Bip01_L_Clavicle">
                    <matrix sid="matrix">-0.2008515 -0.2027333 0.9584143 -0.009729624 0.1508119 -0.9730874 -0.174232 -0.01473558 0.9679434 0.1095455 0.2260206 0.07180533 0 0 0 1</matrix>
                    <node id="node-Bip01_L_UpperArm" name="Bip01_L_UpperArm">
                      <matrix sid="matrix">0.9151771 0.3950082 -0.08012211 0.1824007 -0.3890412 0.9176916 0.0805546 0 0.1053472 -0.04255094 0.9935247 1.19209e-7 0 0 0 1</matrix>
                      <node id="node-Bip01_L_Forearm" name="Bip01_L_Forearm">
                        <matrix sid="matrix">0.8242601 0.5662112 -3.72529e-9 0.2843689 -0.5662113 0.8242602 0 0 -2.98023e-8 -1.49012e-8 1 0 0 0 0 1</matrix>
                        <node id="node-Bip01_L_Hand" name="Bip01_L_Hand">
                          <matrix sid="matrix">0.8327136 -0.5485325 -0.07549866 0.2810681 0.5532671 0.8297005 0.07411283 2.98023e-8 0.02198796 -0.1034856 0.994388 1.19209e-7 0 0 0 1</matrix>
                          <node id="node-Bip01_L_Finger0" name="Bip01_L_Finger0">
                            <matrix>0.3451789 0.6252524 0.6999362 0.02119678 0.5973265 0.4288768 -0.6776913 -0.004734255 -0.7239146 0.6520152 -0.2254407 -0.02572191 0 0 0 1</matrix>
                            <node id="node-Bip01_L_Finger01" name="Bip01_L_Finger01">
                              <matrix>0.9455187 -0.3255681 2.98023e-8 0.04982853 0.3255681 0.9455187 0 1.19209e-7 0 -2.98023e-8 1 8.9407e-8 0 0 0 1</matrix>
                              <node id="node-Bip01_L_Finger02" name="Bip01_L_Finger02">
                                <matrix>0.9203135 0.3911815 2.98023e-8 0.05202234 -0.3911815 0.9203135 -2.98023e-8 0 4.47035e-8 1.49012e-8 1 -2.98023e-8 0 0 0 1</matrix>
                              </node>
                            </node>
                          </node>
                          <node id="node-Bip01_L_Finger1" name="Bip01_L_Finger1">
                            <matrix>0.9541453 -0.2819768 -0.1004766 0.1199946 0.2718615 0.9567643 -0.1034069 -0.008367568 0.1252908 0.07134951 0.989551 -0.04101384 0 0 0 1</matrix>
                            <node id="node-Bip01_L_Finger11" name="Bip01_L_Finger11">
                              <matrix>0.9363124 -0.3511682 -7.45058e-9 0.0364418 0.3511682 0.9363126 0 1.49012e-8 1.49012e-8 0 1 1.19209e-7 0 0 0 1</matrix>
                              <node id="node-Bip01_L_Finger12" name="Bip01_L_Finger12">
                                <matrix>0.7785828 -0.627542 0 0.03117543 0.627542 0.7785827 0 5.96046e-8 1.49012e-8 1.49012e-8 0.9999999 -1.19209e-7 0 0 0 1</matrix>
                              </node>
                            </node>
                          </node>
                          <node id="node-Bip01_L_Finger2" name="Bip01_L_Finger2">
                            <matrix>0.7812486 -0.6233675 -0.03260919 0.1229537 0.6235424 0.7769017 0.08728343 -0.008802027 -0.02907553 -0.08852328 0.9956495 -0.01328254 0 0 0 1</matrix>
                            <node id="node-Bip01_L_Finger21" name="Bip01_L_Finger21">
                              <matrix>0.7620706 -0.6474939 2.32831e-10 0.03895527 0.6474938 0.7620707 2.32831e-10 -5.96046e-8 1.24055e-9 0 1 0 0 0 0 1</matrix>
                              <node id="node-Bip01_L_Finger22" name="Bip01_L_Finger22">
                                <matrix>0.9762962 -0.2164396 0 0.03800538 0.2164397 0.9762961 0 1.19209e-7 1.74623e-9 -4.65661e-10 1 0 0 0 0 1</matrix>
                              </node>
                            </node>
                          </node>
                          <node id="node-Bip01_L_Finger3" name="Bip01_L_Finger3">
                            <matrix>0.412463 -0.906479 -0.09038848 0.1211882 0.9061532 0.3980611 0.1429456 -0.001191281 -0.09359704 -0.1408656 0.9855943 0.01196861 0 0 0 1</matrix>
                            <node id="node-Bip01_L_Finger31" name="Bip01_L_Finger31">
                              <matrix>0.9381478 -0.3462351 5.58794e-9 0.03155842 0.3462351 0.9381478 0 5.96046e-8 -7.45058e-9 0 0.9999999 0 0 0 0 1</matrix>
                              <node id="node-Bip01_L_Finger32" name="Bip01_L_Finger32">
                                <matrix>0.9636305 -0.2672384 0 0.03366596 0.2672384 0.9636304 7.45058e-9 0 1.49012e-8 -1.11759e-8 1 0 0 0 0 1</matrix>
                              </node>
                            </node>
                          </node>
                          <node id="node-Bip01_L_Finger4" name="Bip01_L_Finger4">
                            <matrix>0.07120559 -0.9696806 0.2337718 0.1136796 0.9750153 0.1171045 0.1887628 0.005147405 -0.2104154 0.2144901 0.9537919 0.03886569 0 0 0 1</matrix>
                            <node id="node-Bip01_L_Finger41" name="Bip01_L_Finger41">
                              <matrix>0.9790111 -0.203807 0 0.03661622 0.203807 0.9790112 -1.49012e-8 2.98023e-8 0 -2.98023e-8 0.9999999 1.19209e-7 0 0 0 1</matrix>
                              <node id="node-Bip01_L_Finger42" name="Bip01_L_Finger42">
                                <matrix>0.9645151 0.2640275 -2.98023e-8 0.0177263 -0.2640274 0.9645152 0 -5.96046e-8 1.49012e-8 -1.49012e-8 0.9999999 0 0 0 0 1</matrix>
                              </node>
                            </node>
                          </node>
                        </node>
                      </node>
                    </node>
                  </node>
                  <node id="node-Bip01_R_Clavicle" name="Bip01_R_Clavicle">
                    <matrix sid="matrix">0.4464974 -0.2512871 -0.8587753 -0.0305239 0.2207773 -0.8991436 0.3778866 -0.02381033 -0.8671202 -0.3583234 -0.3459867 -0.06299332 0 0 0 1</matrix>
                    <node id="node-Bip01_R_UpperArm" name="Bip01_R_UpperArm">
                      <matrix sid="matrix">0.941644 0.3310308 -0.06103648 0.1824006 -0.3056765 0.7650014 -0.5668641 0 -0.1409567 0.5524415 0.8215472 1.19209e-7 0 0 0 1</matrix>
                      <node id="node-Bip01_R_Forearm" name="Bip01_R_Forearm">
                        <matrix sid="matrix">0.8205116 0.5716296 -1.49012e-8 0.284369 -0.5716295 0.8205118 0 5.96046e-8 -2.98023e-8 1.3411e-7 1 -1.19209e-7 0 0 0 1</matrix>
                        <node id="node-Bip01_R_Hand" name="Bip01_R_Hand">
                          <matrix sid="matrix">0.9790828 -0.1223347 0.1625768 0.2810682 -0.03974827 -0.8986599 -0.4368419 2.98023e-8 0.1995421 0.4212422 -0.8847248 0 0 0 0 1</matrix>
                          <node id="node-Bip01_R_Finger0" name="Bip01_R_Finger0">
                            <matrix>0.466874 0.3554855 -0.8097275 0.02119672 0.6514513 0.4809566 0.5867637 -0.004734159 0.5980299 -0.8014429 -0.007035464 0.02572179 0 0 0 1</matrix>
                            <node id="node-Bip01_R_Finger01" name="Bip01_R_Finger01">
                              <matrix>0.8647895 -0.4978737 0.06527567 0.04982859 0.4938732 0.8668278 0.0685474 0 -0.09071075 -0.0270412 0.9955101 -2.38419e-7 0 0 0 1</matrix>
                              <node id="node-Bip01_R_Finger02" name="Bip01_R_Finger02">
                                <matrix>0.8489718 0.5284384 -2.23517e-8 0.05202234 -0.5284384 0.8489719 0 1.19209e-7 0 -2.98023e-8 1 1.19209e-7 0 0 0 1</matrix>
                              </node>
                            </node>
                          </node>
                          <node id="node-Bip01_R_Finger1" name="Bip01_R_Finger1">
                            <matrix>0.9820224 -0.1733427 -0.07472669 0.1199946 0.1795577 0.9799357 0.08651491 -0.008367538 0.05823062 -0.09837735 0.993444 0.04101372 0 0 0 1</matrix>
                            <node id="node-Bip01_R_Finger11" name="Bip01_R_Finger11">
                              <matrix>0.9425994 -0.3339258 0 0.0364418 0.3339258 0.9425994 0 0 2.98023e-8 0 0.9999999 0 0 0 0 1</matrix>
                              <node id="node-Bip01_R_Finger12" name="Bip01_R_Finger12">
                                <matrix>0.9832968 -0.1810849 0.01831835 0.03117549 0.1815189 0.9830506 -0.02573049 1.19209e-7 -0.01334843 0.02862582 0.999501 0 0 0 0 1</matrix>
                              </node>
                            </node>
                          </node>
                          <node id="node-Bip01_R_Finger2" name="Bip01_R_Finger2">
                            <matrix>0.9536399 -0.3009502 -1.52126e-4 0.1229539 0.3006933 0.9528465 -0.04082684 -0.008801997 0.01243177 0.03888838 0.9991661 0.01328242 0 0 0 1</matrix>
                            <node id="node-Bip01_R_Finger21" name="Bip01_R_Finger21">
                              <matrix>0.9579762 -0.2847232 -0.03484872 0.03895515 0.2827406 0.9577503 -0.05265065 -1.19209e-7 0.04836722 0.04058488 0.9980049 0 0 0 0 1</matrix>
                              <node id="node-Bip01_R_Finger22" name="Bip01_R_Finger22">
                                <matrix>0.9719919 -0.234256 0.01886614 0.03800547 0.2315868 0.9683847 0.09272982 0 -0.03999221 -0.08576351 0.9955125 1.19209e-7 0 0 0 1</matrix>
                              </node>
                            </node>
                          </node>
                          <node id="node-Bip01_R_Finger3" name="Bip01_R_Finger3">
                            <matrix>0.942517 -0.3272581 0.06755452 0.1211882 0.3338162 0.9129713 -0.234627 -0.001191199 0.01510823 0.2436907 0.9697352 -0.01196861 0 0 0 1</matrix>
                            <node id="node-Bip01_R_Finger31" name="Bip01_R_Finger31">
                              <matrix>0.6606858 -0.7494742 0.04222351 0.03155851 0.7450767 0.6615804 0.08468726 0 -0.09140515 -0.02449194 0.9955125 0 0 0 0 1</matrix>
                              <node id="node-Bip01_R_Finger32" name="Bip01_R_Finger32">
                                <matrix>0.8335401 -0.5515912 -0.03095102 0.03366596 0.5520073 0.8338155 0.006297082 -1.19209e-7 0.02233403 -0.02233405 0.9995011 -1.19209e-7 0 0 0 1</matrix>
                              </node>
                            </node>
                          </node>
                          <node id="node-Bip01_R_Finger4" name="Bip01_R_Finger4">
                            <matrix>0.7372702 -0.6748959 -0.03078973 0.1136796 0.67451 0.7379034 -0.02312396 0.005147457 0.03832613 -0.0037193 0.9992583 -0.0388658 0 0 0 1</matrix>
                            <node id="node-Bip01_R_Finger41" name="Bip01_R_Finger41">
                              <matrix>0.4202556 -0.9064696 0.04120621 0.03661621 0.9068531 0.421151 0.01578781 0 -0.03166524 0.030733 0.9990261 0 0 0 0 1</matrix>
                              <node id="node-Bip01_R_Finger42" name="Bip01_R_Finger42">
                                <matrix>0.4024473 -0.9138244 -0.05441485 0.0177263 0.915423 0.402122 0.0172832 0 0.006087601 -0.05676813 0.9983688 -1.19209e-7 0 0 0 1</matrix>
                              </node>
                            </node>
                          </node>
                          <node id="node-MOUNT0" name="MOUNT0">
                            <matrix>-5.81145e-7 1 1.49012e-8 0.109539 -0.9999998 -6.96629e-7 4.91738e-7 0.0251826 4.47035e-7 0 0.9999999 0.0132165 0 0 0 1</matrix>
                          </node>
                        </node>
                      </node>
                    </node>
                  </node>
                </node>
                <node id="node-Bip01_L_Pauldron_Upper" name="Bip01_L_Pauldron_Upper">
                  <matrix sid="matrix">0.9726106 0.118284 0.2000943 0.176903 0.1245036 -0.9920427 -0.01874484 -0.03908372 0.1962847 0.04314379 -0.9795976 0.2290199 0 0 0 1</matrix>
                </node>
                <node id="node-Bip01_R_Pauldron_Lower" name="Bip01_R_Pauldron_Lower">
                  <matrix sid="matrix">0.6461202 -0.3324987 -0.6870036 0.2699742 0.5948064 -0.3446754 0.7262267 -0.095736 -0.4782625 -0.8778636 -0.02492939 -0.1709514 0 0 0 1</matrix>
                </node>
                <node id="node-Bip01_L_Pauldron_Lower" name="Bip01_L_Pauldron_Lower">
                  <matrix sid="matrix">-0.2023222 0.02209245 0.9790699 0.2006892 0.01918054 -0.9994649 0.02651632 0.008198917 0.9791315 0.02414396 0.2017899 0.2596541 0 0 0 1</matrix>
                </node>
              </node>
            </node>
            <node id="node-Bip01_L_Thigh" name="Bip01_L_Thigh">
              <matrix>-0.6100853 0.7915199 -0.03594616 -0.172358 0.7472751 0.5898783 0.305979 0.06460375 0.2633924 0.1598117 -0.9513595 0.1253033 0 0 0 1</matrix>
              <node id="node-Bip01_L_Calf" name="Bip01_L_Calf">
                <matrix>0.3873816 0.9219195 1.86265e-9 0.4629987 -0.9219193 0.3873815 -1.86265e-8 0 7.45058e-8 -2.98023e-8 0.9999999 -7.45058e-9 0 0 0 1</matrix>
                <node id="node-Bip01_L_Foot" name="Bip01_L_Foot">
                  <matrix>0.9270843 -0.3664186 -0.07907089 0.3610502 0.3740741 0.9179317 0.1321727 -1.49012e-8 0.02415108 -0.1521136 0.9880679 0 0 0 0 1</matrix>
                  <node id="node-Bip01_L_Toe0" name="Bip01_L_Toe0">
                    <matrix>4.76837e-7 -1 1.39046e-6 0.1486307 1 4.7707e-7 2.30575e-8 0.1543275 -2.30466e-8 1.38953e-6 1 0 0 0 0 1</matrix>
                  </node>
                </node>
              </node>
            </node>
            <node id="node-Bip01_R_Thigh" name="Bip01_R_Thigh">
              <matrix>-0.9349873 0.197164 0.2948306 -0.2276959 0.144441 0.9708667 -0.1911926 -0.06759393 -0.3239374 -0.136177 -0.9362266 -0.08558209 0 0 0 1</matrix>
              <node id="node-Bip01_R_Calf" name="Bip01_R_Calf">
                <matrix>0.4407842 0.8976133 0 0.4629988 -0.8976132 0.440784 -2.6077e-8 -3.72529e-9 4.47035e-8 5.96046e-8 1 2.98023e-8 0 0 0 1</matrix>
                <node id="node-Bip01_R_Foot" name="Bip01_R_Foot">
                  <matrix>0.6420202 -0.7396411 0.2018445 0.3610501 0.7144873 0.6726829 0.192369 0 -0.2780613 0.02071052 0.9603401 -5.96046e-8 0 0 0 1</matrix>
                  <node id="node-Bip01_R_Toe0" name="Bip01_R_Toe0">
                    <matrix>-0.1805802 -0.9786913 0.09774529 0.1486307 0.9833316 -0.1817873 -0.003513819 0.1543275 0.02120782 0.09548151 0.9952052 -5.96046e-8 0 0 0 1</matrix>
                  </node>
                </node>
              </node>
            </node>
          </node>
          <node id="node-Bip01_FannyPack" name="Bip01_FannyPack">
            <matrix>-0.9629918 -0.2062317 0.1735378 0.2299506 -0.2083319 0.9780385 0.006227079 -0.1378937 -0.1710108 -0.03015682 -0.9848076 0.01013962 0 0 0 1</matrix>
          </node>
        </node>
        <node id="node-EYE" name="EYE">
          <matrix>0.7792379 0.6267177 -0.003664111 0.05888727 -0.6267173 0.7792452 0.001428192 0.0682091 0.003750314 0.001183283 0.999992 0.7692668 0 0 0 1</matrix>
          <node id="node-CAM" name="CAM">
            <matrix>1 -6.03104e-8 3.55271e-15 4.84288e-8 6.03104e-8 1 -2.32831e-9 -0.104 -3.55271e-15 2.32832e-9 1 0.3005601 0 0 0 1</matrix>
          </node>
        </node>
      </node>
      <node id="node-Bounds" name="Bounds">
        <matrix>0.9999915 0.001706907 0.003750479 0 -0.001711356 0.9999978 0.001183292 0.1035326 -0.003748452 -0.0011897 0.9999923 -8.93474e-5 0 0 0 1</matrix>
        <instance_geometry url="#geom-Bounds">
          <bind_material>
            <technique_common>
              <instance_material symbol="ShapeBounds" target="#ShapeBounds-material"/>
            </technique_common>
          </bind_material>
        </instance_geometry>
      </node>
    </visual_scene>
  </library_visual_scenes>
  <library_animations>
    <animation>
      <source id="node-Bip01_Spine1_matrix-input">
        <float_array id="node-Bip01_Spine1_matrix-input-array" count="20">67.46667 67.5 67.53333 67.56667 67.6 67.63333 67.66666 67.7 67.73333 67.76667 67.8 67.83334 67.86667 67.9 67.93333 67.96667 68 68.03333 68.06667 68.1</float_array>
        <technique_common>
          <accessor source="#node-Bip01_Spine1_matrix-input-array" count="20" stride="1">
            <param name="TIME" type="float"/>
          </accessor>
        </technique_common>
      </source>
      <source id="node-Bip01_Spine1_matrix-output">
        <float_array id="node-Bip01_Spine1_matrix-output-array" count="320">0.995414 -0.05066472 0.08114248 0.1022348 0.08658856 0.837756 -0.5391353 -8.46386e-5 -0.04066246 0.543689 0.8383012 -5.49257e-5 0 0 0 1 0.9969229 -0.05207008 0.05859339 0.102235 0.07759559 0.7614766 -0.643531 -7.69347e-5 -0.01110875 0.6460974 0.7631742 -6.52671e-5 0 0 0 1 0.9974344 -0.05598139 0.04461663 0.1022356 0.07120215 0.7113605 -0.6992112 -7.18832e-5 0.007404267 0.7005943 0.7135216 -7.07805e-5 0 0 0 1 0.9974348 -0.06046694 0.03831326 0.1022359 0.06952476 0.6908798 -0.719619 -6.9797e-5 0.01704329 0.7204368 0.6933114 -7.2781e-5 0 0 0 1 0.9972342 -0.06527608 0.03553575 0.1022364 0.0706495 0.6841397 -0.725921 -6.91414e-5 0.02307385 0.726424 0.6868593 -7.33882e-5 0 0 0 1 0.9969059 -0.07019454 0.03538203 0.1022368 0.07411229 0.6892708 -0.7207032 -6.96331e-5 0.02620166 0.7210955 0.6923403 -7.28443e-5 0 0 0 1 0.9964862 -0.07515817 0.03696888 0.1022374 0.07927453 0.7038266 -0.7059348 -7.11083e-5 0.02703708 0.7063849 0.7073116 -7.13617e-5 0 0 0 1 0.9960021 -0.08015292 0.03944218 0.1022379 0.08541214 0.7250986 -0.6833278 -7.32616e-5 0.0261712 0.6839646 0.7290457 -6.90967e-5 0 0 0 1 0.9954841 -0.08514368 0.04198074 0.1022384 0.09178447 0.7503576 -0.6546291 -7.57948e-5 0.02423697 0.6555259 0.7547837 -6.62245e-5 0 0 0 1 0.9949752 -0.09003245 0.04380154 0.1022388 0.09768682 0.7770459 -0.6218176 -7.84993e-5 0.02194792 0.6229718 0.7819363 -6.29313e-5 0 0 0 1 0.9945312 -0.09464299 0.04416549 0.1022394 0.1024859 0.8029257 -0.5872028 -8.11294e-5 0.02011299 0.5885179 0.808234 -5.94556e-5 0 0 0 1 0.9942114 -0.09873038 0.04237985 0.1022399 0.1056337 0.8261677 -0.5534332 -8.34763e-5 0.01962774 0.5547065 0.8318147 -5.60433e-5 0 0 0 1 0.9940198 -0.1023933 0.03795063 0.10224 0.1073607 0.852845 -0.5110077 -8.61436e-5 0.01995778 0.5120263 0.8587379 -5.17219e-5 0 0 0 1 0.9939154 -0.1056051 0.03130018 0.1022406 0.1083171 0.88555 -0.4517394 -8.94815e-5 0.01998805 0.4523812 0.8916008 -4.57019e-5 0 0 0 1 0.993883 -0.1079681 0.02322691 0.1022407 0.1086449 0.9181278 -0.3811002 -9.27746e-5 0.01982134 0.3812926 0.9242419 -3.8527e-5 0 0 0 1 0.9939041 -0.1092747 0.01462233 0.1022409 0.1084982 0.9459407 -0.3056539 -9.55611e-5 0.01956832 0.3053772 0.9520307 -3.08566e-5 0 0 0 1 0.9939579 -0.1095747 0.006419837 0.1022409 0.108049 0.96647 -0.2329404 -9.76473e-5 0.01931977 0.2322266 0.97247 -2.34656e-5 0 0 0 1 0.9940227 -0.1091728 -4.67036e-4 0.1022409 0.1074846 0.9793828 -0.1710452 -9.89512e-5 0.01913094 0.1699726 0.9852632 -1.71773e-5 0 0 0 1 0.994077 -0.1085548 -0.005184352 0.1022407 0.1070013 0.9859687 -0.1281254 -9.96143e-5 0.01902031 0.1268118 0.9917444 -1.2815e-5 0 0 0 1 0.9940997 -0.1082492 -0.006932079 0.1022408 0.1067967 0.9879401 -0.1121099 -9.98154e-5 0.01898431 0.110708 0.9936719 -1.11908e-5 0 0 0 1</float_array>
        <technique_common>
          <accessor source="#node-Bip01_Spine1_matrix-output-array" count="20" stride="16">
            <param name="TRANSFORM" type="float4x4"/>
          </accessor>
        </technique_common>
      </source>
      <source id="node-Bip01_Spine1_matrix-interpolation">
        <Name_array id="node-Bip01_Spine1_matrix-interpolation-array" count="20">LINEAR LINEAR LINEAR LINEAR LINEAR LINEAR LINEAR LINEAR LINEAR LINEAR LINEAR LINEAR LINEAR LINEAR LINEAR LINEAR LINEAR LINEAR LINEAR LINEAR</Name_array>
        <technique_common>
          <accessor source="#node-Bip01_Spine1_matrix-interpolation-array" count="20" stride="1">
            <param name="INTERPOLATION" type="name"/>
          </accessor>
        </technique_common>
      </source>
      <source id="node-Bip01_Spine2_matrix-input">
        <float_array id="node-Bip01_Spine2_matrix-input-array" count="20">67.46667 67.5 67.53333 67.56667 67.6 67.63333 67.66666 67.7 67.73333 67.76667 67.8 67.83334 67.86667 67.9 67.93333 67.96667 68 68.03333 68.06667 68.1</float_array>
        <technique_common>
          <accessor source="#node-Bip01_Spine2_matrix-input-array" count="20" stride="1">
            <param name="TIME" type="float"/>
          </accessor>
        </technique_common>
      </source>
      <source id="node-Bip01_Spine2_matrix-output">
        <float_array id="node-Bip01_Spine2_matrix-output-array" count="320">0.9755719 -0.1711664 0.1377011 0.1268954 0.2139855 0.882223 -0.4193961 -1.51098e-4 -0.04969662 0.438617 0.897299 -7.50944e-5 0 0 0 1 0.9773243 -0.1307371 0.1665701 0.1268883 0.1890952 0.8928664 -0.4086964 -1.52916e-4 -0.09529304 0.4309265 0.8973414 -7.38054e-5 0 0 0 1 0.9770145 -0.1157993 0.1789787 0.1268857 0.1784642 0.9035141 -0.3896319 -1.54749e-4 -0.1165906 0.4126172 0.9034122 -7.06613e-5 0 0 0 1 0.9764101 -0.1254714 0.1757284 0.1268874 0.1822791 0.9152393 -0.3593205 -1.56775e-4 -0.1157491 0.3828758 0.9165197 -6.55651e-5 0 0 0 1 0.9753142 -0.1481615 0.1637386 0.1268914 0.1942377 0.9283348 -0.3169639 -1.5898e-4 -0.1050425 0.3409436 0.9341969 -5.83827e-5 0 0 0 1 0.9731826 -0.1794233 0.1439538 0.1268968 0.2126956 0.9402049 -0.2660363 -1.61052e-4 -0.08761292 0.2895204 0.9531538 -4.95762e-5 0 0 0 1 0.9695263 -0.2148474 0.1177245 0.1269026 0.2357854 0.9487769 -0.2103039 -1.62497e-4 -0.06651109 0.2316528 0.9705222 -3.96818e-5 0 0 0 1 0.9642367 -0.2503302 0.08707612 0.126909 0.2612797 0.9529466 -0.1537073 -1.63227e-4 -0.04450124 0.1709615 0.9842723 -2.92808e-5 0 0 0 1 0.9577569 -0.2823168 0.05476427 0.1269143 0.2865841 0.9528057 -0.1001555 -1.63198e-4 -0.02390414 0.1116192 0.9934635 -1.91331e-5 0 0 0 1 0.9510967 -0.3079481 0.02415573 0.1269189 0.3088251 0.9496234 -0.05331659 -1.62691e-4 -0.006520032 0.05816912 0.9982855 -9.96143e-6 0 0 0 1 0.9457016 -0.3250344 -0.001007676 0.1269218 0.3249745 0.9455787 -0.0165084 -1.61961e-4 0.006318688 0.01528459 0.9998632 -2.6077e-6 0 0 0 1 0.9431948 -0.3318107 -0.01689404 0.1269228 0.3319646 0.9432641 0.00723344 -1.61573e-4 0.01353549 -0.01243078 0.9998312 2.11224e-6 0 0 0 1 0.9450312 -0.3262662 -0.0215975 0.1269221 0.3266081 0.945045 0.01474797 -1.61901e-4 0.01559877 -0.02099126 0.9996582 3.60608e-6 0 0 0 1 0.9506009 -0.3099241 -0.01746535 0.1269191 0.3100886 0.9506773 0.007601618 -1.6281e-4 0.01424795 -0.0126419 0.9998185 2.16439e-6 0 0 0 1 0.9581841 -0.286057 -0.007397234 0.1269149 0.2859773 0.9581819 -0.01022428 -1.64121e-4 0.01001262 0.00768131 0.9999204 -1.31503e-6 0 0 0 1 0.9661535 -0.2579047 0.005703926 0.1269102 0.2579447 0.9655358 -0.03471225 -1.65373e-4 0.003445088 0.03500866 0.9993809 -5.99306e-6 0 0 0 1 0.9732429 -0.2289741 0.01921713 0.1269052 0.229734 0.9712995 -0.06164371 -1.66327e-4 -0.004550755 0.06440931 0.9979133 -1.10213e-5 0 0 0 1 0.9786629 -0.2031282 0.03095227 0.1269006 0.2050869 0.9749073 -0.08657622 -1.66953e-4 -0.01258951 0.09107679 0.9957644 -1.55978e-5 0 0 0 1 0.9820506 -0.1845118 0.0391398 0.1268974 0.1876716 0.976612 -0.1049203 -1.67251e-4 -0.01886534 0.1103826 0.9937101 -1.89058e-5 0 0 0 1 0.9832371 -0.177375 0.04222756 0.1268962 0.181074 0.9770653 -0.112053 -1.67325e-4 -0.02138364 0.117821 0.9928047 -2.01762e-5 0 0 0 1</float_array>
        <technique_common>
          <accessor source="#node-Bip01_Spine2_matrix-output-array" count="20" stride="16">
            <param name="TRANSFORM" type="float4x4"/>
          </accessor>
        </technique_common>
      </source>
      <source id="node-Bip01_Spine2_matrix-interpolation">
        <Name_array id="node-Bip01_Spine2_matrix-interpolation-array" count="20">LINEAR LINEAR LINEAR LINEAR LINEAR LINEAR LINEAR LINEAR LINEAR LINEAR LINEAR LINEAR LINEAR LINEAR LINEAR LINEAR LINEAR LINEAR LINEAR LINEAR</Name_array>
        <technique_common>
          <accessor source="#node-Bip01_Spine2_matrix-interpolation-array" count="20" stride="1">
            <param name="INTERPOLATION" type="name"/>
          </accessor>
        </technique_common>
      </source>
      <source id="node-Bip01_Neck_matrix-input">
        <float_array id="node-Bip01_Neck_matrix-input-array" count="20">67.46667 67.5 67.53333 67.56667 67.6 67.63333 67.66666 67.7 67.73333 67.76667 67.8 67.83334 67.86667 67.9 67.93333 67.96667 68 68.03333 68.06667 68.1</float_array>
        <technique_common>
          <accessor source="#node-Bip01_Neck_matrix-input-array" count="20" stride="1">
            <param name="TIME" type="float"/>
          </accessor>
        </technique_common>
      </source>
      <source id="node-Bip01_Neck_matrix-output">
        <float_array id="node-Bip01_Neck_matrix-output-array" count="320">0.9671023 -0.2158269 -0.1346557 0.215095 0.2038935 0.9741721 -0.09703797 -5.36144e-5 0.1521211 0.06639009 0.9861297 -3.69549e-6 0 0 0 1 0.9664286 -0.2212166 -0.130686 0.2150956 0.2097895 0.9730505 -0.09571313 -5.36144e-5 0.1483374 0.06508332 0.9867929 -3.57628e-6 0 0 0 1 0.9661071 -0.2236658 -0.1288834 0.2150954 0.2124655 0.9725297 -0.09510296 -5.3525e-5 0.1466143 0.06449645 0.9870889 -3.60608e-6 0 0 0 1 0.9662697 -0.2224365 -0.1297881 0.2150955 0.2111226 0.972792 -0.09540998 -5.36144e-5 0.1474795 0.06479048 0.9869407 -3.57628e-6 0 0 0 1 0.9666658 -0.2193627 -0.1320511 0.2150955 0.2077625 0.9734402 -0.09617179 -5.36442e-5 0.1496403 0.06553059 0.9865666 -3.60608e-6 0 0 0 1 0.9671576 -0.2153657 -0.1349955 0.2150951 0.2033884 0.9742664 -0.09715008 -5.37038e-5 0.1524444 0.06650298 0.9860721 -3.63588e-6 0 0 0 1 0.9676236 -0.2113677 -0.1379429 0.215095 0.199008 0.9750741 -0.0981152 -5.37634e-5 0.1552429 0.06748682 0.9855685 -3.71039e-6 0 0 0 1 0.9679645 -0.2082918 -0.1402119 0.2150948 0.1956341 0.9756825 -0.0988484 -5.37038e-5 0.1573917 0.06825155 0.9851751 -3.78489e-6 0 0 0 1 0.9680964 -0.2070612 -0.14112 0.2150946 0.1942835 0.9759228 -0.09913951 -5.37634e-5 0.1582502 0.06855928 0.985016 -3.8147e-6 0 0 0 1 0.9679309 -0.2085992 -0.1399849 0.2150948 0.1959717 0.9756222 -0.0987755 -5.37634e-5 0.1571769 0.06817471 0.9852144 -3.74019e-6 0 0 0 1 0.9673401 -0.2138281 -0.1361288 0.215095 0.2017045 0.9745793 -0.09752291 -5.36442e-5 0.1535214 0.06687998 0.9858796 -3.69549e-6 0 0 0 1 0.9661071 -0.2236658 -0.1288834 0.2150955 0.2124657 0.9725298 -0.09510302 -5.3525e-5 0.1466143 0.06449639 0.987089 -3.56138e-6 0 0 0 1 0.963343 -0.242272 -0.1152159 0.2150967 0.2327291 0.9683406 -0.09030002 -5.34058e-5 0.1334454 0.06017583 0.9892277 -3.31923e-6 0 0 0 1 0.9580395 -0.2706158 -0.09448605 0.2150983 0.2633716 0.9611681 -0.08241146 -5.29885e-5 0.1131188 0.05406844 0.9921093 -2.97278e-6 0 0 0 1 0.9498692 -0.3047939 -0.06963551 0.2151001 0.2999558 0.9512344 -0.07196986 -5.24521e-5 0.08817565 0.04747438 0.994973 -2.61888e-6 0 0 0 1 0.9390874 -0.3409072 -0.04355561 0.215102 0.3381677 0.9391832 -0.05981218 -5.17368e-5 0.06129711 0.04143977 0.997259 -2.2836e-6 0 0 0 1 0.9267728 -0.3751413 -0.01900577 0.2151038 0.3739592 0.9262437 -0.04719114 -5.10514e-5 0.03530734 0.03662806 0.9987051 -2.01352e-6 0 0 0 1 0.9148263 -0.4038449 0.001444101 0.2151055 0.4036343 0.9142212 -0.0357604 -5.03659e-5 0.01312136 0.03329741 0.9993594 -1.83657e-6 0 0 0 1 0.905743 -0.4235477 0.01540827 0.2151067 0.4238214 0.9053298 -0.02745175 -4.99189e-5 -0.002322375 0.03139466 0.9995045 -1.7304e-6 0 0 0 1 0.9021776 -0.4308738 0.02058494 0.215107 0.4312887 0.9018876 -0.02426415 -4.97103e-5 -0.008110523 0.03076863 0.9994937 -1.69501e-6 0 0 0 1</float_array>
        <technique_common>
          <accessor source="#node-Bip01_Neck_matrix-output-array" count="20" stride="16">
            <param name="TRANSFORM" type="float4x4"/>
          </accessor>
        </technique_common>
      </source>
      <source id="node-Bip01_Neck_matrix-interpolation">
        <Name_array id="node-Bip01_Neck_matrix-interpolation-array" count="20">LINEAR LINEAR LINEAR LINEAR LINEAR LINEAR LINEAR LINEAR LINEAR LINEAR LINEAR LINEAR LINEAR LINEAR LINEAR LINEAR LINEAR LINEAR LINEAR LINEAR</Name_array>
        <technique_common>
          <accessor source="#node-Bip01_Neck_matrix-interpolation-array" count="20" stride="1">
            <param name="INTERPOLATION" type="name"/>
          </accessor>
        </technique_common>
      </source>
      <source id="node-Bip01_Head_matrix-input">
        <float_array id="node-Bip01_Head_matrix-input-array" count="20">67.46667 67.5 67.53333 67.56667 67.6 67.63333 67.66666 67.7 67.73333 67.76667 67.8 67.83334 67.86667 67.9 67.93333 67.96667 68 68.03333 68.06667 68.1</float_array>
        <technique_common>
          <accessor source="#node-Bip01_Head_matrix-input-array" count="20" stride="1">
            <param name="TIME" type="float"/>
          </accessor>
        </technique_common>
      </source>
      <source id="node-Bip01_Head_matrix-output">
        <float_array id="node-Bip01_Head_matrix-output-array" count="320">0.9816691 0.1724719 0.0811147 0.07051825 -0.187407 0.7959704 0.5755952 -0.01395922 0.03470897 -0.5802453 0.8137019 0 0 0 0 1 0.9917855 0.08453631 0.09599632 0.07051825 -0.1264477 0.7612122 0.6360561 -0.01395916 -0.01930361 -0.6429697 0.7656484 0 0 0 0 1 0.9926516 0.04293787 0.1131325 0.07051825 -0.107481 0.7423797 0.6613017 -0.0139591 -0.05559235 -0.6686018 0.7415397 0 0 0 0 1 0.9901013 0.0397275 0.1346135 0.07051813 -0.1191367 0.7449266 0.6564227 -0.01395916 -0.07419914 -0.6659623 0.7422861 0 0 0 0 1 0.9856723 0.0550056 0.1594506 0.07051825 -0.1448969 0.7600417 0.6335152 -0.01395916 -0.08634203 -0.6475421 0.7571221 0 0 0 0 1 0.9788858 0.085464 0.1856846 0.07051813 -0.1812244 0.7830601 0.5949577 -0.0139591 -0.09455466 -0.6160464 0.7820144 0 0 0 0 1 0.9690575 0.1279769 0.2110688 0.07051813 -0.225134 0.8088549 0.5432022 -0.01395916 -0.1012066 -0.5739125 0.8126386 0 0 0 0 1 0.9558008 0.1791233 0.2331521 0.07051825 -0.2734771 0.8328067 0.4812935 -0.01395916 -0.1079597 -0.5237824 0.8449833 0 0 0 0 1 0.939455 0.2349334 0.2494603 0.07051825 -0.3226665 0.8515793 0.4131573 -0.01395916 -0.1153708 -0.4686352 0.8758258 0 0 0 0 1 0.9213808 0.2908872 0.2577638 0.07051813 -0.3687966 0.8636617 0.3436241 -0.01395922 -0.1226648 -0.4116709 0.9030396 0 0 0 0 1 0.9040138 0.3421076 0.2563622 0.07051801 -0.407973 0.8695663 0.2782306 -0.01395916 -0.1277391 -0.3561131 0.9256708 0 0 0 0 1 0.890586 0.3836352 0.2442955 0.07051813 -0.4365989 0.8716109 0.2228797 -0.01395922 -0.1274263 -0.3051528 0.9437394 0 0 0 0 1 0.8818195 0.4204453 0.2135882 0.07051813 -0.4576219 0.8723124 0.1722007 -0.01395922 -0.1139147 -0.2495926 0.9616271 0 0 0 0 1 0.8749681 0.456694 0.1608143 0.07051813 -0.4765689 0.870984 0.1194515 -0.01395905 -0.08551383 -0.1811553 0.9797295 0 0 0 0 1 0.8684111 0.4869431 0.09353274 0.07051813 -0.4935324 0.8670402 0.06831526 -0.01395916 -0.04783099 -0.1054873 0.9932696 0 0 0 0 1 0.8612132 0.5078343 0.02040547 0.07051813 -0.5082035 0.8609573 0.02195399 -0.0139591 -0.006419301 -0.0292772 0.9995507 0 0 0 0 1 0.8534317 0.5188364 -0.04963117 0.07051813 -0.520128 0.8539161 -0.01714527 -0.01395922 0.03348529 0.04044681 0.9986202 0 0 0 0 1 0.8460195 0.5220462 -0.1082533 0.07051813 -0.5289063 0.8473733 -0.04708105 -0.01395916 0.06715238 0.09708732 0.993008 0 0 0 0 1 0.8404662 0.5212073 -0.1481867 0.07051813 -0.5342795 0.8427068 -0.06626164 -0.01395916 0.09034192 0.1348637 0.986737 0 0 0 0 1 0.838328 0.5202503 -0.1629289 0.07051813 -0.5361 0.8409865 -0.07306492 -0.0139591 0.09900903 0.1485987 0.9839286 0 0 0 0 1</float_array>
        <technique_common>
          <accessor source="#node-Bip01_Head_matrix-output-array" count="20" stride="16">
            <param name="TRANSFORM" type="float4x4"/>
          </accessor>
        </technique_common>
      </source>
      <source id="node-Bip01_Head_matrix-interpolation">
        <Name_array id="node-Bip01_Head_matrix-interpolation-array" count="20">LINEAR LINEAR LINEAR LINEAR LINEAR LINEAR LINEAR LINEAR LINEAR LINEAR LINEAR LINEAR LINEAR LINEAR LINEAR LINEAR LINEAR LINEAR LINEAR LINEAR</Name_array>
        <technique_common>
          <accessor source="#node-Bip01_Head_matrix-interpolation-array" count="20" stride="1">
            <param name="INTERPOLATION" type="name"/>
          </accessor>
        </technique_common>
      </source>
      <source id="node-ALTEYE_matrix-input">
