<?xml version="1.0" encoding="utf-8"?>
<COLLADA xmlns="http://www.collada.org/2005/11/COLLADASchema" version="1.4.1">
  <asset>
    <contributor>
      <author>MattO</author>
      <authoring_tool>OpenCOLLADA for 3ds Max;  Version: 1.3.0;  Revision: 839M;  Platform: x64;  Configuration: Release_Max2012</authoring_tool>
      <source_data>file:///C:/Dropbox/Prj/GGStout/Turret/TP_ProxMine_PlayerAnims.max</source_data>
    </contributor>
    <created>2011-09-30T17:59:41</created>
    <modified>2011-09-30T17:59:41</modified>
    <unit name="meter" meter="1"/>
    <up_axis>Z_UP</up_axis>
  </asset>
  <library_effects>
    <effect id="ShapeBounds">
      <profile_COMMON>
        <technique sid="common">
          <blinn>
            <emission>
              <color>0 0 0 1</color>
            </emission>
            <ambient>
              <color>0.1647059 1 0 1</color>
            </ambient>
            <diffuse>
              <color>0.1647059 1 0 1</color>
            </diffuse>
            <specular>
              <color>0.9 0.9 0.9 1</color>
            </specular>
            <shininess>
              <float>10</float>
            </shininess>
            <reflective>
              <color>0 0 0 1</color>
            </reflective>
            <transparent opaque="A_ONE">
              <color>1 1 1 1</color>
            </transparent>
            <transparency>
              <float>1</float>
            </transparency>
          </blinn>
        </technique>
      </profile_COMMON>
      <extra>
        <technique profile="OpenCOLLADA3dsMax">
          <extended_shader>
            <apply_reflection_dimming>0</apply_reflection_dimming>
            <dim_level>0</dim_level>
            <falloff_type>0</falloff_type>
            <index_of_refraction>1.5</index_of_refraction>
            <opacity_type>0</opacity_type>
            <reflection_level>3</reflection_level>
            <wire_size>1</wire_size>
            <wire_units>0</wire_units>
          </extended_shader>
          <shader>
            <ambient_diffuse_lock>1</ambient_diffuse_lock>
            <ambient_diffuse_texture_lock>1</ambient_diffuse_texture_lock>
            <diffuse_specular_lock>0</diffuse_specular_lock>
            <soften>0.1</soften>
            <use_self_illum_color>0</use_self_illum_color>
          </shader>
        </technique>
      </extra>
    </effect>
  </library_effects>
  <library_materials>
    <material id="ShapeBounds-material" name="ShapeBounds">
      <instance_effect url="#ShapeBounds"/>
    </material>
  </library_materials>
  <library_geometries>
    <geometry id="geom-Bounds" name="Bounds">
      <mesh>
        <source id="geom-Bounds-positions">
          <float_array id="geom-Bounds-positions-array" count="24">-0.425 -0.425 0 0.425 -0.425 0 -0.425 0.425 0 0.425 0.425 0 -0.425 -0.425 1.84 0.425 -0.425 1.84 -0.425 0.425 1.84 0.425 0.425 1.84</float_array>
          <technique_common>
            <accessor source="#geom-Bounds-positions-array" count="8" stride="3">
              <param name="X" type="float"/>
              <param name="Y" type="float"/>
              <param name="Z" type="float"/>
            </accessor>
          </technique_common>
        </source>
        <source id="geom-Bounds-normals">
          <float_array id="geom-Bounds-normals-array" count="72">0 0 -1 0 0 -1 0 0 -1 0 0 -1 0 0 1 0 0 1 0 0 1 0 0 1 0 -1 0 0 -1 0 0 -1 0 0 -1 0 1 0 0 1 0 0 1 0 0 1 0 0 0 1 0 0 1 0 0 1 0 0 1 0 -1 0 0 -1 0 0 -1 0 0 -1 0 0</float_array>
          <technique_common>
            <accessor source="#geom-Bounds-normals-array" count="24" stride="3">
              <param name="X" type="float"/>
              <param name="Y" type="float"/>
              <param name="Z" type="float"/>
            </accessor>
          </technique_common>
        </source>
        <source id="geom-Bounds-map1">
          <float_array id="geom-Bounds-map1-array" count="36">0 0 0 1 0 0 0 1 0 1 1 0 0 0 0 1 0 0 0 1 0 1 1 0 0 0 0 1 0 0 0 1 0 1 1 0</float_array>
          <technique_common>
            <accessor source="#geom-Bounds-map1-array" count="12" stride="3">
              <param name="S" type="float"/>
              <param name="T" type="float"/>
              <param name="P" type="float"/>
            </accessor>
          </technique_common>
        </source>
        <vertices id="geom-Bounds-vertices">
          <input semantic="POSITION" source="#geom-Bounds-positions"/>
        </vertices>
        <triangles material="ShapeBounds" count="12">
          <input semantic="VERTEX" source="#geom-Bounds-vertices" offset="0"/>
          <input semantic="NORMAL" source="#geom-Bounds-normals" offset="1"/>
          <input semantic="TEXCOORD" source="#geom-Bounds-map1" offset="2" set="0"/>
          <p>0 0 9 2 1 11 3 2 10 3 2 10 1 3 8 0 0 9 4 4 8 5 5 9 7 6 11 7 6 11 6 7 10 4 4 8 0 8 4 1 9 5 5 10 7 5 10 7 4 11 6 0 8 4 1 12 0 3 13 1 7 14 3 7 14 3 5 15 2 1 12 0 3 16 4 2 17 5 6 18 7 6 18 7 7 19 6 3 16 4 2 20 0 0 21 1 4 22 3 4 22 3 6 23 2 2 20 0</p>
        </triangles>
      </mesh>
      <extra>
        <technique profile="OpenCOLLADA3dsMax">
          <max_box>
            <generateuvs>1</generateuvs>
            <height>1.84</height>
            <heightsegments>1</heightsegments>
            <length>0.85</length>
            <lengthsegments>1</lengthsegments>
            <width>0.85</width>
            <widthsegments>1</widthsegments>
          </max_box>
        </technique>
      </extra>
    </geometry>
  </library_geometries>
  <library_lights>
    <light id="EnvironmentAmbientLight" name="EnvironmentAmbientLight">
      <technique_common>
        <ambient>
          <color>0 0 0</color>
        </ambient>
      </technique_common>
    </light>
  </library_lights>
  <library_visual_scenes>
    <visual_scene id="MaxScene">
      <node name="EnvironmentAmbientLight">
        <instance_light url="#EnvironmentAmbientLight"/>
      </node>
      <node id="node-Bip01" name="Bip01">
        <matrix>0.7792376 -0.6267173 0.003750267 -8.10623e-5 0.6267178 0.7792454 0.001183462 0.009366653 -0.003664074 0.001428161 0.9999923 0.91602 0 0 0 1</matrix>
        <node id="node-Bip01_Pelvis" name="Bip01_Pelvis">
          <matrix sid="matrix">0.1747649 0.9844434 0.0181178 0 0.2778892 -0.06696887 0.9582759 0 0.9445817 -0.1624383 -0.28527 0 0 0 0 1</matrix>
          <node id="node-Bip01_Spine" name="Bip01_Spine">
            <matrix sid="matrix">0.9763409 0.1680384 0.1360946 0.1928427 -0.08478069 0.8764558 -0.4739597 -0.006234929 -0.1989243 0.4512079 0.8699659 -0.05639371 0 0 0 1</matrix>
            <node id="node-Bip01_Spine1" name="Bip01_Spine1">
              <matrix>0.9940996 -0.1082492 -0.00693207 0.1022408 0.1067967 0.9879401 -0.1121098 -9.98154e-5 0.0189843 0.1107081 0.9936717 -1.11908e-5 0 0 0 1</matrix>
              <node id="node-Bip01_Spine2" name="Bip01_Spine2">
                <matrix>0.983237 -0.177375 0.04222756 0.1268963 0.1810741 0.9770653 -0.1120531 -1.6728e-4 -0.02138368 0.117821 0.9928046 -2.01762e-5 0 0 0 1</matrix>
                <node id="node-Bip01_Neck" name="Bip01_Neck">
                  <matrix>0.9021776 -0.4308736 0.02058497 0.2151071 0.4312886 0.9018875 -0.02426414 -4.97401e-5 -0.00811054 0.03076866 0.9994936 -1.68756e-6 0 0 0 1</matrix>
                  <node id="node-Bip01_Head" name="Bip01_Head">
                    <matrix>0.8383279 0.5202501 -0.1629291 0.07051814 -0.5361 0.8409864 -0.07306501 -0.01395917 0.09900907 0.1485988 0.9839286 7.45058e-9 0 0 0 1</matrix>
                    <node id="node-ALTEYE" name="ALTEYE">
                      <matrix>0.0234562 0.2813333 0.9593238 0.06454694 0.0489449 0.9581138 -0.282175 0.2214611 -0.9985262 0.05357232 0.008703794 0.04716256 0 0 0 1</matrix>
                    </node>
                  </node>
                  <node id="node-Bip01_L_Clavicle" name="Bip01_L_Clavicle">
                    <matrix>-0.3164032 -0.4320403 0.8445294 -0.02496195 0.2105159 -0.9000475 -0.3815721 -0.01206529 0.9249714 0.05705635 0.3757294 0.06855242 0 0 0 1</matrix>
                    <node id="node-Bip01_L_UpperArm" name="Bip01_L_UpperArm">
                      <matrix sid="matrix">0.5665122 0.2718018 0.777938 0.1824007 -0.4085705 0.9124786 -0.02127833 -2.98023e-8 -0.7156355 -0.3057881 0.6279806 0 0 0 0 1</matrix>
                      <node id="node-Bip01_L_Forearm" name="Bip01_L_Forearm">
                        <matrix sid="matrix">-0.05186087 0.9986543 0 0.2843689 -0.9986543 -0.05186086 2.37487e-8 0 -6.42613e-8 0 1 -5.96046e-8 0 0 0 1</matrix>
                        <node id="node-Bip01_L_Hand" name="Bip01_L_Hand">
                          <matrix sid="matrix">0.9902745 0.06020423 -0.1254274 0.2810681 0.1316152 -0.1131359 0.9848238 0 0.04510032 -0.9917539 -0.1199594 0 0 0 0 1</matrix>
                          <node id="node-Bip01_L_Finger0" name="Bip01_L_Finger0">
                            <matrix>0.345179 0.6252525 0.6999362 0.02119678 0.5973266 0.4288769 -0.6776913 -0.004734218 -0.7239147 0.6520152 -0.2254408 -0.02572179 0 0 0 1</matrix>
                            <node id="node-Bip01_L_Finger01" name="Bip01_L_Finger01">
                              <matrix>0.9455186 -0.3255682 -1.49012e-8 0.04982859 0.3255681 0.9455187 1.49012e-8 -5.96046e-8 3.72529e-8 -2.98023e-8 1 0 0 0 0 1</matrix>
                              <node id="node-Bip01_L_Finger02" name="Bip01_L_Finger02">
                                <matrix>0.9203135 0.3911815 -1.49012e-8 0.05202237 -0.3911815 0.9203135 2.98023e-8 1.19209e-7 1.49012e-8 1.49012e-8 0.9999999 0 0 0 0 1</matrix>
                              </node>
                            </node>
                          </node>
                          <node id="node-Bip01_L_Finger1" name="Bip01_L_Finger1">
                            <matrix>0.9541453 -0.2819768 -0.1004766 0.1199946 0.2718616 0.9567645 -0.1034069 -0.008367538 0.1252908 0.07134949 0.9895511 -0.04101396 0 0 0 1</matrix>
                            <node id="node-Bip01_L_Finger11" name="Bip01_L_Finger11">
                              <matrix>0.9363124 -0.3511683 0 0.03644168 0.3511683 0.9363125 0 1.19209e-7 2.98023e-8 3.72529e-8 1 1.19209e-7 0 0 0 1</matrix>
                              <node id="node-Bip01_L_Finger12" name="Bip01_L_Finger12">
                                <matrix>0.7785826 -0.6275421 0 0.03117548 0.6275421 0.7785826 -1.49012e-8 -5.96046e-8 -2.98023e-8 -2.23517e-8 1 0 0 0 0 1</matrix>
                              </node>
                            </node>
                          </node>
                          <node id="node-Bip01_L_Finger2" name="Bip01_L_Finger2">
                            <matrix>0.7812487 -0.6233675 -0.03260919 0.1229537 0.6235424 0.7769018 0.08728345 -0.008801997 -0.02907558 -0.08852329 0.9956496 -0.01328254 0 0 0 1</matrix>
                            <node id="node-Bip01_L_Finger21" name="Bip01_L_Finger21">
                              <matrix>0.7620707 -0.647494 0 0.03895521 0.647494 0.7620707 -5.58794e-9 0 2.23517e-8 -7.45058e-9 1 1.19209e-7 0 0 0 1</matrix>
                              <node id="node-Bip01_L_Finger22" name="Bip01_L_Finger22">
                                <matrix>0.9762961 -0.2164396 7.45058e-9 0.03800538 0.2164397 0.9762961 -7.45058e-9 -1.19209e-7 -1.49012e-8 -1.49012e-8 1 1.19209e-7 0 0 0 1</matrix>
                              </node>
                            </node>
                          </node>
                          <node id="node-Bip01_L_Finger3" name="Bip01_L_Finger3">
                            <matrix>0.4124632 -0.9064788 -0.09038848 0.1211881 0.9061532 0.3980613 0.1429456 -0.001191258 -0.09359704 -0.1408656 0.9855945 0.01196861 0 0 0 1</matrix>
                            <node id="node-Bip01_L_Finger31" name="Bip01_L_Finger31">
                              <matrix>0.9381478 -0.3462351 0 0.03155845 0.3462351 0.9381478 1.49012e-8 -2.98023e-8 3.72529e-9 0 0.9999999 1.19209e-7 0 0 0 1</matrix>
                              <node id="node-Bip01_L_Finger32" name="Bip01_L_Finger32">
                                <matrix>0.9636304 -0.2672383 3.72529e-9 0.03366596 0.2672385 0.9636306 1.49012e-8 -2.98023e-8 2.7474e-8 1.49012e-8 1 0 0 0 0 1</matrix>
                              </node>
                            </node>
                          </node>
                          <node id="node-Bip01_L_Finger4" name="Bip01_L_Finger4">
                            <matrix>0.07120572 -0.9696805 0.2337719 0.1136797 0.9750153 0.1171045 0.1887628 0.005147457 -0.2104155 0.2144902 0.953792 0.03886569 0 0 0 1</matrix>
                            <node id="node-Bip01_L_Finger41" name="Bip01_L_Finger41">
                              <matrix>0.9790112 -0.2038069 -7.45058e-9 0.03661622 0.2038069 0.9790112 0 0 9.31323e-10 -2.98023e-8 1 0 0 0 0 1</matrix>
                              <node id="node-Bip01_L_Finger42" name="Bip01_L_Finger42">
                                <matrix>0.9645153 0.2640274 2.79397e-9 0.0177263 -0.2640274 0.9645153 0 0 -1.11759e-8 0 1 0 0 0 0 1</matrix>
                              </node>
                            </node>
                          </node>
                        </node>
                      </node>
                    </node>
                  </node>
                  <node id="node-Bip01_R_Clavicle" name="Bip01_R_Clavicle">
                    <matrix>-0.3137373 -0.431816 -0.845638 -0.02385306 0.06845215 -0.8985736 0.4334506 -0.01627064 -0.9470391 0.07810403 0.3114749 -0.06807299 0 0 0 1</matrix>
                    <node id="node-Bip01_R_UpperArm" name="Bip01_R_UpperArm">
                      <matrix sid="matrix">0.3783983 0.6748781 -0.6335254 0.1824007 -0.7461525 0.6274219 0.2227069 0 0.5477878 0.3884346 0.7409773 0 0 0 0 1</matrix>
                      <node id="node-Bip01_R_Forearm" name="Bip01_R_Forearm">
                        <matrix>0.2261934 0.9740825 2.98023e-8 0.284369 -0.9740825 0.2261934 -7.45058e-9 2.98023e-8 -3.35276e-8 2.98023e-8 1 0 0 0 0 1</matrix>
                        <node id="node-Bip01_R_Hand" name="Bip01_R_Hand">
                          <matrix sid="matrix">0.9522919 0.3046692 0.0177963 0.281068 0.1062854 -0.2764204 -0.9551413 -1.19209e-7 -0.2860829 0.9114649 -0.2956148 0 0 0 0 1</matrix>
                          <node id="node-Bip01_R_Finger0" name="Bip01_R_Finger0">
                            <matrix>0.466874 0.3554856 -0.8097274 0.02119678 0.6514513 0.4809566 0.5867639 -0.004734248 0.5980298 -0.801443 -0.007035494 0.02572203 0 0 0 1</matrix>
                            <node id="node-Bip01_R_Finger01" name="Bip01_R_Finger01">
                              <matrix>0.8647896 -0.4978738 0.06527565 0.04982859 0.4938732 0.866828 0.06854743 -5.96046e-8 -0.09071074 -0.02704118 0.9955102 0 0 0 0 1</matrix>
                              <node id="node-Bip01_R_Finger02" name="Bip01_R_Finger02">
                                <matrix>0.8489718 0.5284382 1.86265e-9 0.05202234 -0.5284381 0.8489717 -7.45058e-9 -1.19209e-7 -7.45058e-9 -4.47035e-8 0.9999999 0 0 0 0 1</matrix>
                              </node>
                            </node>
                          </node>
                          <node id="node-Bip01_R_Finger1" name="Bip01_R_Finger1">
                            <matrix>0.9820225 -0.1733427 -0.07472669 0.1199946 0.1795577 0.9799357 0.08651493 -0.008367568 0.05823062 -0.09837736 0.993444 0.04101384 0 0 0 1</matrix>
                            <node id="node-Bip01_R_Finger11" name="Bip01_R_Finger11">
                              <matrix>0.9425995 -0.3339258 0 0.0364418 0.3339258 0.9425995 0 5.96046e-8 -7.45058e-9 1.49012e-8 1 -2.38419e-7 0 0 0 1</matrix>
                              <node id="node-Bip01_R_Finger12" name="Bip01_R_Finger12">
                                <matrix>0.9832969 -0.1810849 0.0183183 0.03117535 0.181519 0.9830508 -0.02573051 0 -0.01334843 0.02862583 0.999501 2.38419e-7 0 0 0 1</matrix>
                              </node>
                            </node>
                          </node>
                          <node id="node-Bip01_R_Finger2" name="Bip01_R_Finger2">
                            <matrix>0.9536399 -0.3009501 -1.52126e-4 0.1229538 0.3006933 0.9528467 -0.04082683 -0.008802027 0.01243179 0.03888837 0.9991661 0.01328242 0 0 0 1</matrix>
                            <node id="node-Bip01_R_Finger21" name="Bip01_R_Finger21">
                              <matrix>0.9579762 -0.2847231 -0.0348487 0.03895521 0.2827407 0.9577504 -0.05265062 -2.98023e-8 0.0483672 0.04058488 0.9980049 0 0 0 0 1</matrix>
                              <node id="node-Bip01_R_Finger22" name="Bip01_R_Finger22">
                                <matrix>0.9719918 -0.234256 0.01886613 0.03800541 0.2315868 0.9683847 0.09272986 0 -0.03999219 -0.08576352 0.9955124 0 0 0 0 1</matrix>
                              </node>
                            </node>
                          </node>
                          <node id="node-Bip01_R_Finger3" name="Bip01_R_Finger3">
                            <matrix>0.942517 -0.3272581 0.06755454 0.121188 0.3338162 0.9129714 -0.234627 -0.001191258 0.01510826 0.2436908 0.9697352 -0.01196873 0 0 0 1</matrix>
                            <node id="node-Bip01_R_Finger31" name="Bip01_R_Finger31">
                              <matrix>0.6606858 -0.7494743 0.04222351 0.03155833 0.745077 0.6615805 0.08468727 5.96046e-8 -0.09140516 -0.0244919 0.9955125 2.38419e-7 0 0 0 1</matrix>
                              <node id="node-Bip01_R_Finger32" name="Bip01_R_Finger32">
                                <matrix>0.8335401 -0.5515912 -0.03095105 0.03366597 0.5520073 0.8338153 0.006297078 -5.96046e-8 0.02233403 -0.02233407 0.999501 0 0 0 0 1</matrix>
                              </node>
                            </node>
                          </node>
                          <node id="node-Bip01_R_Finger4" name="Bip01_R_Finger4">
                            <matrix>0.7372703 -0.6748958 -0.03078973 0.1136796 0.6745099 0.7379035 -0.02312396 0.005147368 0.03832612 -0.003719337 0.9992583 -0.03886569 0 0 0 1</matrix>
                            <node id="node-Bip01_R_Finger41" name="Bip01_R_Finger41">
                              <matrix>0.4202556 -0.9064696 0.0412062 0.03661618 0.906853 0.4211512 0.01578783 5.96046e-8 -0.03166524 0.03073305 0.999026 -1.19209e-7 0 0 0 1</matrix>
                              <node id="node-Bip01_R_Finger42" name="Bip01_R_Finger42">
                                <matrix>0.402447 -0.9138247 -0.05441487 0.0177263 0.9154231 0.4021218 0.01728318 -5.96046e-8 0.006087616 -0.05676818 0.9983689 0 0 0 0 1</matrix>
                              </node>
                            </node>
                          </node>
                          <node id="node-MOUNT0" name="MOUNT0">
                            <matrix>-6.23986e-7 1 0 0.109539 -1 -6.83358e-7 4.84288e-7 0.0251826 4.73112e-7 0 0.9999999 0.01321661 0 0 0 1</matrix>
                          </node>
                        </node>
                      </node>
                    </node>
                  </node>
                </node>
                <node id="node-Bip01_L_Pauldron_Upper" name="Bip01_L_Pauldron_Upper">
                  <matrix>0.9726135 0.1182849 0.2000786 0.176903 0.1284546 -0.9909644 -0.03858749 -0.03908369 0.1937064 0.06323179 -0.9790197 0.2290199 0 0 0 1</matrix>
                </node>
                <node id="node-Bip01_R_Pauldron_Lower" name="Bip01_R_Pauldron_Lower">
                  <matrix sid="matrix">-0.3436331 -0.7757341 -0.5292951 0.1906282 0.7213452 -0.5789208 0.3801478 -0.1308313 -0.6013133 -0.2511731 0.7585081 -0.2272985 0 0 0 1</matrix>
                </node>
                <node id="node-Bip01_L_Pauldron_Lower" name="Bip01_L_Pauldron_Lower">
                  <matrix sid="matrix">-0.6963174 -0.3999606 0.5959645 0.1906877 0.2072264 -0.9070119 -0.3665883 -0.05679908 0.6871677 -0.1317622 0.7144505 0.2611732 0 0 0 1</matrix>
                </node>
              </node>
            </node>
            <node id="node-Bip01_L_Thigh" name="Bip01_L_Thigh">
              <matrix sid="matrix">-0.9566793 0.2911387 0.001707398 -0.2253874 0.2781166 0.9121228 0.3011362 0.05602793 0.08611506 0.2885657 -0.9535796 0.1307694 0 0 0 1</matrix>
              <node id="node-Bip01_L_Calf" name="Bip01_L_Calf">
                <matrix sid="matrix">0.6778272 0.7352213 1.86265e-9 0.4629988 -0.7352212 0.6778272 9.0804e-9 1.49012e-8 2.42144e-8 -2.44472e-8 1 0 0 0 0 1</matrix>
                <node id="node-Bip01_L_Foot" name="Bip01_L_Foot">
                  <matrix sid="matrix">0.879051 0.4765863 -0.01161127 0.3610501 -0.4757413 0.8785379 0.04290778 -4.47035e-8 0.03065026 -0.03219417 0.9990116 0 0 0 0 1</matrix>
                  <node id="node-Bip01_L_Toe0" name="Bip01_L_Toe0">
                    <matrix>4.47035e-7 -1 1.39e-6 0.1486307 1 5.36442e-7 1.95578e-8 0.1543275 -2.70084e-8 1.37929e-6 1 7.45058e-9 0 0 0 1</matrix>
                  </node>
                </node>
              </node>
            </node>
            <node id="node-Bip01_R_Thigh" name="Bip01_R_Thigh">
              <matrix sid="matrix">-0.4076221 0.9130508 0.01350925 -0.1746667 0.9010062 0.4045616 -0.1565801 -0.05901811 -0.1484309 -0.05165354 -0.9875728 -0.09104812 0 0 0 1</matrix>
              <node id="node-Bip01_R_Calf" name="Bip01_R_Calf">
                <matrix sid="matrix">-0.3497473 0.9368442 7.45058e-9 0.4629988 -0.9368439 -0.3497475 7.45058e-9 -5.96046e-8 1.86265e-8 -4.09782e-8 0.9999999 -4.47035e-8 0 0 0 1</matrix>
                <node id="node-Bip01_R_Foot" name="Bip01_R_Foot">
                  <matrix sid="matrix">0.8885843 0.4383276 -0.1352312 0.3610501 -0.4156691 0.8940979 0.1667576 2.98023e-8 0.1940043 -0.09196678 0.9766803 1.49012e-8 0 0 0 1</matrix>
                  <node id="node-Bip01_R_Toe0" name="Bip01_R_Toe0">
                    <matrix>-0.2644269 -0.9539025 0.1419446 0.1486306 0.9630893 -0.2535029 0.09052613 0.1543275 -0.05036974 0.1606429 0.9857264 -1.49012e-8 0 0 0 1</matrix>
                  </node>
                </node>
              </node>
            </node>
          </node>
          <node id="node-Bip01_FannyPack" name="Bip01_FannyPack">
            <matrix sid="matrix">-0.8322091 -0.4771122 0.2824754 0.2028495 -0.4932149 0.8697607 0.0159855 -0.1504242 -0.2533128 -0.1260178 -0.9591415 -0.008565128 0 0 0 1</matrix>
          </node>
        </node>
        <node id="node-EYE" name="EYE">
          <matrix>0.7792379 0.6267177 -0.003664111 0.05982313 -0.6267173 0.7792452 0.001428192 0.07218308 0.003750314 0.001183283 0.999992 0.6543757 0 0 0 1</matrix>
          <node id="node-CAM" name="CAM">
            <matrix>1 -6.03104e-8 3.55271e-15 4.84288e-8 6.03104e-8 1 -2.32831e-9 -0.104 -3.55271e-15 2.32832e-9 1 0.3005601 0 0 0 1</matrix>
          </node>
        </node>
      </node>
      <node id="node-Bounds" name="Bounds">
        <matrix>0.9999915 0.001706907 0.003750479 0 -0.001711356 0.9999978 0.001183292 0.1035326 -0.003748452 -0.0011897 0.9999923 -8.93474e-5 0 0 0 1</matrix>
        <instance_geometry url="#geom-Bounds">
          <bind_material>
            <technique_common>
              <instance_material symbol="ShapeBounds" target="#ShapeBounds-material"/>
            </technique_common>
          </bind_material>
        </instance_geometry>
      </node>
    </visual_scene>
  </library_visual_scenes>
  <library_animations>
    <animation>
      <source id="node-Bip01_Pelvis_matrix-input">
        <float_array id="node-Bip01_Pelvis_matrix-input-array" count="31">33 33.03333 33.06667 33.1 33.13334 33.16667 33.2 33.23333 33.26667 33.3 33.33333 33.36666 33.4 33.43333 33.46667 33.5 33.53333 33.56667 33.6 33.63334 33.66667 33.7 33.73333 33.76667 33.8 33.83333 33.86666 33.9 33.93333 33.96667 34</float_array>
        <technique_common>
          <accessor source="#node-Bip01_Pelvis_matrix-input-array" count="31" stride="1">
            <param name="TIME" type="float"/>
          </accessor>
        </technique_common>
      </source>
      <source id="node-Bip01_Pelvis_matrix-output">
        <float_array id="node-Bip01_Pelvis_matrix-output-array" count="496">0.1747649 0.9844434 0.01811778 0 0.2778892 -0.06696885 0.9582759 0 0.9445818 -0.1624383 -0.28527 0 0 0 0 1 0.1837748 0.9828993 -0.01165413 0 0.2790477 -0.0407986 0.9594102 0 0.9425281 -0.1795675 -0.2817736 0 0 0 0 1 0.1975269 0.9790896 -0.04864776 0 0.2830118 -0.009443223 0.95907 0 0.938556 -0.2032101 -0.2789592 0 0 0 0 1 0.2137441 0.9726677 -0.0907247 0 0.2887697 0.02581083 0.9570506 0 0.9332339 -0.2307625 -0.27536 0 0 0 0 1 0.2302617 0.963624 -0.1356774 0 0.2951644 0.06369614 0.9533209 0 0.927285 -0.2595605 -0.2697607 0 0 0 0 1 0.2451038 0.9523971 -0.1812843 0 0.3008621 0.1030352 0.9480853 0 0.9216322 -0.2869208 -0.2612859 0 0 0 0 1 0.2565086 0.9399042 -0.2253516 0 0.304339 0.1427508 0.9418067 0 0.9173773 -0.3101648 -0.2494327 0 0 0 0 1 0.2629225 0.9274771 -0.2658162 0 0.3038904 0.181878 0.935185 0 0.9157086 -0.3266602 -0.2340314 0 0 0 0 1 0.2629239 0.9167334 -0.3007838 0 0.2976483 0.2194759 0.9291049 0 0.9177563 -0.3338117 -0.2151586 0 0 0 0 1 0.2550977 0.9093707 -0.3285879 0 0.2836105 0.2545131 0.9245476 0 0.9243864 -0.3290409 -0.1929813 0 0 0 0 1 0.2303026 0.9080159 -0.3499539 0 0.250437 0.2922035 0.9229835 0 0.9403415 -0.3002069 -0.1601055 0 0 0 0 1 0.1864231 0.911247 -0.3672537 0 0.19384 0.3323441 0.9230241 0 0.9631576 -0.2432614 -0.1146795 0 0 0 0 1 0.13222 0.9150715 -0.3810012 0 0.1236683 0.3661436 0.9223041 0 0.9834754 -0.1690649 -0.06475377 0 0 0 0 1 0.07642018 0.9174599 -0.3904193 0 0.05183494 0.3873792 0.9204621 0 0.9957274 -0.09057921 -0.01795285 0 0 0 0 1 0.02766889 0.9190433 -0.3931843 0 -0.008418202 0.3935352 0.9192711 0 0.9995816 -0.0221253 0.01862543 0 0 0 0 1 -0.005489885 0.9225638 -0.3858054 0 -0.04379582 0.3852193 0.9217852 0 0.9990254 0.02195715 0.0382896 0 0 0 0 1 -0.02628618 0.9301423 -0.3662573 0 -0.05695247 0.3643953 0.9295013 0 0.9980307 0.04529231 0.04339534 0 0 0 0 1 -0.04360216 0.9406475 -0.3365728 0 -0.05983096 0.3338299 0.9407325 0 0.9972557 0.06115543 0.04172408 0 0 0 0 1 -0.05700629 0.9525223 -0.2990847 0 -0.05385118 0.2962021 0.9536058 0 0.9969204 0.07046765 0.03440898 0 0 0 0 1 -0.06600165 0.9643281 -0.2563498 0 -0.04063892 0.254099 0.966324 0 0.9969915 0.07419675 0.02241826 0 0 0 0 1 -0.07019001 0.9749248 -0.2111761 0 -0.02197378 0.2101357 0.9774253 0 0.9972916 0.07324588 0.006673395 0 0 0 0 1 -0.06939685 0.9835813 -0.166589 0 2.77089e-4 0.1670107 0.9859551 0 0.997589 0.068376 -0.01186251 0 0 0 0 1 -0.06374549 0.9900117 -0.125751 0 0.02423983 0.1275061 0.9915416 0 0.9976717 0.06015813 -0.03212565 0 0 0 0 1 -0.05367696 0.994324 -0.0918619 0 0.04811728 0.09446322 0.9943648 0 0.9973983 0.04895436 -0.05291467 0 0 0 0 1 -0.03473198 0.9973237 -0.06433558 0 0.07626432 0.06683158 0.9948454 0 0.9964824 0.02964645 -0.07838141 0 0 0 0 1 -0.004459261 0.9991551 -0.04085725 0 0.1116177 0.0410996 0.992901 0 0.9937412 -1.32775e-4 -0.1117066 0 0 0 0 1 0.03323692 0.9992089 -0.02183616 0 0.1505353 0.01659417 0.9884654 0 0.9880458 -0.03614062 -0.1498646 0 0 0 0 1 0.07420742 0.9972163 -0.007273674 0 0.1895989 -0.006947398 0.9818372 0 0.9790534 -0.07423865 -0.1895866 0 0 0 0 1 0.1142163 0.9934501 0.003396689 0 0.2256744 -0.02927488 0.9737628 0 0.9674841 -0.110453 -0.2275399 0 0 0 0 1 0.1490775 0.9887606 0.01132291 0 0.2559404 -0.04964435 0.965417 0 0.9551286 -0.1410239 -0.2604647 0 0 0 0 1 0.1747649 0.9844434 0.01811778 0 0.2778892 -0.06696885 0.9582759 0 0.9445818 -0.1624383 -0.28527 0 0 0 0 1</float_array>
        <technique_common>
          <accessor source="#node-Bip01_Pelvis_matrix-output-array" count="31" stride="16">
            <param name="TRANSFORM" type="float4x4"/>
          </accessor>
        </technique_common>
      </source>
      <source id="node-Bip01_Pelvis_matrix-interpolation">
        <Name_array id="node-Bip01_Pelvis_matrix-interpolation-array" count="31">LINEAR LINEAR LINEAR LINEAR LINEAR LINEAR LINEAR LINEAR LINEAR LINEAR LINEAR LINEAR LINEAR LINEAR LINEAR LINEAR LINEAR LINEAR LINEAR LINEAR LINEAR LINEAR LINEAR LINEAR LINEAR LINEAR LINEAR LINEAR LINEAR LINEAR LINEAR</Name_array>
        <technique_common>
          <accessor source="#node-Bip01_Pelvis_matrix-interpolation-array" count="31" stride="1">
            <param name="INTERPOLATION" type="name"/>
          </accessor>
        </technique_common>
      </source>
      <source id="node-Bip01_Spine_matrix-input">
        <float_array id="node-Bip01_Spine_matrix-input-array" count="31">33 33.03333 33.06667 33.1 33.13334 33.16667 33.2 33.23333 33.26667 33.3 33.33333 33.36666 33.4 33.43333 33.46667 33.5 33.53333 33.56667 33.6 33.63334 33.66667 33.7 33.73333 33.76667 33.8 33.83333 33.86666 33.9 33.93333 33.96667 34</float_array>
        <technique_common>
          <accessor source="#node-Bip01_Spine_matrix-input-array" count="31" stride="1">
            <param name="TIME" type="float"/>
          </accessor>
        </technique_common>
      </source>
      <source id="node-Bip01_Spine_matrix-output">
        <float_array id="node-Bip01_Spine_matrix-output-array" count="496">0.9763409 0.1680384 0.1360946 0.1928427 -0.08478069 0.8764558 -0.4739597 -0.006234884 -0.1989243 0.4512079 0.8699659 -0.05639368 0 0 0 1 0.9751548 0.1768684 0.133381 0.1926726 -0.09965455 0.8879916 -0.4489321 -0.009689927 -0.197843 0.4244865 0.8835548 -0.05648726 0 0 0 1 0.9727032 0.191363 0.131258 0.192246 -0.120736 0.9003993 -0.4179764 -0.014503 -0.1981698 0.3907194 0.8989254 -0.05690836 0 0 0 1 0.9692721 0.2089828 0.1297602 0.1916158 -0.1455805 0.9125331 -0.3822168 -0.02016466 -0.1982873 0.3515815 0.9149168 -0.05730795 0 0 0 1 0.965299 0.2272112 0.128736 0.1908687 -0.1716534 0.9235525 -0.3429079 -0.02614414 -0.1968071 0.3089107 0.9305058 -0.05738532 0 0 0 1 0.9614194 0.2436048 0.1277853 0.190136 -0.1963561 0.9330558 -0.301415 -0.03189522 -0.1926569 0.2646949 0.9448914 -0.05690699 0 0 0 1 0.9584485 0.2558132 0.1262367 0.1895909 -0.2170453 0.9411153 -0.2592169 -0.03685969 -0.1851145 0.221047 0.9575338 -0.0557146 0 0 0 1 0.9572895 0.2615869 0.1231637 0.1894288 -0.2310803 0.948228 -0.2178659 -0.04047769 -0.1737781 0.1801001 0.9681762 -0.05371963 0 0 0 1 0.9587831 0.258734 0.1174377 0.1898369 -0.2358306 0.955164 -0.1790137 -0.04218912 -0.1584892 0.1439399 0.9768125 -0.05088704 0 0 0 1 0.9634987 0.2450413 0.1078179 0.1909506 -0.2286835 0.9627278 -0.1444264 -0.04143512 -0.1391897 0.1144985 0.983624 -0.04720586 0 0 0 1 0.9744011 0.2069784 0.08776295 0.1934729 -0.1969165 0.9741127 -0.1110341 -0.03572702 -0.1084726 0.09090983 0.989934 -0.04122221 0 0 0 1 0.988497 0.141115 0.0544086 0.1968564 -0.1366468 0.9874981 -0.0785855 -0.02429592 -0.06481796 0.07024687 0.9954217 -0.03263002 0 0 0 1 0.9980775 0.06053072 0.01330822 0.1994686 -0.05974924 0.9968133 -0.05285358 -0.009411454 -0.01646512 0.05195677 0.9985136 -0.02304685 0 0 0 1 0.9993739 -0.02128356 -0.02826708 0.2004313 0.0202012 0.9990723 -0.03803896 0.006289899 0.02905046 0.03744411 0.9988763 -0.01397144 0 0 0 1 0.9939224 -0.09093981 -0.06203496 0.1999073 0.08882302 0.9953943 -0.03607332 0.0199716 0.06502974 0.03034394 0.9974219 -0.006756305 0 0 0 1 0.9875437 -0.1356044 -0.07980513 0.1989176 0.1321619 0.990115 -0.04696732 0.028849 0.0853852 0.03583508 0.9957035 -0.002642333 0 0 0 1 0.9836822 -0.1597477 -0.08276534 0.1981678 0.1541628 0.9855623 -0.0700072 0.03370052 0.09275388 0.05610549 0.994107 -0.001106381 0 0 0 1 0.9812172 -0.1764614 -0.07793754 0.1975539 0.1681489 0.9803892 -0.1027772 0.03714126 0.0945453 0.08774161 0.9916465 -6.51937e-4 0 0 0 1 0.9802806 -0.1859785 -0.06679803 0.1971311 0.1751361 0.9742166 -0.1422315 0.03931325 0.09152776 0.1277282 0.987577 -0.001114904 0 0 0 1 0.9807406 -0.1885314 -0.05102604 0.1969061 0.1761884 0.9667275 -0.1854608 0.04037106 0.08429348 0.1728988 0.981326 -0.002370238 0 0 0 1 0.9823003 -0.1844896 -0.03239136 0.1968541 0.1723328 0.9578936 -0.2296541 0.04046434 0.07339632 0.2200073 0.9727329 -0.004308879 0 0 0 1 0.984584 -0.1744551 -0.01264518 0.1969335 0.1644971 0.9481062 -0.2720953 0.03972524 0.05945736 0.2658205 0.9621874 -0.006819128 0 0 0 1 0.9872078 -0.1593025 0.006581723 0.1970992 0.1534641 0.9382121 -0.3101725 0.03825986 0.04323613 0.3072147 0.9506574 -0.009772956 0 0 0 1 0.98984 -0.1401689 0.02386051 0.1973112 0.1398481 0.9294629 -0.3413816 0.036143 0.02567356 0.3412501 0.9396219 -0.01301586 0 0 0 1 0.9929449 -0.111176 0.0412324 0.1976307 0.1185443 0.9227174 -0.3667969 0.03237634 0.002733111 0.3690971 0.9293868 -0.01735967 0 0 0 1 0.9958068 -0.06874966 0.06035375 0.1978867 0.08691155 0.9168951 -0.3895512 0.02649217 -0.02855652 0.3931632 0.9190253 -0.0233767 0 0 0 1 0.9966636 -0.01780915 0.07965022 0.1977511 0.04905259 0.9106876 -0.4101731 0.01931965 -0.06523162 0.4127117 0.9085229 -0.0304749 0 0 0 1 0.994534 0.03651118 0.09782081 0.1970453 0.009030938 0.9032779 -0.4289613 0.01167631 -0.1040213 0.4275001 0.8980106 -0.03800296 0 0 0 1 0.9895077 0.08899915 0.1138131 0.1958009 -0.02916401 0.8945698 -0.445976 0.004361152 -0.1415051 0.4379774 0.8877793 -0.04528188 0 0 0 1 0.9827686 0.1344984 0.1267898 0.1942632 -0.06166446 0.8852197 -0.4610682 -0.001854002 -0.1742497 0.445305 0.87826 -0.05163168 0 0 0 1 0.9763409 0.1680384 0.1360946 0.1928427 -0.08478069 0.8764558 -0.4739597 -0.006234884 -0.1989243 0.4512079 0.8699659 -0.05639368 0 0 0 1</float_array>
        <technique_common>
          <accessor source="#node-Bip01_Spine_matrix-output-array" count="31" stride="16">
            <param name="TRANSFORM" type="float4x4"/>
          </accessor>
        </technique_common>
      </source>
      <source id="node-Bip01_Spine_matrix-interpolation">
        <Name_array id="node-Bip01_Spine_matrix-interpolation-array" count="31">LINEAR LINEAR LINEAR LINEAR LINEAR LINEAR LINEAR LINEAR LINEAR LINEAR LINEAR LINEAR LINEAR LINEAR LINEAR LINEAR LINEAR LINEAR LINEAR LINEAR LINEAR LINEAR LINEAR LINEAR LINEAR LINEAR LINEAR LINEAR LINEAR LINEAR LINEAR</Name_array>
        <technique_common>
          <accessor source="#node-Bip01_Spine_matrix-interpolation-array" count="31" stride="1">
            <param name="INTERPOLATION" type="name"/>
          </accessor>
        </technique_common>
      </source>
      <source id="node-Bip01_L_UpperArm_matrix-input">
        <float_array id="node-Bip01_L_UpperArm_matrix-input-array" count="31">33 33.03333 33.06667 33.1 33.13334 33.16667 33.2 33.23333 33.26667 33.3 33.33333 33.36666 33.4 33.43333 33.46667 33.5 33.53333 33.56667 33.6 33.63334 33.66667 33.7 33.73333 33.76667 33.8 33.83333 33.86666 33.9 33.93333 33.96667 34</float_array>
        <technique_common>
          <accessor source="#node-Bip01_L_UpperArm_matrix-input-array" count="31" stride="1">
            <param name="TIME" type="float"/>
          </accessor>
        </technique_common>
      </source>
      <source id="node-Bip01_L_UpperArm_matrix-output">
        <float_array id="node-Bip01_L_UpperArm_matrix-output-array" count="496">0.5665122 0.2718018 0.777938 0.1824007 -0.4085705 0.9124786 -0.02127832 0 -0.7156355 -0.305788 0.6279806 0 0 0 0 1 0.5665106 0.2718035 0.7779387 0.1824007 -0.4085701 0.9124789 -0.02128154 0 -0.7156373 -0.3057862 0.6279796 0 0 0 0 1 0.5665056 0.2718083 0.7779406 0.1824007 -0.4085686 0.9124793 -0.02129077 0 -0.7156419 -0.3057807 0.627977 0 0 0 0 1 0.5664977 0.2718158 0.7779437 0.1824007 -0.4085663 0.9124799 -0.02130568 0 -0.7156494 -0.305772 0.6279726 0 0 0 0 1 0.566487 0.271826 0.7779478 0.1824007 -0.4085632 0.9124808 -0.0213257 0 -0.7156597 -0.3057602 0.6279667 0 0 0 0 1 0.5664737 0.2718389 0.7779532 0.1824007 -0.4085594 0.9124822 -0.02135068 0 -0.7156724 -0.3057454 0.6279595 1.19209e-7 0 0 0 1 0.5664582 0.2718537 0.7779592 0.1824007 -0.4085549 0.9124834 -0.02137994 0 -0.7156872 -0.3057281 0.6279509 0 0 0 0 1 0.5664406 0.2718706 0.777966 0.1824006 -0.4085498 0.9124848 -0.02141302 0 -0.715704 -0.3057086 0.6279411 0 0 0 0 1 0.5664212 0.2718892 0.7779737 0.1824007 -0.4085441 0.9124864 -0.02144962 0 -0.7157226 -0.3056871 0.6279305 0 0 0 0 1 0.5664002 0.2719095 0.7779819 0.1824006 -0.408538 0.9124884 -0.0214892 0 -0.7157428 -0.3056637 0.6279188 -1.19209e-7 0 0 0 1 0.5663777 0.2719311 0.7779907 0.1824007 -0.4085315 0.9124903 -0.0215314 0 -0.7157642 -0.3056388 0.6279065 1.19209e-7 0 0 0 1 0.5663542 0.2719538 0.778 0.1824007 -0.4085247 0.9124923 -0.02157586 0 -0.7157868 -0.3056126 0.6278936 0 0 0 0 1 0.5663296 0.2719773 0.7780096 0.1824007 -0.4085177 0.9124944 -0.02162218 0 -0.7158103 -0.3055854 0.6278801 0 0 0 0 1 0.5663044 0.2720015 0.7780195 0.1824007 -0.4085103 0.9124965 -0.02166956 0 -0.7158344 -0.3055574 0.6278662 0 0 0 0 1 0.5662786 0.2720262 0.7780296 0.1824007 -0.4085028 0.9124987 -0.02171784 0 -0.7158589 -0.3055289 0.627852 1.19209e-7 0 0 0 1 0.5662528 0.2720511 0.7780398 0.1824007 -0.4084953 0.9125009 -0.0217666 0 -0.7158837 -0.3055001 0.6278379 0 0 0 0 1 0.5662269 0.2720761 0.77805 0.1824007 -0.4084879 0.9125032 -0.02181547 0 -0.7159086 -0.3054713 0.6278236 0 0 0 0 1 0.5662012 0.2721008 0.7780599 0.1824007 -0.4084804 0.9125052 -0.02186369 0 -0.7159331 -0.3054428 0.6278094 0 0 0 0 1 0.5661761 0.272125 0.7780697 0.1824007 -0.408473 0.9125074 -0.02191114 0 -0.7159572 -0.3054149 0.6277956 0 0 0 0 1 0.5661515 0.2721484 0.7780794 0.1824007 -0.4084659 0.9125094 -0.02195727 0 -0.7159808 -0.3053877 0.627782 0 0 0 0 1 0.5661279 0.2721713 0.7780886 0.1824007 -0.4084591 0.9125116 -0.02200168 0 -0.7160034 -0.3053615 0.6277689 1.19209e-7 0 0 0 1 0.5661054 0.2721928 0.7780974 0.1824007 -0.4084526 0.9125135 -0.02204406 0 -0.7160248 -0.3053367 0.6277566 0 0 0 0 1 0.5660844 0.272213 0.7781055 0.1824006 -0.4084464 0.9125151 -0.02208369 0 -0.7160449 -0.3053132 0.6277449 0 0 0 0 1 0.566065 0.2722317 0.7781132 0.1824007 -0.4084408 0.9125168 -0.02212029 0 -0.7160635 -0.3052916 0.6277343 0 0 0 0 1 0.5660473 0.2722486 0.7781201 0.1824006 -0.4084356 0.9125183 -0.02215331 0 -0.7160804 -0.3052721 0.6277245 -1.19209e-7 0 0 0 1 0.5660318 0.2722637 0.7781261 0.1824007 -0.4084311 0.9125197 -0.02218252 0 -0.7160951 -0.3052549 0.6277159 1.19209e-7 0 0 0 1 0.5660186 0.2722763 0.7781314 0.1824007 -0.4084273 0.9125208 -0.02220737 0 -0.7161078 -0.3052402 0.6277087 0 0 0 0 1 0.5660079 0.2722865 0.7781356 0.1824007 -0.4084243 0.9125217 -0.02222776 0 -0.716118 -0.3052284 0.627703 0 0 0 0 1 0.566 0.2722941 0.7781386 0.1824007 -0.4084219 0.9125223 -0.02224242 0 -0.7161256 -0.3052196 0.6276984 0 0 0 0 1 0.565995 0.2722989 0.7781405 0.1824007 -0.4084204 0.9125227 -0.02225166 0 -0.7161301 -0.3052141 0.6276957 1.19209e-7 0 0 0 1 0.5659934 0.2723005 0.7781412 0.1824007 -0.40842 0.9125229 -0.02225494 0 -0.7161318 -0.3052123 0.6276948 0 0 0 0 1</float_array>
        <technique_common>
          <accessor source="#node-Bip01_L_UpperArm_matrix-output-array" count="31" stride="16">
            <param name="TRANSFORM" type="float4x4"/>
          </accessor>
        </technique_common>
      </source>
      <source id="node-Bip01_L_UpperArm_matrix-interpolation">
        <Name_array id="node-Bip01_L_UpperArm_matrix-interpolation-array" count="31">LINEAR LINEAR LINEAR LINEAR LINEAR LINEAR LINEAR LINEAR LINEAR LINEAR LINEAR LINEAR LINEAR LINEAR LINEAR LINEAR LINEAR LINEAR LINEAR LINEAR LINEAR LINEAR LINEAR LINEAR LINEAR LINEAR LINEAR LINEAR LINEAR LINEAR LINEAR</Name_array>
        <technique_common>
          <accessor source="#node-Bip01_L_UpperArm_matrix-interpolation-array" count="31" stride="1">
            <param name="INTERPOLATION" type="name"/>
          </accessor>
        </technique_common>
      </source>
      <source id="node-Bip01_L_Forearm_matrix-input">
        <float_array id="node-Bip01_L_Forearm_matrix-input-array" count="31">33 33.03333 33.06667 33.1 33.13334 33.16667 33.2 33.23333 33.26667 33.3 33.33333 33.36666 33.4 33.43333 33.46667 33.5 33.53333 33.56667 33.6 33.63334 33.66667 33.7 33.73333 33.76667 33.8 33.83333 33.86666 33.9 33.93333 33.96667 34</float_array>
        <technique_common>
          <accessor source="#node-Bip01_L_Forearm_matrix-input-array" count="31" stride="1">
