<?xml version="1.0" encoding="utf-8"?>
<COLLADA xmlns="http://www.collada.org/2005/11/COLLADASchema" version="1.4.1">
  <asset>
    <contributor>
      <author>MattO</author>
      <authoring_tool>OpenCOLLADA for 3ds Max;  Version: 1.3.0;  Revision: 839M;  Platform: x64;  Configuration: Release_Max2012</authoring_tool>
      <source_data>file:///C:/Dropbox/Prj/GGStout/Turret/TP_ProxMine_PlayerAnims.max</source_data>
    </contributor>
    <created>2011-09-30T17:59:27</created>
    <modified>2011-09-30T17:59:27</modified>
    <unit name="meter" meter="1"/>
    <up_axis>Z_UP</up_axis>
  </asset>
  <library_effects>
    <effect id="ShapeBounds">
      <profile_COMMON>
        <technique sid="common">
          <blinn>
            <emission>
              <color>0 0 0 1</color>
            </emission>
            <ambient>
              <color>0.1647059 1 0 1</color>
            </ambient>
            <diffuse>
              <color>0.1647059 1 0 1</color>
            </diffuse>
            <specular>
              <color>0.9 0.9 0.9 1</color>
            </specular>
            <shininess>
              <float>10</float>
            </shininess>
            <reflective>
              <color>0 0 0 1</color>
            </reflective>
            <transparent opaque="A_ONE">
              <color>1 1 1 1</color>
            </transparent>
            <transparency>
              <float>1</float>
            </transparency>
          </blinn>
        </technique>
      </profile_COMMON>
      <extra>
        <technique profile="OpenCOLLADA3dsMax">
          <extended_shader>
            <apply_reflection_dimming>0</apply_reflection_dimming>
            <dim_level>0</dim_level>
            <falloff_type>0</falloff_type>
            <index_of_refraction>1.5</index_of_refraction>
            <opacity_type>0</opacity_type>
            <reflection_level>3</reflection_level>
            <wire_size>1</wire_size>
            <wire_units>0</wire_units>
          </extended_shader>
          <shader>
            <ambient_diffuse_lock>1</ambient_diffuse_lock>
            <ambient_diffuse_texture_lock>1</ambient_diffuse_texture_lock>
            <diffuse_specular_lock>0</diffuse_specular_lock>
            <soften>0.1</soften>
            <use_self_illum_color>0</use_self_illum_color>
          </shader>
        </technique>
      </extra>
    </effect>
  </library_effects>
  <library_materials>
    <material id="ShapeBounds-material" name="ShapeBounds">
      <instance_effect url="#ShapeBounds"/>
    </material>
  </library_materials>
  <library_geometries>
    <geometry id="geom-Bounds" name="Bounds">
      <mesh>
        <source id="geom-Bounds-positions">
          <float_array id="geom-Bounds-positions-array" count="24">-0.425 -0.425 0 0.425 -0.425 0 -0.425 0.425 0 0.425 0.425 0 -0.425 -0.425 1.84 0.425 -0.425 1.84 -0.425 0.425 1.84 0.425 0.425 1.84</float_array>
          <technique_common>
            <accessor source="#geom-Bounds-positions-array" count="8" stride="3">
              <param name="X" type="float"/>
              <param name="Y" type="float"/>
              <param name="Z" type="float"/>
            </accessor>
          </technique_common>
        </source>
        <source id="geom-Bounds-normals">
          <float_array id="geom-Bounds-normals-array" count="72">0 0 -1 0 0 -1 0 0 -1 0 0 -1 0 0 1 0 0 1 0 0 1 0 0 1 0 -1 0 0 -1 0 0 -1 0 0 -1 0 1 0 0 1 0 0 1 0 0 1 0 0 0 1 0 0 1 0 0 1 0 0 1 0 -1 0 0 -1 0 0 -1 0 0 -1 0 0</float_array>
          <technique_common>
            <accessor source="#geom-Bounds-normals-array" count="24" stride="3">
              <param name="X" type="float"/>
              <param name="Y" type="float"/>
              <param name="Z" type="float"/>
            </accessor>
          </technique_common>
        </source>
        <source id="geom-Bounds-map1">
          <float_array id="geom-Bounds-map1-array" count="36">0 0 0 1 0 0 0 1 0 1 1 0 0 0 0 1 0 0 0 1 0 1 1 0 0 0 0 1 0 0 0 1 0 1 1 0</float_array>
          <technique_common>
            <accessor source="#geom-Bounds-map1-array" count="12" stride="3">
              <param name="S" type="float"/>
              <param name="T" type="float"/>
              <param name="P" type="float"/>
            </accessor>
          </technique_common>
        </source>
        <vertices id="geom-Bounds-vertices">
          <input semantic="POSITION" source="#geom-Bounds-positions"/>
        </vertices>
        <triangles material="ShapeBounds" count="12">
          <input semantic="VERTEX" source="#geom-Bounds-vertices" offset="0"/>
          <input semantic="NORMAL" source="#geom-Bounds-normals" offset="1"/>
          <input semantic="TEXCOORD" source="#geom-Bounds-map1" offset="2" set="0"/>
          <p>0 0 9 2 1 11 3 2 10 3 2 10 1 3 8 0 0 9 4 4 8 5 5 9 7 6 11 7 6 11 6 7 10 4 4 8 0 8 4 1 9 5 5 10 7 5 10 7 4 11 6 0 8 4 1 12 0 3 13 1 7 14 3 7 14 3 5 15 2 1 12 0 3 16 4 2 17 5 6 18 7 6 18 7 7 19 6 3 16 4 2 20 0 0 21 1 4 22 3 4 22 3 6 23 2 2 20 0</p>
        </triangles>
      </mesh>
      <extra>
        <technique profile="OpenCOLLADA3dsMax">
          <max_box>
            <generateuvs>1</generateuvs>
            <height>1.84</height>
            <heightsegments>1</heightsegments>
            <length>0.85</length>
            <lengthsegments>1</lengthsegments>
            <width>0.85</width>
            <widthsegments>1</widthsegments>
          </max_box>
        </technique>
      </extra>
    </geometry>
  </library_geometries>
  <library_lights>
    <light id="EnvironmentAmbientLight" name="EnvironmentAmbientLight">
      <technique_common>
        <ambient>
          <color>0 0 0</color>
        </ambient>
      </technique_common>
    </light>
  </library_lights>
  <library_visual_scenes>
    <visual_scene id="MaxScene">
      <node name="EnvironmentAmbientLight">
        <instance_light url="#EnvironmentAmbientLight"/>
      </node>
      <node id="node-Bip01" name="Bip01">
        <matrix sid="matrix">0.04897851 -0.5806388 -0.8126867 -0.009763561 0.9925079 0.1194799 -0.02554873 0.008205979 0.1119344 -0.8053466 0.5821405 0.7952222 0 0 0 1</matrix>
        <node id="node-Bip01_Pelvis" name="Bip01_Pelvis">
          <matrix sid="matrix">-0.02669418 0.997837 0.06007277 0 -0.1206839 -0.06287149 0.990698 0 0.9923319 0.01919606 0.1221012 0 0 0 0 1</matrix>
          <node id="node-Bip01_Spine" name="Bip01_Spine">
            <matrix sid="matrix">0.9858774 -0.0634831 0.1549707 0.1970137 0.1364505 0.8410003 -0.5235452 0.03031449 -0.09709406 0.5372972 0.8377855 0.02588344 0 0 0 1</matrix>
            <node id="node-Bip01_Spine1" name="Bip01_Spine1">
              <matrix sid="matrix">0.9639943 0.1250204 0.2347016 0.1022172 -0.2074659 0.9057003 0.369682 -9.15229e-5 -0.1663517 -0.4050639 0.8990275 4.0859e-5 0 0 0 1</matrix>
              <node id="node-Bip01_Spine2" name="Bip01_Spine2">
                <matrix>0.9381538 -0.2995815 0.1735454 0.1269175 0.15904 0.8181463 0.5525782 -1.40138e-4 -0.3075279 -0.4908028 0.8151926 8.40425e-5 0 0 0 1</matrix>
                <node id="node-Bip01_Neck" name="Bip01_Neck">
                  <matrix>0.8407079 -0.4308255 0.3280236 0.2151071 0.4136219 0.9019012 0.124463 -4.96432e-5 -0.3494667 0.03104065 0.9364344 -1.74344e-6 0 0 0 1</matrix>
                  <node id="node-Bip01_Head" name="Bip01_Head">
                    <matrix sid="matrix">0.8957813 0.03491281 -0.4431216 0.07051814 -0.261122 0.8480876 -0.4610451 -0.01395923 0.3597096 0.5287045 0.7688178 0 0 0 0 1</matrix>
                    <node id="node-ALTEYE" name="ALTEYE">
                      <matrix sid="matrix">-0.07016551 0.2370481 0.9689612 0.06454694 0.07787911 0.9696921 -0.2315874 0.2214611 -0.9944909 0.059212 -0.08650012 0.04716256 0 0 0 1</matrix>
                    </node>
                  </node>
                  <node id="node-Bip01_L_Clavicle" name="Bip01_L_Clavicle">
                    <matrix sid="matrix">-0.4193729 -0.3901516 0.8196998 -0.04690337 -0.006484464 -0.9016277 -0.4324642 -0.01204777 0.907791 -0.1866792 0.3755883 0.05588406 0 0 0 1</matrix>
                    <node id="node-Bip01_L_UpperArm" name="Bip01_L_UpperArm">
                      <matrix sid="matrix">0.9828554 -0.0845899 0.1638297 0.1824007 0.1147611 0.976112 -0.1844867 1.49012e-8 -0.1443103 0.200125 0.9690845 -1.19209e-7 0 0 0 1</matrix>
                      <node id="node-Bip01_L_Forearm" name="Bip01_L_Forearm">
                        <matrix sid="matrix">0.7336048 0.6795762 0 0.2843689 -0.6795762 0.7336049 2.98023e-8 -5.96046e-8 2.98023e-8 -4.47035e-8 0.9999999 -1.19209e-7 0 0 0 1</matrix>
                        <node id="node-Bip01_L_Hand" name="Bip01_L_Hand">
                          <matrix sid="matrix">0.8483719 0.4807521 0.2216806 0.2810681 -0.4205182 0.3575824 0.8338459 5.96046e-8 0.3216041 -0.8006324 0.5055279 -1.19209e-7 0 0 0 1</matrix>
                          <node id="node-Bip01_L_Finger0" name="Bip01_L_Finger0">
                            <matrix sid="matrix">0.6787978 0.5245166 0.5139217 0.02119678 0.437277 0.2735208 -0.8567235 -0.004734159 -0.5899341 0.8062682 -0.04369392 -0.02572203 0 0 0 1</matrix>
                            <node id="node-Bip01_L_Finger01" name="Bip01_L_Finger01">
                              <matrix>0.9975641 -0.06975642 5.96046e-8 0.04982859 0.06975644 0.9975641 -1.11759e-8 -5.96046e-8 8.9407e-8 -7.68341e-9 0.9999999 0 0 0 0 1</matrix>
                              <node id="node-Bip01_L_Finger02" name="Bip01_L_Finger02">
                                <matrix sid="matrix">0.986252 0.1652489 2.98023e-8 0.05202222 -0.1652489 0.9862518 4.09782e-8 0 -2.98023e-8 7.45058e-9 1 -1.19209e-7 0 0 0 1</matrix>
                              </node>
                            </node>
                          </node>
                          <node id="node-Bip01_L_Finger1" name="Bip01_L_Finger1">
                            <matrix sid="matrix">0.9009551 -0.1884572 0.3908501 0.1199946 0.195912 0.9803939 0.02111891 -0.008367538 -0.3871671 0.05754504 0.9202121 -0.04101396 0 0 0 1</matrix>
                            <node id="node-Bip01_L_Finger11" name="Bip01_L_Finger11">
                              <matrix sid="matrix">0.9450803 -0.3268386 2.98023e-8 0.03644165 0.3268386 0.9450804 1.49012e-8 0 -2.98023e-8 -1.49012e-8 1 0 0 0 0 1</matrix>
                              <node id="node-Bip01_L_Finger12" name="Bip01_L_Finger12">
                                <matrix sid="matrix">0.992913 -0.1188437 1.49012e-8 0.03117558 0.1188437 0.9929129 -1.49012e-8 1.19209e-7 0 4.47035e-8 1 0 0 0 0 1</matrix>
                              </node>
                            </node>
                          </node>
                          <node id="node-Bip01_L_Finger2" name="Bip01_L_Finger2">
                            <matrix sid="matrix">0.9836147 -0.1308815 0.1239848 0.1229538 0.1248046 0.9906218 0.0556072 -0.008801937 -0.1301 -0.03922212 0.9907248 -0.01328254 0 0 0 1</matrix>
                            <node id="node-Bip01_L_Finger21" name="Bip01_L_Finger21">
                              <matrix sid="matrix">0.9937667 -0.1114798 -3.72529e-9 0.03895515 0.1114799 0.9937668 0 0 -2.23517e-8 -1.49012e-8 1 0 0 0 0 1</matrix>
                              <node id="node-Bip01_L_Finger22" name="Bip01_L_Finger22">
                                <matrix sid="matrix">0.9917209 -0.128412 -7.45058e-9 0.03800529 0.1284119 0.9917209 -1.49012e-8 -1.19209e-7 0 2.98023e-8 1 0 0 0 0 1</matrix>
                              </node>
                            </node>
                          </node>
                          <node id="node-Bip01_L_Finger3" name="Bip01_L_Finger3">
                            <matrix sid="matrix">0.9923953 -0.08355364 -0.0903885 0.121188 0.09595637 0.9850679 0.1429456 -0.001191139 0.07709517 -0.1505319 0.9855945 0.01196849 0 0 0 1</matrix>
                            <node id="node-Bip01_L_Finger31" name="Bip01_L_Finger31">
                              <matrix sid="matrix">0.9911383 -0.1328349 -2.79397e-9 0.03155851 0.1328349 0.9911382 -1.49012e-8 -1.19209e-7 -5.58794e-9 1.49012e-8 1 0 0 0 0 1</matrix>
                              <node id="node-Bip01_L_Finger32" name="Bip01_L_Finger32">
                                <matrix sid="matrix">0.9911955 -0.1324064 1.86265e-9 0.03366601 0.1324064 0.9911954 -1.49012e-8 0 0 -1.49012e-8 1 1.19209e-7 0 0 0 1</matrix>
                              </node>
                            </node>
                          </node>
                          <node id="node-Bip01_L_Finger4" name="Bip01_L_Finger4">
                            <matrix sid="matrix">0.9284372 -0.3108517 -0.20341 0.1136796 0.3264969 0.9439974 0.04763134 0.005147457 0.1772122 -0.1106355 0.9779342 0.03886569 0 0 0 1</matrix>
                            <node id="node-Bip01_L_Finger41" name="Bip01_L_Finger41">
                              <matrix>0.9790111 -0.2038069 0 0.03661615 0.203807 0.9790112 -1.49012e-8 0 1.49012e-8 0 1 0 0 0 0 1</matrix>
                              <node id="node-Bip01_L_Finger42" name="Bip01_L_Finger42">
                                <matrix sid="matrix">0.9802642 -0.1976916 -7.45058e-9 0.0177263 0.1976916 0.9802643 -1.49012e-8 0 1.49012e-8 0 1 0 0 0 0 1</matrix>
                              </node>
                            </node>
                          </node>
                        </node>
                      </node>
                    </node>
                  </node>
                  <node id="node-Bip01_R_Clavicle" name="Bip01_R_Clavicle">
                    <matrix>0.6210438 -0.1918167 -0.7599412 8.67009e-4 0.3462852 -0.8026726 0.4855957 -0.01629049 -0.7031295 -0.5647328 -0.4320716 -0.07212141 0 0 0 1</matrix>
                    <node id="node-Bip01_R_UpperArm" name="Bip01_R_UpperArm">
                      <matrix sid="matrix">0.8057169 0.234342 -0.5439709 0.1824007 0.3478442 0.5561319 0.7547993 -2.98023e-8 0.4794008 -0.7973716 0.3665702 0 0 0 0 1</matrix>
                      <node id="node-Bip01_R_Forearm" name="Bip01_R_Forearm">
                        <matrix>0.4945364 0.869157 0 0.2843689 -0.8691568 0.4945364 -2.98023e-8 0 5.96046e-8 5.21541e-8 1 0 0 0 0 1</matrix>
                        <node id="node-Bip01_R_Hand" name="Bip01_R_Hand">
                          <matrix>0.3854091 -0.8406953 -0.3803829 0.2810681 -0.8231784 -0.4995133 0.2699333 0 -0.4169378 0.2090883 -0.8845592 0 0 0 0 1</matrix>
                          <node id="node-Bip01_R_Finger0" name="Bip01_R_Finger0">
                            <matrix>0.5215106 0.269013 -0.8097277 0.02119678 0.7250716 0.3605265 0.5867638 -0.004734308 0.4497753 -0.8931141 -0.007035524 0.02572185 0 0 0 1</matrix>
                            <node id="node-Bip01_R_Finger01" name="Bip01_R_Finger01">
                              <matrix>0.6423533 -0.7636237 0.06527574 0.04982859 0.7605616 0.6456371 0.06854743 -1.19209e-7 -0.09448883 0.0056144 0.9955101 5.96046e-8 0 0 0 1</matrix>
                              <node id="node-Bip01_R_Finger02" name="Bip01_R_Finger02">
                                <matrix>0.9505159 -0.3106765 0 0.05202237 0.3106765 0.9505159 2.98023e-8 0 -1.49012e-8 8.9407e-8 1 0 0 0 0 1</matrix>
                              </node>
                            </node>
                          </node>
                          <node id="node-Bip01_R_Finger1" name="Bip01_R_Finger1">
                            <matrix>0.9820225 -0.1733427 -0.0747267 0.1199947 0.1795577 0.9799358 0.08651489 -0.008367538 0.05823064 -0.09837735 0.9934441 0.04101384 0 0 0 1</matrix>
                            <node id="node-Bip01_R_Finger11" name="Bip01_R_Finger11">
                              <matrix>0.8240547 -0.5665101 -1.49012e-8 0.03644171 0.5665102 0.8240546 -2.98023e-8 -1.49012e-8 -3.72529e-8 0 0.9999999 0 0 0 0 1</matrix>
                              <node id="node-Bip01_R_Finger12" name="Bip01_R_Finger12">
                                <matrix>0.8146398 -0.5796779 0.01831829 0.03117549 0.5799671 0.8142334 -0.02573049 -5.96046e-8 -2.98023e-8 0.03158516 0.9995011 0 0 0 0 1</matrix>
                              </node>
                            </node>
                          </node>
                          <node id="node-Bip01_R_Finger2" name="Bip01_R_Finger2">
                            <matrix>0.6754014 -0.7374505 -1.52141e-4 0.1229538 0.7368314 0.6748428 -0.04082686 -0.008802027 0.03021044 0.02746245 0.9991663 0.01328242 0 0 0 1</matrix>
                            <node id="node-Bip01_R_Finger21" name="Bip01_R_Finger21">
                              <matrix>0.5508357 -0.8338858 -0.0348487 0.0389552 0.8322219 0.551937 -0.05265072 0 0.06313884 1.49012e-8 0.9980047 0 0 0 0 1</matrix>
                              <node id="node-Bip01_R_Finger22" name="Bip01_R_Finger22">
                                <matrix>0.1984734 -0.9799248 0.01886615 0.03800541 0.9755274 0.199368 0.09272991 2.98023e-8 -0.09462957 -2.98023e-8 0.9955125 1.19209e-7 0 0 0 1</matrix>
                              </node>
                            </node>
                          </node>
                          <node id="node-Bip01_R_Finger3" name="Bip01_R_Finger3">
                            <matrix>0.7159053 -0.6949217 0.06755494 0.1211882 0.6883787 0.6863562 -0.2346272 -0.001191229 0.1166808 0.2144743 0.9697352 -0.01196861 0 0 0 1</matrix>
                            <node id="node-Bip01_R_Finger31" name="Bip01_R_Finger31">
                              <matrix>0.4441953 -0.8949345 0.04222364 0.03155845 0.8909184 0.4461976 0.08468765 0 -0.09462991 -2.23517e-8 0.9955125 0 0 0 0 1</matrix>
                              <node id="node-Bip01_R_Finger32" name="Bip01_R_Finger32">
                                <matrix>0.1993681 -0.9794358 -0.03095111 0.03366601 0.9799247 0.1992685 0.006297 0 0 -0.03158513 0.999501 5.96046e-8 0 0 0 1</matrix>
                              </node>
                            </node>
                          </node>
                          <node id="node-Bip01_R_Finger4" name="Bip01_R_Finger4">
                            <matrix>0.5925791 -0.789795 -0.1583476 0.1136797 0.7783523 0.6120424 -0.1399001 0.005147427 0.2074078 -0.04034826 0.9774222 -0.03886575 0 0 0 1</matrix>
                            <node id="node-Bip01_R_Finger41" name="Bip01_R_Finger41">
                              <matrix>0.4202555 -0.9064696 0.04120624 0.03661618 0.906853 0.421151 0.01578784 -8.9407e-8 -0.03166524 0.03073309 0.9990258 -5.96046e-8 0 0 0 1</matrix>
                              <node id="node-Bip01_R_Finger42" name="Bip01_R_Finger42">
                                <matrix>0.4024471 -0.9138247 -0.05441487 0.01772633 0.9154231 0.4021218 0.01728315 1.86265e-8 0.006087542 -0.05676818 0.9983688 0 0 0 0 1</matrix>
                              </node>
                            </node>
                          </node>
                          <node id="node-MOUNT0" name="MOUNT0">
                            <matrix>-6.10948e-7 1 2.98023e-8 0.1095391 -0.9999999 -6.55651e-7 4.76837e-7 0.02518252 4.47035e-7 2.98023e-8 1 0.01321656 0 0 0 1</matrix>
                          </node>
                        </node>
                      </node>
                    </node>
                  </node>
                </node>
                <node id="node-Bip01_L_Pauldron_Upper" name="Bip01_L_Pauldron_Upper">
                  <matrix sid="matrix">0.9862571 0.1219391 -0.11148 0.2295041 0.129148 -0.9898158 0.05988339 -0.0379064 -0.1030427 -0.0734579 -0.9919609 0.2195491 0 0 0 1</matrix>
                </node>
                <node id="node-Bip01_R_Pauldron_Lower" name="Bip01_R_Pauldron_Lower">
                  <matrix>-0.01624931 -0.1994554 -0.9797722 0.2702832 0.5285314 -0.8335231 0.1609174 -0.02544735 -0.8487584 -0.5152257 0.1189624 -0.1988226 0 0 0 1</matrix>
                </node>
                <node id="node-Bip01_L_Pauldron_Lower" name="Bip01_L_Pauldron_Lower">
                  <matrix sid="matrix">-0.08461809 0.01496519 0.9963011 0.2501211 -0.1412209 -0.9899743 0.002875974 -0.03839118 0.9863552 -0.1404553 0.08588301 0.2357398 0 0 0 1</matrix>
                </node>
              </node>
            </node>
            <node id="node-Bip01_L_Thigh" name="Bip01_L_Thigh">
              <matrix sid="matrix">-0.8173713 0.5282371 0.2299337 -0.2082329 0.5730548 0.7865296 0.2301725 0.04160367 -0.05926403 0.319901 -0.9455957 0.07046103 0 0 0 1</matrix>
              <node id="node-Bip01_L_Calf" name="Bip01_L_Calf">
                <matrix sid="matrix">0.5125782 0.8586406 0 0.4629987 -0.8586404 0.5125782 -9.31323e-10 -1.49012e-8 -5.96046e-8 -8.9407e-8 1 -5.96046e-8 0 0 0 1</matrix>
                <node id="node-Bip01_L_Foot" name="Bip01_L_Foot">
                  <matrix sid="matrix">0.8204589 0.5686123 -0.05939242 0.3610501 -0.5564113 0.8180578 0.1455606 0 0.131354 -0.08637995 0.9875649 0 0 0 0 1</matrix>
                  <node id="node-Bip01_L_Toe0" name="Bip01_L_Toe0">
                    <matrix sid="matrix">4.99189e-7 -1 1.42306e-6 0.1486307 1 4.69387e-7 2.98023e-8 0.1543275 0 1.34856e-6 1 2.98023e-8 0 0 0 1</matrix>
                  </node>
                </node>
              </node>
            </node>
            <node id="node-Bip01_R_Thigh" name="Bip01_R_Thigh">
              <matrix sid="matrix">-0.8936595 0.2026573 0.4003779 -0.1834763 0.09221825 0.956111 -0.2781149 -0.09539282 -0.4391677 -0.2116179 -0.8731264 -0.1431513 0 0 0 1</matrix>
              <node id="node-Bip01_R_Calf" name="Bip01_R_Calf">
                <matrix sid="matrix">0.7977737 0.6029571 0 0.4629988 -0.6029568 0.7977737 -6.51926e-9 1.30385e-8 2.98023e-8 -2.98023e-8 1 5.96046e-8 0 0 0 1</matrix>
                <node id="node-Bip01_R_Foot" name="Bip01_R_Foot">
                  <matrix sid="matrix">0.7232032 0.6860575 0.07938531 0.3610501 -0.6893659 0.7240548 0.02277939 -1.49012e-8 -0.04185133 -0.07119963 0.9965836 -5.96046e-8 0 0 0 1</matrix>
                  <node id="node-Bip01_R_Toe0" name="Bip01_R_Toe0">
                    <matrix sid="matrix">-0.1805803 -0.9786913 0.09774531 0.1486307 0.9833316 -0.1817875 -0.003513992 0.1543275 0.02120796 0.09548151 0.9952054 0 0 0 0 1</matrix>
                  </node>
                </node>
              </node>
            </node>
          </node>
          <node id="node-Bip01_FannyPack" name="Bip01_FannyPack">
            <matrix>-0.9629918 -0.2062316 0.1735378 0.2299507 -0.2083318 0.9780384 0.006227002 -0.1378937 -0.1710109 -0.03015692 -0.9848075 0.01013958 0 0 0 1</matrix>
          </node>
        </node>
        <node id="node-EYE" name="EYE">
          <matrix sid="matrix">0.04897856 0.9925076 0.1119343 0.1823757 -0.5806389 0.11948 -0.8053464 -0.6206015 -0.8126867 -0.02554886 0.5821404 0.4377618 0 0 0 1</matrix>
          <node id="node-CAM" name="CAM">
            <matrix>1 -6.03104e-8 3.55271e-15 4.84288e-8 6.03104e-8 1 -2.32831e-9 -0.104 -3.55271e-15 2.32832e-9 1 0.3005601 0 0 0 1</matrix>
          </node>
        </node>
      </node>
      <node id="node-Bounds" name="Bounds">
        <matrix>0.9999915 0.001706907 0.003750479 0 -0.001711356 0.9999978 0.001183292 0.1035326 -0.003748452 -0.0011897 0.9999923 -8.93474e-5 0 0 0 1</matrix>
        <instance_geometry url="#geom-Bounds">
          <bind_material>
            <technique_common>
              <instance_material symbol="ShapeBounds" target="#ShapeBounds-material"/>
            </technique_common>
          </bind_material>
        </instance_geometry>
      </node>
    </visual_scene>
  </library_visual_scenes>
  <library_animations>
    <animation>
      <source id="node-Bip01_matrix-input">
        <float_array id="node-Bip01_matrix-input-array" count="61">60.33333 60.36666 60.4 60.43333 60.46667 60.5 60.53333 60.56667 60.6 60.63334 60.66667 60.7 60.73333 60.76667 60.8 60.83333 60.86666 60.9 60.93333 60.96667 61 61.03333 61.06667 61.1 61.13334 61.16667 61.2 61.23333 61.26667 61.3 61.33333 61.36666 61.4 61.43333 61.46667 61.5 61.53333 61.56667 61.6 61.63334 61.66667 61.7 61.73333 61.76667 61.8 61.83333 61.86666 61.9 61.93333 61.96667 62 62.03333 62.06667 62.1 62.13334 62.16667 62.2 62.23333 62.26667 62.3 62.33333</float_array>
        <technique_common>
          <accessor source="#node-Bip01_matrix-input-array" count="61" stride="1">
            <param name="TIME" type="float"/>
          </accessor>
        </technique_common>
      </source>
      <source id="node-Bip01_matrix-output">
        <float_array id="node-Bip01_matrix-output-array" count="976">0.0489785 -0.5806388 -0.8126868 -0.009763538 0.9925079 0.1194798 -0.02554869 0.00820595 0.1119343 -0.8053466 0.5821405 0.7952222 0 0 0 1 0.0489785 -0.5806388 -0.8126868 -0.009758055 0.9925079 0.1194798 -0.02554869 0.00821191 0.1119343 -0.8053466 0.5821405 0.7981563 0 0 0 1 0.0489785 -0.5806388 -0.8126868 -0.009742021 0.9925079 0.1194798 -0.02554869 0.008230328 0.1119343 -0.8053466 0.5821405 0.8013773 0 0 0 1 0.04897838 -0.5806388 -0.8126868 -0.009715676 0.9925079 0.1194798 -0.02554875 0.008260548 0.1119343 -0.8053467 0.5821405 0.8048594 0 0 0 1 0.04897838 -0.5806388 -0.8126868 -0.009679317 0.9925079 0.1194798 -0.02554875 0.008301854 0.1119343 -0.8053467 0.5821405 0.8085771 0 0 0 1 0.0489785 -0.5806388 -0.8126867 -0.009633183 0.9925079 0.1194798 -0.02554869 0.008353769 0.1119343 -0.8053466 0.5821405 0.8125047 0 0 0 1 0.0489785 -0.5806388 -0.8126868 -0.009577572 0.9925079 0.1194798 -0.02554869 0.008415639 0.1119343 -0.8053466 0.5821405 0.8166165 0 0 0 1 0.0489785 -0.5806388 -0.8126868 -0.009512722 0.9925079 0.1194798 -0.02554869 0.008486807 0.1119343 -0.8053466 0.5821405 0.8208868 0 0 0 1 0.0489785 -0.5806388 -0.8126867 -0.009438991 0.9925079 0.1194798 -0.02554869 0.008566617 0.1119343 -0.8053466 0.5821405 0.8252924 0 0 0 1 0.0489785 -0.5806388 -0.8126868 -0.009356558 0.9925079 0.1194798 -0.02554869 0.008654475 0.1119343 -0.8053466 0.5821405 0.8298032 0 0 0 1 0.04897844 -0.5806388 -0.8126867 -0.00926572 0.9925079 0.1194798 -0.02554869 0.008749902 0.1119343 -0.8053466 0.5821405 0.8343957 0 0 0 1 0.04897838 -0.5806388 -0.8126868 -0.009166777 0.9925079 0.1194798 -0.02554875 0.008852124 0.1119343 -0.8053467 0.5821405 0.8390441 0 0 0 1 0.04897838 -0.5806388 -0.8126868 -0.009060025 0.9925079 0.1194798 -0.02554875 0.008960485 0.1119343 -0.8053467 0.5821405 0.8437231 0 0 0 1 0.0489785 -0.5806388 -0.8126867 -0.008945703 0.9925079 0.1194798 -0.02554869 0.009074449 0.1119343 -0.8053466 0.5821405 0.8484067 0 0 0 1 0.04897844 -0.5806388 -0.8126868 -0.00882399 0.9925079 0.1194798 -0.02554875 0.009193539 0.1119344 -0.8053467 0.5821405 0.8530696 0 0 0 1 0.0489785 -0.5806388 -0.8126868 -0.008695363 0.9925079 0.1194798 -0.02554869 0.009316861 0.1119343 -0.8053466 0.5821405 0.8576859 0 0 0 1 0.0489785 -0.5806388 -0.8126868 -0.008560001 0.9925079 0.1194798 -0.02554869 0.009443938 0.1119343 -0.8053466 0.5821405 0.8622301 0 0 0 1 0.04897844 -0.5806388 -0.8126867 -0.008418023 0.9925079 0.1194798 -0.02554869 0.009574234 0.1119343 -0.8053466 0.5821405 0.8666765 0 0 0 1 0.04897844 -0.5806388 -0.8126867 -0.008269965 0.9925079 0.1194798 -0.02554869 0.009706914 0.1119343 -0.8053466 0.5821405 0.8709993 0 0 0 1 0.04897838 -0.5806388 -0.8126868 -0.008115947 0.9925079 0.1194798 -0.02554875 0.009841442 0.1119343 -0.8053467 0.5821405 0.8751733 0 0 0 1 0.04897844 -0.5806388 -0.8126867 -0.007956326 0.9925079 0.1194798 -0.02554869 0.009977281 0.1119343 -0.8053466 0.5821405 0.8791726 0 0 0 1 0.04897844 -0.5806388 -0.8126868 -0.007791161 0.9925079 0.1194798 -0.02554875 0.01011389 0.1119344 -0.8053467 0.5821405 0.8829715 0 0 0 1 0.0489785 -0.5806388 -0.8126868 -0.007621049 0.9925079 0.1194798 -0.02554869 0.01025038 0.1119343 -0.8053466 0.5821405 0.8865445 0 0 0 1 0.0489785 -0.5806388 -0.8126868 -0.00744611 0.9925079 0.1194798 -0.02554869 0.01038628 0.1119343 -0.8053466 0.5821405 0.8898658 0 0 0 1 0.04897862 -0.5806388 -0.8126867 -0.00726664 0.9925079 0.11948 -0.02554869 0.01052093 0.1119344 -0.8053466 0.5821405 0.8929111 0 0 0 1 0.04897844 -0.5806388 -0.8126867 -0.0070827 0.9925079 0.1194798 -0.02554869 0.01065391 0.1119343 -0.8053466 0.5821405 0.8956522 0 0 0 1 0.04897844 -0.5806388 -0.8126867 -0.006894886 0.9925079 0.1194798 -0.02554869 0.01078432 0.1119343 -0.8053466 0.5821405 0.8980647 0 0 0 1 0.04897838 -0.5806388 -0.8126868 -0.006703376 0.9925079 0.1194798 -0.02554875 0.01091164 0.1119343 -0.8053467 0.5821405 0.900123 0 0 0 1 0.04897838 -0.5806388 -0.8126868 -0.00650835 0.9925079 0.1194798 -0.02554875 0.01103526 0.1119343 -0.8053467 0.5821405 0.9018016 0 0 0 1 0.0489785 -0.5806388 -0.8126868 -0.006309986 0.9925079 0.1194798 -0.02554869 0.01115471 0.1119343 -0.8053466 0.5821405 0.9030748 0 0 0 1 0.0489785 -0.5806388 -0.8126868 -0.00610888 0.9925079 0.1194798 -0.02554869 0.01126915 0.1119343 -0.8053466 0.5821405 0.9039166 0 0 0 1 0.0489785 -0.5806388 -0.8126868 -0.005905151 0.9925079 0.1194798 -0.02554869 0.01137799 0.1119343 -0.8053466 0.5821405 0.904302 0 0 0 1 0.04897838 -0.5806388 -0.8126868 -0.005698859 0.9925079 0.1194798 -0.02554875 0.01148074 0.1119343 -0.8053467 0.5821405 0.9042009 0 0 0 1 0.04897838 -0.5806388 -0.8126868 -0.00549066 0.9925079 0.1194798 -0.02554875 0.01157671 0.1119343 -0.8053467 0.5821405 0.9036186 0 0 0 1 0.04897844 -0.5806388 -0.8126867 -0.005280673 0.9925079 0.1194798 -0.02554869 0.01166516 0.1119343 -0.8053466 0.5821405 0.9025823 0 0 0 1 0.04897844 -0.5806388 -0.8126867 -0.005069077 0.9925079 0.1194798 -0.02554869 0.01174569 0.1119343 -0.8053466 0.5821405 0.9011193 0 0 0 1 0.04897862 -0.5806388 -0.8126867 -0.00485605 0.9925079 0.11948 -0.02554869 0.01181757 0.1119344 -0.8053466 0.5821405 0.8992552 0 0 0 1 0.0489785 -0.5806388 -0.8126868 -0.004642188 0.9925079 0.1194798 -0.02554869 0.01188015 0.1119343 -0.8053466 0.5821405 0.8970172 0 0 0 1 0.0489785 -0.5806388 -0.8126868 -0.004427611 0.9925079 0.1194798 -0.02554869 0.01193284 0.1119343 -0.8053466 0.5821405 0.8944324 0 0 0 1 0.04897844 -0.5806388 -0.8126868 -0.004212617 0.9925079 0.1194798 -0.02554875 0.01197504 0.1119344 -0.8053467 0.5821405 0.8915276 0 0 0 1 0.04897844 -0.5806388 -0.8126867 -0.003997206 0.9925079 0.1194798 -0.02554869 0.01200616 0.1119343 -0.8053466 0.5821405 0.8883296 0 0 0 1 0.04897838 -0.5806388 -0.8126868 -0.003782093 0.9925079 0.1194798 -0.02554875 0.01202553 0.1119343 -0.8053467 0.5821405 0.8848651 0 0 0 1 0.04897844 -0.5806388 -0.8126867 -0.003567397 0.9925079 0.1194798 -0.02554869 0.0120325 0.1119343 -0.8053466 0.5821405 0.8811628 0 0 0 1 0.04897844 -0.5806388 -0.8126867 -0.003353297 0.9925079 0.1194798 -0.02554869 0.01202654 0.1119343 -0.8053466 0.5821405 0.8772463 0 0 0 1 0.0489785 -0.5806388 -0.8126868 -0.003139913 0.9925079 0.1194798 -0.02554869 0.01200693 0.1119343 -0.8053466 0.5821405 0.8731437 0 0 0 1 0.0489785 -0.5806388 -0.8126868 -0.002927958 0.9925079 0.1194798 -0.02554869 0.0119732 0.1119343 -0.8053466 0.5821405 0.8688822 0 0 0 1 0.04897844 -0.5806388 -0.8126868 -0.002717435 0.9925079 0.1194798 -0.02554875 0.01192456 0.1119344 -0.8053467 0.5821405 0.8644885 0 0 0 1 0.0489785 -0.5806388 -0.8126867 -0.002508401 0.9925079 0.1194798 -0.02554869 0.01186043 0.1119343 -0.8053466 0.5821405 0.8599892 0 0 0 1 0.04897838 -0.5806388 -0.8126868 -0.002301633 0.9925079 0.1194798 -0.02554875 0.01178032 0.1119343 -0.8053467 0.5821405 0.8554115 0 0 0 1 0.04897838 -0.5806388 -0.8126868 -0.002097129 0.9925079 0.1194798 -0.02554875 0.01168346 0.1119343 -0.8053467 0.5821405 0.8507822 0 0 0 1 0.04897844 -0.5806388 -0.8126867 -0.001895248 0.9925079 0.1194798 -0.02554869 0.01156938 0.1119343 -0.8053466 0.5821405 0.84613 0 0 0 1 0.0489785 -0.5806388 -0.8126868 -0.00169593 0.9925079 0.1194798 -0.02554869 0.01143717 0.1119343 -0.8053466 0.5821405 0.8414776 0 0 0 1 0.0489785 -0.5806388 -0.8126867 -0.00149995 0.9925079 0.1194798 -0.02554869 0.01128661 0.1119343 -0.8053466 0.5821405 0.8368542 0 0 0 1 0.0489785 -0.5806388 -0.8126868 -0.001307308 0.9925079 0.1194798 -0.02554869 0.0111168 0.1119343 -0.8053466 0.5821405 0.8322862 0 0 0 1 0.0489785 -0.5806388 -0.8126868 -0.001118361 0.9925079 0.1194798 -0.02554869 0.01092731 0.1119343 -0.8053466 0.5821405 0.8278008 0 0 0 1 0.0489785 -0.5806388 -0.8126867 -9.33154e-4 0.9925079 0.1194798 -0.02554869 0.01071715 0.1119343 -0.8053466 0.5821405 0.8234246 0 0 0 1 0.04897838 -0.5806388 -0.8126868 -7.5231e-4 0.9925079 0.1194798 -0.02554875 0.01048618 0.1119343 -0.8053467 0.5821405 0.8191847 0 0 0 1 0.04897838 -0.5806388 -0.8126868 -5.75937e-4 0.9925079 0.1194798 -0.02554875 0.01023358 0.1119343 -0.8053467 0.5821405 0.8151094 0 0 0 1 0.0489785 -0.5806388 -0.8126868 -4.0431e-4 0.9925079 0.1194798 -0.02554869 0.009958744 0.1119343 -0.8053466 0.5821405 0.8112221 0 0 0 1 0.0489785 -0.5806388 -0.8126868 -2.37552e-4 0.9925079 0.1194798 -0.02554869 0.00966072 0.1119343 -0.8053466 0.5821405 0.8075514 0 0 0 1 0.04897862 -0.5806388 -0.8126867 -7.62418e-5 0.9925078 0.11948 -0.02554869 0.009339451 0.1119344 -0.8053466 0.5821405 0.8041242 0 0 0 1</float_array>
        <technique_common>
          <accessor source="#node-Bip01_matrix-output-array" count="61" stride="16">
            <param name="TRANSFORM" type="float4x4"/>
          </accessor>
        </technique_common>
      </source>
      <source id="node-Bip01_matrix-interpolation">
        <Name_array id="node-Bip01_matrix-interpolation-array" count="61">LINEAR LINEAR LINEAR LINEAR LINEAR LINEAR LINEAR LINEAR LINEAR LINEAR LINEAR LINEAR LINEAR LINEAR LINEAR LINEAR LINEAR LINEAR LINEAR LINEAR LINEAR LINEAR LINEAR LINEAR LINEAR LINEAR LINEAR LINEAR LINEAR LINEAR LINEAR LINEAR LINEAR LINEAR LINEAR LINEAR LINEAR LINEAR LINEAR LINEAR LINEAR LINEAR LINEAR LINEAR LINEAR LINEAR LINEAR LINEAR LINEAR LINEAR LINEAR LINEAR LINEAR LINEAR LINEAR LINEAR LINEAR LINEAR LINEAR LINEAR LINEAR</Name_array>
        <technique_common>
          <accessor source="#node-Bip01_matrix-interpolation-array" count="61" stride="1">
            <param name="INTERPOLATION" type="name"/>
          </accessor>
        </technique_common>
      </source>
      <source id="node-Bip01_Pelvis_matrix-input">
        <float_array id="node-Bip01_Pelvis_matrix-input-array" count="61">60.33333 60.36666 60.4 60.43333 60.46667 60.5 60.53333 60.56667 60.6 60.63334 60.66667 60.7 60.73333 60.76667 60.8 60.83333 60.86666 60.9 60.93333 60.96667 61 61.03333 61.06667 61.1 61.13334 61.16667 61.2 61.23333 61.26667 61.3 61.33333 61.36666 61.4 61.43333 61.46667 61.5 61.53333 61.56667 61.6 61.63334 61.66667 61.7 61.73333 61.76667 61.8 61.83333 61.86666 61.9 61.93333 61.96667 62 62.03333 62.06667 62.1 62.13334 62.16667 62.2 62.23333 62.26667 62.3 62.33333</float_array>
        <technique_common>
          <accessor source="#node-Bip01_Pelvis_matrix-input-array" count="61" stride="1">
            <param name="TIME" type="float"/>
          </accessor>
        </technique_common>
      </source>
      <source id="node-Bip01_Pelvis_matrix-output">
