<?xml version="1.0" encoding="utf-8"?>
<COLLADA xmlns="http://www.collada.org/2005/11/COLLADASchema" version="1.4.1">
  <asset>
    <contributor>
      <author>MattO</author>
      <authoring_tool>OpenCOLLADA for 3ds Max;  Version: 1.3.0;  Revision: 839M;  Platform: x64;  Configuration: Release_Max2012</authoring_tool>
      <source_data>file:///C:/Dropbox/Prj/GGStout/Turret/TP_ProxMine_PlayerAnims.max</source_data>
    </contributor>
    <created>2011-09-30T17:59:28</created>
    <modified>2011-09-30T17:59:28</modified>
    <unit name="meter" meter="1"/>
    <up_axis>Z_UP</up_axis>
  </asset>
  <library_effects>
    <effect id="ShapeBounds">
      <profile_COMMON>
        <technique sid="common">
          <blinn>
            <emission>
              <color>0 0 0 1</color>
            </emission>
            <ambient>
              <color>0.1647059 1 0 1</color>
            </ambient>
            <diffuse>
              <color>0.1647059 1 0 1</color>
            </diffuse>
            <specular>
              <color>0.9 0.9 0.9 1</color>
            </specular>
            <shininess>
              <float>10</float>
            </shininess>
            <reflective>
              <color>0 0 0 1</color>
            </reflective>
            <transparent opaque="A_ONE">
              <color>1 1 1 1</color>
            </transparent>
            <transparency>
              <float>1</float>
            </transparency>
          </blinn>
        </technique>
      </profile_COMMON>
      <extra>
        <technique profile="OpenCOLLADA3dsMax">
          <extended_shader>
            <apply_reflection_dimming>0</apply_reflection_dimming>
            <dim_level>0</dim_level>
            <falloff_type>0</falloff_type>
            <index_of_refraction>1.5</index_of_refraction>
            <opacity_type>0</opacity_type>
            <reflection_level>3</reflection_level>
            <wire_size>1</wire_size>
            <wire_units>0</wire_units>
          </extended_shader>
          <shader>
            <ambient_diffuse_lock>1</ambient_diffuse_lock>
            <ambient_diffuse_texture_lock>1</ambient_diffuse_texture_lock>
            <diffuse_specular_lock>0</diffuse_specular_lock>
            <soften>0.1</soften>
            <use_self_illum_color>0</use_self_illum_color>
          </shader>
        </technique>
      </extra>
    </effect>
  </library_effects>
  <library_materials>
    <material id="ShapeBounds-material" name="ShapeBounds">
      <instance_effect url="#ShapeBounds"/>
    </material>
  </library_materials>
  <library_geometries>
    <geometry id="geom-Bounds" name="Bounds">
      <mesh>
        <source id="geom-Bounds-positions">
          <float_array id="geom-Bounds-positions-array" count="24">-0.425 -0.425 0 0.425 -0.425 0 -0.425 0.425 0 0.425 0.425 0 -0.425 -0.425 1.84 0.425 -0.425 1.84 -0.425 0.425 1.84 0.425 0.425 1.84</float_array>
          <technique_common>
            <accessor source="#geom-Bounds-positions-array" count="8" stride="3">
              <param name="X" type="float"/>
              <param name="Y" type="float"/>
              <param name="Z" type="float"/>
            </accessor>
          </technique_common>
        </source>
        <source id="geom-Bounds-normals">
          <float_array id="geom-Bounds-normals-array" count="72">0 0 -1 0 0 -1 0 0 -1 0 0 -1 0 0 1 0 0 1 0 0 1 0 0 1 0 -1 0 0 -1 0 0 -1 0 0 -1 0 1 0 0 1 0 0 1 0 0 1 0 0 0 1 0 0 1 0 0 1 0 0 1 0 -1 0 0 -1 0 0 -1 0 0 -1 0 0</float_array>
          <technique_common>
            <accessor source="#geom-Bounds-normals-array" count="24" stride="3">
              <param name="X" type="float"/>
              <param name="Y" type="float"/>
              <param name="Z" type="float"/>
            </accessor>
          </technique_common>
        </source>
        <source id="geom-Bounds-map1">
          <float_array id="geom-Bounds-map1-array" count="36">0 0 0 1 0 0 0 1 0 1 1 0 0 0 0 1 0 0 0 1 0 1 1 0 0 0 0 1 0 0 0 1 0 1 1 0</float_array>
          <technique_common>
            <accessor source="#geom-Bounds-map1-array" count="12" stride="3">
              <param name="S" type="float"/>
              <param name="T" type="float"/>
              <param name="P" type="float"/>
            </accessor>
          </technique_common>
        </source>
        <vertices id="geom-Bounds-vertices">
          <input semantic="POSITION" source="#geom-Bounds-positions"/>
        </vertices>
        <triangles material="ShapeBounds" count="12">
          <input semantic="VERTEX" source="#geom-Bounds-vertices" offset="0"/>
          <input semantic="NORMAL" source="#geom-Bounds-normals" offset="1"/>
          <input semantic="TEXCOORD" source="#geom-Bounds-map1" offset="2" set="0"/>
          <p>0 0 9 2 1 11 3 2 10 3 2 10 1 3 8 0 0 9 4 4 8 5 5 9 7 6 11 7 6 11 6 7 10 4 4 8 0 8 4 1 9 5 5 10 7 5 10 7 4 11 6 0 8 4 1 12 0 3 13 1 7 14 3 7 14 3 5 15 2 1 12 0 3 16 4 2 17 5 6 18 7 6 18 7 7 19 6 3 16 4 2 20 0 0 21 1 4 22 3 4 22 3 6 23 2 2 20 0</p>
        </triangles>
      </mesh>
      <extra>
        <technique profile="OpenCOLLADA3dsMax">
          <max_box>
            <generateuvs>1</generateuvs>
            <height>1.84</height>
            <heightsegments>1</heightsegments>
            <length>0.85</length>
            <lengthsegments>1</lengthsegments>
            <width>0.85</width>
            <widthsegments>1</widthsegments>
          </max_box>
        </technique>
      </extra>
    </geometry>
  </library_geometries>
  <library_lights>
    <light id="EnvironmentAmbientLight" name="EnvironmentAmbientLight">
      <technique_common>
        <ambient>
          <color>0 0 0</color>
        </ambient>
      </technique_common>
    </light>
  </library_lights>
  <library_visual_scenes>
    <visual_scene id="MaxScene">
      <node name="EnvironmentAmbientLight">
        <instance_light url="#EnvironmentAmbientLight"/>
      </node>
      <node id="node-Bip01" name="Bip01">
        <matrix sid="matrix">0.7792376 -0.6267174 0.003750309 0.002109606 0.394603 0.4952663 0.7739508 0.01331978 -0.4869058 -0.6016117 0.6332346 0.8002694 0 0 0 1</matrix>
        <node id="node-Bip01_Pelvis" name="Bip01_Pelvis">
          <matrix sid="matrix">-0.009626687 0.9981475 0.0600725 0 -0.1217414 -0.06079841 0.990698 0 0.9925151 0.002223849 0.1221011 0 0 0 0 1</matrix>
          <node id="node-Bip01_Spine" name="Bip01_Spine">
            <matrix sid="matrix">0.9102762 -0.1242888 -0.3949049 0.1975095 0.1563549 0.9864376 0.04994377 0.02692929 0.3833414 -0.1072079 0.9173636 0.02593586 0 0 0 1</matrix>
            <node id="node-Bip01_Spine1" name="Bip01_Spine1">
              <matrix sid="matrix">0.9768052 0.202363 0.0700081 0.1022094 -0.2050412 0.978184 0.03338137 -9.88543e-5 -0.06172565 -0.04696169 0.9969877 4.70877e-6 0 0 0 1</matrix>
              <node id="node-Bip01_Spine2" name="Bip01_Spine2">
                <matrix>0.9382486 -0.1808119 0.2949519 0.126897 0.1591711 0.9825715 0.09601045 -1.68234e-4 -0.3071713 -0.04313388 0.9506764 7.51019e-6 0 0 0 1</matrix>
                <node id="node-Bip01_Neck" name="Bip01_Neck">
                  <matrix sid="matrix">0.8407079 -0.4308255 0.3280237 0.2151068 0.4136219 0.9019012 0.124463 -4.96209e-5 -0.3494668 0.03104067 0.9364344 -1.60933e-6 0 0 0 1</matrix>
                  <node id="node-Bip01_Head" name="Bip01_Head">
                    <matrix sid="matrix">0.7802361 0.2694756 -0.5644596 0.07051826 -0.6185187 0.1980898 -0.7603914 -0.01395917 -0.09309328 0.9424137 0.3212323 2.98023e-8 0 0 0 1</matrix>
                    <node id="node-ALTEYE" name="ALTEYE">
                      <matrix sid="matrix">0.05499085 0.3708132 0.9270786 0.06454694 0.07993893 0.9238678 -0.3742706 0.221461 -0.9952819 0.09469081 0.02116182 0.04716255 0 0 0 1</matrix>
                    </node>
                  </node>
                  <node id="node-Bip01_L_Clavicle" name="Bip01_L_Clavicle">
                    <matrix sid="matrix">-0.6136702 -0.4255437 0.6650726 -0.04690331 0.2107532 -0.9000523 -0.38143 -0.01204777 0.7609152 -0.09390613 0.64202 0.05588397 0 0 0 1</matrix>
                    <node id="node-Bip01_L_UpperArm" name="Bip01_L_UpperArm">
                      <matrix sid="matrix">0.8207638 0.2900859 0.492135 0.1824007 -0.3836648 0.9181893 0.09864035 0 -0.4232589 -0.2697754 0.8649122 0 0 0 0 1</matrix>
                      <node id="node-Bip01_L_Forearm" name="Bip01_L_Forearm">
                        <matrix>0.2327621 0.9725338 -3.72529e-9 0.2843689 -0.9725338 0.232762 7.2323e-9 0 1.58325e-8 2.23517e-8 1 5.96046e-8 0 0 0 1</matrix>
                        <node id="node-Bip01_L_Hand" name="Bip01_L_Hand">
                          <matrix sid="matrix">0.9615979 0.1951605 0.1929808 0.281068 -0.05443607 -0.5535406 0.8310412 -1.19209e-7 0.2690091 -0.8096328 -0.5216598 0 0 0 0 1</matrix>
                          <node id="node-Bip01_L_Finger0" name="Bip01_L_Finger0">
                            <matrix>0.345179 0.6252525 0.6999362 0.02119684 0.5973264 0.4288769 -0.6776915 -0.004734218 -0.7239146 0.6520152 -0.2254407 -0.02572185 0 0 0 1</matrix>
                            <node id="node-Bip01_L_Finger01" name="Bip01_L_Finger01">
                              <matrix>0.9455186 -0.3255681 2.98023e-8 0.04982859 0.3255681 0.9455186 1.49012e-8 0 2.98023e-8 -2.98023e-8 1 -5.96046e-8 0 0 0 1</matrix>
                              <node id="node-Bip01_L_Finger02" name="Bip01_L_Finger02">
                                <matrix>0.9203136 0.3911815 0 0.05202234 -0.3911815 0.9203135 -1.49012e-8 0 0 5.96046e-8 0.9999999 0 0 0 0 1</matrix>
                              </node>
                            </node>
                          </node>
                          <node id="node-Bip01_L_Finger1" name="Bip01_L_Finger1">
                            <matrix>0.9541454 -0.2819768 -0.1004766 0.1199947 0.2718616 0.9567645 -0.1034069 -0.008367538 0.1252909 0.07134956 0.9895512 -0.0410139 0 0 0 1</matrix>
                            <node id="node-Bip01_L_Finger11" name="Bip01_L_Finger11">
                              <matrix>0.9363124 -0.3511682 0 0.03644174 0.3511682 0.9363124 0 -8.9407e-8 -3.35276e-8 -5.96046e-8 1 -5.96046e-8 0 0 0 1</matrix>
                              <node id="node-Bip01_L_Finger12" name="Bip01_L_Finger12">
                                <matrix>0.7785828 -0.627542 0 0.03117549 0.6275421 0.7785827 5.96046e-8 5.96046e-8 2.98023e-8 0 1 0 0 0 0 1</matrix>
                              </node>
                            </node>
                          </node>
                          <node id="node-Bip01_L_Finger2" name="Bip01_L_Finger2">
                            <matrix>0.7812486 -0.6233675 -0.03260919 0.1229538 0.6235424 0.7769017 0.08728349 -0.008802027 -0.02907555 -0.08852333 0.9956495 -0.01328248 0 0 0 1</matrix>
                            <node id="node-Bip01_L_Finger21" name="Bip01_L_Finger21">
                              <matrix>0.7620706 -0.6474938 -1.49012e-8 0.03895521 0.647494 0.7620707 5.96046e-8 -8.9407e-8 -1.19209e-7 -1.19209e-7 1 -5.96046e-8 0 0 0 1</matrix>
                              <node id="node-Bip01_L_Finger22" name="Bip01_L_Finger22">
                                <matrix>0.976296 -0.2164397 -5.96046e-8 0.0380054 0.2164396 0.976296 2.98023e-8 0 -2.98023e-8 0 1 1.19209e-7 0 0 0 1</matrix>
                              </node>
                            </node>
                          </node>
                          <node id="node-Bip01_L_Finger3" name="Bip01_L_Finger3">
                            <matrix>0.412463 -0.9064788 -0.09038846 0.1211882 0.9061532 0.3980612 0.1429456 -0.001191258 -0.09359705 -0.1408657 0.9855944 0.01196867 0 0 0 1</matrix>
                            <node id="node-Bip01_L_Finger31" name="Bip01_L_Finger31">
                              <matrix>0.9381478 -0.3462352 -2.98023e-8 0.03155842 0.3462352 0.9381478 0 -5.96046e-8 0 1.49012e-8 1 5.96046e-8 0 0 0 1</matrix>
                              <node id="node-Bip01_L_Finger32" name="Bip01_L_Finger32">
                                <matrix>0.9636303 -0.2672383 2.98023e-8 0.03366594 0.2672384 0.9636304 1.49012e-8 -5.96046e-8 -5.96046e-8 -1.49012e-8 0.9999999 -5.96046e-8 0 0 0 1</matrix>
                              </node>
                            </node>
                          </node>
                          <node id="node-Bip01_L_Finger4" name="Bip01_L_Finger4">
                            <matrix>0.07120576 -0.9696805 0.2337719 0.1136797 0.9750154 0.1171045 0.1887629 0.005147398 -0.2104154 0.2144901 0.9537919 0.03886575 0 0 0 1</matrix>
                            <node id="node-Bip01_L_Finger41" name="Bip01_L_Finger41">
                              <matrix>0.9790112 -0.2038069 -2.98023e-8 0.03661624 0.203807 0.9790112 -5.96046e-8 5.96046e-8 8.9407e-8 -7.45058e-9 1 0 0 0 0 1</matrix>
                              <node id="node-Bip01_L_Finger42" name="Bip01_L_Finger42">
                                <matrix>0.9645152 0.2640274 0 0.01772624 -0.2640274 0.9645152 7.45058e-9 -5.96046e-8 0 2.23517e-8 1 -5.96046e-8 0 0 0 1</matrix>
                              </node>
                            </node>
                          </node>
                        </node>
                      </node>
                    </node>
                  </node>
                  <node id="node-Bip01_R_Clavicle" name="Bip01_R_Clavicle">
                    <matrix sid="matrix">0.2073931 -0.1669672 -0.9639034 8.67128e-4 0.5679266 -0.781728 0.2576056 -0.01629049 -0.7965221 -0.6008521 -0.06729993 -0.07212156 0 0 0 1</matrix>
                    <node id="node-Bip01_R_UpperArm" name="Bip01_R_UpperArm">
                      <matrix sid="matrix">0.6483561 0.756355 -0.08695579 0.1824007 -0.7603207 0.6491534 -0.02263543 1.19209e-7 0.0393272 0.0807901 0.995955 0 0 0 0 1</matrix>
                      <node id="node-Bip01_R_Forearm" name="Bip01_R_Forearm">
                        <matrix>0.4227554 0.9062439 2.98023e-8 0.2843689 -0.9062439 0.4227554 0 -5.96046e-8 -2.98023e-8 0 1 0 0 0 0 1</matrix>
                        <node id="node-Bip01_R_Hand" name="Bip01_R_Hand">
                          <matrix>0.8243836 0.5555388 -0.1084826 0.281068 0.2834097 -0.5710145 -0.7704682 0 -0.4899701 0.6044165 -0.6281801 0 0 0 0 1</matrix>
                          <node id="node-Bip01_R_Finger0" name="Bip01_R_Finger0">
                            <matrix>0.5215105 0.269013 -0.8097275 0.02119678 0.7250715 0.3605264 0.5867637 -0.004734278 0.4497753 -0.893114 -0.007035434 0.02572197 0 0 0 1</matrix>
                            <node id="node-Bip01_R_Finger01" name="Bip01_R_Finger01">
                              <matrix>0.6423534 -0.7636238 0.06527571 0.04982851 0.7605618 0.6456372 0.06854741 0 -0.09448884 0.005614541 0.9955102 1.19209e-7 0 0 0 1</matrix>
                              <node id="node-Bip01_R_Finger02" name="Bip01_R_Finger02">
                                <matrix>0.9505157 -0.3106765 0 0.0520224 0.3106765 0.9505159 -2.23517e-8 0 0 0 1 5.96046e-8 0 0 0 1</matrix>
                              </node>
                            </node>
                          </node>
                          <node id="node-Bip01_R_Finger1" name="Bip01_R_Finger1">
                            <matrix>0.9820225 -0.1733427 -0.07472676 0.1199946 0.1795577 0.9799356 0.08651486 -0.008367538 0.05823059 -0.09837732 0.9934441 0.0410139 0 0 0 1</matrix>
                            <node id="node-Bip01_R_Finger11" name="Bip01_R_Finger11">
                              <matrix>0.8240547 -0.5665102 -1.49012e-8 0.0364418 0.5665101 0.8240545 -2.98023e-8 -1.19209e-7 1.19209e-7 2.98023e-8 0.9999999 1.19209e-7 0 0 0 1</matrix>
                              <node id="node-Bip01_R_Finger12" name="Bip01_R_Finger12">
                                <matrix>0.8146399 -0.5796779 0.01831836 0.03117549 0.5799673 0.8142334 -0.02573051 0 -1.19209e-7 0.0315851 0.9995012 0 0 0 0 1</matrix>
                              </node>
                            </node>
                          </node>
                          <node id="node-Bip01_R_Finger2" name="Bip01_R_Finger2">
                            <matrix>0.6754013 -0.7374504 -1.52141e-4 0.1229538 0.7368311 0.6748427 -0.04082683 -0.008802056 0.03021055 0.02746248 0.9991662 0.01328248 0 0 0 1</matrix>
                            <node id="node-Bip01_R_Finger21" name="Bip01_R_Finger21">
                              <matrix>0.5508358 -0.8338858 -0.03484875 0.03895506 0.832222 0.551937 -0.05265063 1.78814e-7 0.06313893 2.98023e-8 0.9980047 5.96046e-8 0 0 0 1</matrix>
                              <node id="node-Bip01_R_Finger22" name="Bip01_R_Finger22">
                                <matrix>0.1984735 -0.9799248 0.01886618 0.03800529 0.9755273 0.199368 0.0927299 -5.96046e-8 -0.09462956 2.98023e-8 0.9955126 0 0 0 0 1</matrix>
                              </node>
                            </node>
                          </node>
                          <node id="node-Bip01_R_Finger3" name="Bip01_R_Finger3">
                            <matrix>0.7159052 -0.6949216 0.06755464 0.1211882 0.6883785 0.6863561 -0.234627 -0.001191258 0.1166808 0.214474 0.9697351 -0.01196861 0 0 0 1</matrix>
                            <node id="node-Bip01_R_Finger31" name="Bip01_R_Finger31">
                              <matrix>0.4441953 -0.8949347 0.04222366 0.03155848 0.8909186 0.4461977 0.08468754 -5.96046e-8 -0.09462991 0 0.9955127 0 0 0 0 1</matrix>
                              <node id="node-Bip01_R_Finger32" name="Bip01_R_Finger32">
                                <matrix>0.1993681 -0.9794357 -0.03095108 0.03366596 0.9799246 0.1992685 0.006297201 0 -1.49012e-8 -0.03158519 0.999501 -5.96046e-8 0 0 0 1</matrix>
                              </node>
                            </node>
                          </node>
                          <node id="node-Bip01_R_Finger4" name="Bip01_R_Finger4">
                            <matrix>0.5925791 -0.789795 -0.1583476 0.1136797 0.778352 0.6120423 -0.1399001 0.005147338 0.2074079 -0.04034828 0.9774221 -0.03886569 0 0 0 1</matrix>
                            <node id="node-Bip01_R_Finger41" name="Bip01_R_Finger41">
                              <matrix>0.4202556 -0.9064697 0.04120627 0.03661627 0.9068531 0.421151 0.01578772 -5.96046e-8 -0.03166524 0.03073308 0.9990261 5.96046e-8 0 0 0 1</matrix>
                              <node id="node-Bip01_R_Finger42" name="Bip01_R_Finger42">
                                <matrix>0.402447 -0.9138247 -0.05441487 0.0177263 0.9154231 0.4021218 0.01728314 2.98023e-8 0.006087571 -0.05676821 0.9983688 0 0 0 0 1</matrix>
                              </node>
                            </node>
                          </node>
                          <node id="node-MOUNT0" name="MOUNT0">
                            <matrix>-6.25849e-7 1 -7.45058e-8 0.109539 -0.9999999 -5.96046e-7 4.47035e-7 0.02518255 4.76837e-7 0 0.9999999 0.01321667 0 0 0 1</matrix>
                          </node>
                        </node>
                      </node>
                    </node>
                  </node>
                </node>
                <node id="node-Bip01_L_Pauldron_Upper" name="Bip01_L_Pauldron_Upper">
                  <matrix>0.9726137 0.1182849 0.2000785 0.1769029 0.1284546 -0.9909647 -0.03858745 -0.03908369 0.1937063 0.06323165 -0.9790199 0.2290199 0 0 0 1</matrix>
                </node>
                <node id="node-Bip01_R_Pauldron_Lower" name="Bip01_R_Pauldron_Lower">
                  <matrix>-0.1156725 -0.9403759 -0.3198653 0.1729059 0.909775 -0.2295502 0.3458563 -0.1133294 -0.3986599 -0.2509995 0.8820828 -0.2351094 0 0 0 1</matrix>
                </node>
                <node id="node-Bip01_L_Pauldron_Lower" name="Bip01_L_Pauldron_Lower">
                  <matrix>-0.2224681 -0.9222332 0.3162189 0.1529202 0.4323041 -0.3840304 -0.815864 -0.1054225 0.8738545 -0.04480103 0.4841194 0.2344802 0 0 0 1</matrix>
                </node>
              </node>
            </node>
            <node id="node-Bip01_L_Thigh" name="Bip01_L_Thigh">
              <matrix sid="matrix">-0.5705146 0.8155042 -0.09729369 -0.1450702 0.4675478 0.4198937 0.7778744 -0.01290274 0.6752126 0.3982993 -0.6208427 0.1698112 0 0 0 1</matrix>
              <node id="node-Bip01_L_Calf" name="Bip01_L_Calf">
                <matrix sid="matrix">0.5076393 0.8615698 -7.45058e-9 0.4629987 -0.8615698 0.5076393 0 0 -1.32248e-7 1.49012e-8 1 -1.11759e-8 0 0 0 1</matrix>
                <node id="node-Bip01_L_Foot" name="Bip01_L_Foot">
                  <matrix sid="matrix">0.8201157 0.5673048 -0.07466978 0.36105 -0.5552784 0.8205591 0.1354572 0 0.1381165 -0.06962804 0.9879654 5.58794e-9 0 0 0 1</matrix>
                  <node id="node-Bip01_L_Toe0" name="Bip01_L_Toe0">
                    <matrix sid="matrix">4.47035e-7 -1 1.38977e-6 0.1486306 1 4.47035e-7 2.23517e-8 0.1543275 -2.32831e-8 1.3893e-6 1 7.45058e-9 0 0 0 1</matrix>
                  </node>
                </node>
              </node>
            </node>
            <node id="node-Bip01_R_Thigh" name="Bip01_R_Thigh">
              <matrix sid="matrix">-0.9230672 0.3787275 -0.06717542 -0.2428116 0.3368571 0.88028 0.3341177 0.01443201 0.1856726 0.2857847 -0.9401345 -0.06409162 0 0 0 1</matrix>
              <node id="node-Bip01_R_Calf" name="Bip01_R_Calf">
                <matrix sid="matrix">0.7868518 0.6171421 2.98023e-8 0.4629987 -0.617142 0.7868519 0 0 -2.23517e-8 5.96046e-8 1 0 0 0 0 1</matrix>
                <node id="node-Bip01_R_Foot" name="Bip01_R_Foot">
                  <matrix sid="matrix">0.7366248 0.6730623 0.06611218 0.3610502 -0.6753477 0.7372527 0.01907256 0 -0.03590439 -0.05869809 0.9976299 0 0 0 0 1</matrix>
                  <node id="node-Bip01_R_Toe0" name="Bip01_R_Toe0">
                    <matrix sid="matrix">-0.1805803 -0.9786913 0.09774533 0.1486306 0.9833316 -0.1817874 -0.003513932 0.1543274 0.02120796 0.09548153 0.9952053 0 0 0 0 1</matrix>
                  </node>
                </node>
              </node>
            </node>
          </node>
          <node id="node-Bip01_FannyPack" name="Bip01_FannyPack">
            <matrix>-0.962992 -0.2062317 0.1735378 0.2299508 -0.2083318 0.9780384 0.006226927 -0.1378938 -0.1710109 -0.03015691 -0.9848075 0.01013961 0 0 0 1</matrix>
          </node>
        </node>
        <node id="node-EYE" name="EYE">
          <matrix sid="matrix">0.7792377 0.3946029 -0.4869057 -0.3379049 -0.6267174 0.4952663 -0.6016114 -0.4194205 0.003750384 0.7739505 0.6332344 0.5576904 0 0 0 1</matrix>
          <node id="node-CAM" name="CAM">
            <matrix>1 -6.03104e-8 3.55271e-15 4.84288e-8 6.03104e-8 1 -2.32831e-9 -0.104 -3.55271e-15 2.32832e-9 1 0.3005601 0 0 0 1</matrix>
          </node>
        </node>
      </node>
      <node id="node-Bounds" name="Bounds">
        <matrix>0.9999915 0.001706907 0.003750479 0 -0.001711356 0.9999978 0.001183292 0.1035326 -0.003748452 -0.0011897 0.9999923 -8.93474e-5 0 0 0 1</matrix>
        <instance_geometry url="#geom-Bounds">
          <bind_material>
            <technique_common>
              <instance_material symbol="ShapeBounds" target="#ShapeBounds-material"/>
            </technique_common>
          </bind_material>
        </instance_geometry>
      </node>
    </visual_scene>
  </library_visual_scenes>
  <library_animations>
    <animation>
      <source id="node-Bip01_matrix-input">
        <float_array id="node-Bip01_matrix-input-array" count="61">54.33333 54.36666 54.4 54.43333 54.46667 54.5 54.53333 54.56667 54.6 54.63334 54.66667 54.7 54.73333 54.76667 54.8 54.83333 54.86666 54.9 54.93333 54.96667 55 55.03333 55.06667 55.1 55.13334 55.16667 55.2 55.23333 55.26667 55.3 55.33333 55.36666 55.4 55.43333 55.46667 55.5 55.53333 55.56667 55.6 55.63334 55.66667 55.7 55.73333 55.76667 55.8 55.83333 55.86666 55.9 55.93333 55.96667 56 56.03333 56.06667 56.1 56.13334 56.16667 56.2 56.23333 56.26667 56.3 56.33333</float_array>
        <technique_common>
          <accessor source="#node-Bip01_matrix-input-array" count="61" stride="1">
            <param name="TIME" type="float"/>
          </accessor>
        </technique_common>
      </source>
      <source id="node-Bip01_matrix-output">
        <float_array id="node-Bip01_matrix-output-array" count="976">0.7792376 -0.6267174 0.003750264 0.002109587 0.394603 0.4952663 0.7739508 0.01331973 -0.4869058 -0.6016117 0.6332346 0.8002694 0 0 0 1 0.7792376 -0.6267174 0.003750264 0.002119719 0.394603 0.4952663 0.7739508 0.01334482 -0.4869058 -0.6016117 0.6332346 0.8032218 0 0 0 1 0.7792376 -0.6267174 0.003750264 0.002128124 0.394603 0.4952663 0.7739508 0.01336681 -0.4869058 -0.6016117 0.6332346 0.8064324 0 0 0 1 0.7792376 -0.6267174 0.003750324 0.00213474 0.394603 0.4952663 0.7739507 0.01338571 -0.4869058 -0.6016116 0.6332347 0.8098772 0 0 0 1 0.7792375 -0.6267175 0.003750205 0.002139627 0.394603 0.4952661 0.7739508 0.01340156 -0.4869059 -0.6016117 0.6332346 0.8135324 0 0 0 1 0.7792376 -0.6267174 0.003750264 0.002142846 0.394603 0.4952663 0.7739508 0.01341432 -0.4869058 -0.6016117 0.6332346 0.817374 0 0 0 1 0.7792376 -0.6267175 0.003750205 0.002144336 0.394603 0.4952662 0.7739508 0.01342397 -0.4869059 -0.6016117 0.6332346 0.8213781 0 0 0 1 0.7792376 -0.6267175 0.003750264 0.002144098 0.394603 0.4952663 0.7739508 0.01343059 -0.4869058 -0.6016117 0.6332347 0.8255208 0 0 0 1 0.7792376 -0.6267174 0.003750264 0.00214219 0.394603 0.4952664 0.7739507 0.01343411 -0.4869058 -0.6016116 0.6332347 0.8297801 0 0 0 1 0.7792376 -0.6267174 0.003750205 0.002138614 0.394603 0.4952663 0.7739508 0.01343458 -0.4869058 -0.6016117 0.6332346 0.834128 0 0 0 1 0.7792376 -0.6267175 0.003750264 0.002133309 0.394603 0.4952663 0.7739508 0.01343196 -0.4869058 -0.6016117 0.6332347 0.8385428 0 0 0 1 0.7792376 -0.6267174 0.003750264 0.002126395 0.394603 0.4952663 0.7739508 0.01342624 -0.4869058 -0.6016117 0.6332346 0.8430005 0 0 0 1 0.7792375 -0.6267175 0.003750205 0.002117812 0.3946031 0.4952662 0.7739509 0.01341748 -0.4869059 -0.6016117 0.6332346 0.8474771 0 0 0 1 0.7792376 -0.6267174 0.003750264 0.00210756 0.394603 0.4952663 0.7739508 0.01340562 -0.4869058 -0.6016117 0.6332347 0.8519487 0 0 0 1 0.7792376 -0.6267174 0.003750205 0.002095699 0.394603 0.4952663 0.7739508 0.01339066 -0.4869058 -0.6016117 0.6332346 0.8563913 0 0 0 1 0.7792376 -0.6267174 0.003750205 0.002082228 0.394603 0.4952663 0.7739507 0.0133726 -0.4869058 -0.6016116 0.6332347 0.8607811 0 0 0 1 0.7792376 -0.6267174 0.003750205 0.002067148 0.394603 0.4952663 0.7739508 0.0133515 -0.4869058 -0.6016117 0.6332346 0.8650941 0 0 0 1 0.7792375 -0.6267175 0.003750205 0.002050399 0.394603 0.4952661 0.7739509 0.0133273 -0.4869059 -0.6016117 0.6332346 0.8693065 0 0 0 1 0.7792376 -0.6267174 0.003750205 0.002032101 0.394603 0.4952663 0.7739507 0.0133 -0.4869058 -0.6016116 0.6332347 0.8733941 0 0 0 1 0.7792376 -0.6267175 0.003750205 0.002012193 0.394603 0.4952662 0.7739508 0.01326966 -0.4869058 -0.6016117 0.6332346 0.8773333 0 0 0 1 0.7792376 -0.6267175 0.003750205 0.001990735 0.394603 0.4952662 0.7739508 0.01323622 -0.4869058 -0.6016117 0.6332346 0.8810999 0 0 0 1 0.7792376 -0.6267174 0.003750205 0.001967668 0.394603 0.4952663 0.7739508 0.01319962 -0.4869058 -0.6016117 0.6332346 0.8846701 0 0 0 1 0.7792376 -0.6267174 0.003750145 0.001943111 0.394603 0.4952661 0.7739509 0.01316004 -0.4869059 -0.6016118 0.6332346 0.8880201 0 0 0 1 0.7792376 -0.6267174 0.003750205 0.001916944 0.394603 0.4952663 0.7739508 0.01311731 -0.4869058 -0.6016117 0.6332346 0.8911257 0 0 0 1 0.7792376 -0.6267174 0.003750145 0.001889288 0.394603 0.4952662 0.7739508 0.01307153 -0.4869058 -0.6016117 0.6332346 0.8939645 0 0 0 1 0.7792376 -0.6267175 0.003750205 0.001860082 0.394603 0.4952662 0.7739509 0.0130226 -0.4869058 -0.6016118 0.6332346 0.8965097 0 0 0 1 0.7792376 -0.6267175 0.003750145 0.001829326 0.394603 0.4952661 0.7739509 0.01297062 -0.4869059 -0.6016118 0.6332345 0.8987389 0 0 0 1 0.7792376 -0.6267174 0.003750145 0.00179708 0.394603 0.4952661 0.7739509 0.01291561 -0.4869059 -0.6016118 0.6332346 0.9006281 0 0 0 1 0.7792376 -0.6267175 0.003750085 0.001763343 0.394603 0.495266 0.7739509 0.01285743 -0.4869059 -0.6016119 0.6332345 0.9021534 0 0 0 1 0.7792376 -0.6267175 0.003750145 0.001728117 0.394603 0.4952661 0.7739509 0.01279616 -0.4869059 -0.6016118 0.6332345 0.9032909 0 0 0 1 0.7792376 -0.6267175 0.003750145 0.001691401 0.394603 0.4952661 0.7739509 0.01273185 -0.4869058 -0.6016118 0.6332345 0.9040166 0 0 0 1 0.7792376 -0.6267175 0.003750085 0.001653254 0.394603 0.4952661 0.7739509 0.01266443 -0.4869058 -0.6016118 0.6332345 0.9043067 0 0 0 1 0.7792376 -0.6267175 0.003750085 0.001613557 0.394603 0.495266 0.7739509 0.01259386 -0.4869059 -0.6016119 0.6332345 0.9041187 0 0 0 1 0.7792376 -0.6267175 0.003750085 0.001572489 0.394603 0.495266 0.7739509 0.01252025 -0.4869059 -0.6016119 0.6332345 0.9034451 0 0 0 1 0.7792376 -0.6267175 0.003750085 0.001529932 0.394603 0.495266 0.7739509 0.0124436 -0.4869059 -0.6016119 0.6332345 0.9023137 0 0 0 1 0.7792376 -0.6267175 0.003750085 0.001486003 0.394603 0.495266 0.7739509 0.01236379 -0.4869059 -0.6016119 0.6332345 0.9007534 0 0 0 1 0.7792376 -0.6267175 0.003750085 0.001440525 0.394603 0.495266 0.773951 0.01228088 -0.4869059 -0.6016119 0.6332344 0.898791 0 0 0 1 0.7792376 -0.6267175 0.003750026 0.001393735 0.394603 0.4952659 0.7739511 0.01219487 -0.4869059 -0.601612 0.6332344 0.8964549 0 0 0 1 0.7792376 -0.6267175 0.003750026 0.001345515 0.394603 0.4952659 0.7739511 0.01210582 -0.4869059 -0.601612 0.6332344 0.8937733 0 0 0 1 0.7792376 -0.6267175 0.003750085 0.001295924 0.394603 0.495266 0.7739509 0.01201367 -0.4869058 -0.6016119 0.6332345 0.8907743 0 0 0 1 0.7792376 -0.6267175 0.003750026 0.001244902 0.394603 0.4952659 0.7739511 0.0119183 -0.4869059 -0.601612 0.6332344 0.8874859 0 0 0 1 0.7792376 -0.6267175 0.003750026 0.001192569 0.394603 0.4952659 0.7739511 0.01181995 -0.4869059 -0.601612 0.6332344 0.8839359 0 0 0 1 0.7792376 -0.6267175 0.003750026 0.001138806 0.394603 0.4952659 0.7739511 0.01171851 -0.4869059 -0.601612 0.6332344 0.8801543 0 0 0 1 0.7792376 -0.6267175 0.003750026 0.001083731 0.394603 0.4952659 0.7739511 0.01161396 -0.4869059 -0.601612 0.6332344 0.8761659 0 0 0 1 0.7792376 -0.6267175 0.003750026 0.001027286 0.394603 0.4952659 0.7739511 0.01150619 -0.4869059 -0.601612 0.6332343 0.8720001 0 0 0 1 0.7792376 -0.6267175 0.003750085 9.69527e-4 0.394603 0.495266 0.773951 0.01139545 -0.4869059 -0.6016119 0.6332344 0.8676851 0 0 0 1 0.7792376 -0.6267175 0.003750026 9.10433e-4 0.394603 0.4952659 0.7739511 0.0112816 -0.4869059 -0.601612 0.6332344 0.863249 0 0 0 1 0.7792376 -0.6267175 0.003750026 8.49967e-4 0.394603 0.4952659 0.7739511 0.01116454 -0.4869059 -0.601612 0.6332344 0.8587197 0 0 0 1 0.7792375 -0.6267175 0.003749966 7.88247e-4 0.394603 0.4952659 0.7739511 0.0110445 -0.4869059 -0.601612 0.6332343 0.8541252 0 0 0 1 0.7792376 -0.6267175 0.003750026 7.25228e-4 0.394603 0.4952659 0.7739511 0.01092135 -0.4869059 -0.601612 0.6332343 0.8494937 0 0 0 1 0.7792375 -0.6267175 0.003750026 6.60921e-4 0.394603 0.4952659 0.7739511 0.01079511 -0.4869059 -0.601612 0.6332344 0.8448553 0 0 0 1 0.7792376 -0.6267175 0.003749966 5.95273e-4 0.394603 0.4952659 0.7739511 0.01066565 -0.4869059 -0.601612 0.6332343 0.8402338 0 0 0 1 0.7792376 -0.6267175 0.003749966 5.28416e-4 0.394603 0.4952659 0.7739511 0.01053315 -0.4869059 -0.601612 0.6332343 0.8356595 0 0 0 1 0.7792376 -0.6267175 0.003750026 4.60299e-4 0.3946029 0.4952659 0.7739511 0.01039761 -0.4869059 -0.601612 0.6332343 0.8311601 0 0 0 1 0.7792375 -0.6267175 0.003749966 3.90931e-4 0.394603 0.4952659 0.7739511 0.01025891 -0.4869059 -0.601612 0.6332343 0.826764 0 0 0 1 0.7792375 -0.6267175 0.003749966 3.20256e-4 0.394603 0.4952659 0.7739511 0.01011705 -0.4869059 -0.601612 0.6332343 0.822499 0 0 0 1 0.7792376 -0.6267175 0.003750026 2.48415e-4 0.394603 0.4952659 0.7739511 0.009972155 -0.4869059 -0.601612 0.6332343 0.8183934 0 0 0 1 0.7792376 -0.6267175 0.003749966 1.75352e-4 0.3946029 0.4952659 0.7739511 0.009824156 -0.4869059 -0.601612 0.6332343 0.8144767 0 0 0 1 0.7792376 -0.6267175 0.003749966 1.01077e-4 0.394603 0.4952659 0.773951 0.009673058 -0.4869058 -0.6016119 0.6332344 0.8107736 0 0 0 1 0.7792376 -0.6267175 0.003749966 2.55293e-5 0.394603 0.4952659 0.7739511 0.009518742 -0.4869059 -0.601612 0.6332343 0.8073137 0 0 0 1 0.7792376 -0.6267175 0.003749966 -5.11426e-5 0.394603 0.4952659 0.7739511 0.009361386 -0.4869059 -0.601612 0.6332343 0.8041253 0 0 0 1</float_array>
        <technique_common>
          <accessor source="#node-Bip01_matrix-output-array" count="61" stride="16">
            <param name="TRANSFORM" type="float4x4"/>
          </accessor>
        </technique_common>
      </source>
      <source id="node-Bip01_matrix-interpolation">
        <Name_array id="node-Bip01_matrix-interpolation-array" count="61">LINEAR LINEAR LINEAR LINEAR LINEAR LINEAR LINEAR LINEAR LINEAR LINEAR LINEAR LINEAR LINEAR LINEAR LINEAR LINEAR LINEAR LINEAR LINEAR LINEAR LINEAR LINEAR LINEAR LINEAR LINEAR LINEAR LINEAR LINEAR LINEAR LINEAR LINEAR LINEAR LINEAR LINEAR LINEAR LINEAR LINEAR LINEAR LINEAR LINEAR LINEAR LINEAR LINEAR LINEAR LINEAR LINEAR LINEAR LINEAR LINEAR LINEAR LINEAR LINEAR LINEAR LINEAR LINEAR LINEAR LINEAR LINEAR LINEAR LINEAR LINEAR</Name_array>
        <technique_common>
          <accessor source="#node-Bip01_matrix-interpolation-array" count="61" stride="1">
            <param name="INTERPOLATION" type="name"/>
          </accessor>
        </technique_common>
      </source>
      <source id="node-Bip01_Pelvis_matrix-input">
        <float_array id="node-Bip01_Pelvis_matrix-input-array" count="61">54.33333 54.36666 54.4 54.43333 54.46667 54.5 54.53333 54.56667 54.6 54.63334 54.66667 54.7 54.73333 54.76667 54.8 54.83333 54.86666 54.9 54.93333 54.96667 55 55.03333 55.06667 55.1 55.13334 55.16667 55.2 55.23333 55.26667 55.3 55.33333 55.36666 55.4 55.43333 55.46667 55.5 55.53333 55.56667 55.6 55.63334 55.66667 55.7 55.73333 55.76667 55.8 55.83333 55.86666 55.9 55.93333 55.96667 56 56.03333 56.06667 56.1 56.13334 56.16667 56.2 56.23333 56.26667 56.3 56.33333</float_array>
        <technique_common>
          <accessor source="#node-Bip01_Pelvis_matrix-input-array" count="61" stride="1">
            <param name="TIME" type="float"/>
          </accessor>
        </technique_common>
      </source>
      <source id="node-Bip01_Pelvis_matrix-output">
