<?xml version="1.0" encoding="utf-8"?>
<COLLADA xmlns="http://www.collada.org/2005/11/COLLADASchema" version="1.4.1">
  <asset>
    <contributor>
      <author>MattO</author>
      <authoring_tool>OpenCOLLADA for 3ds Max;  Version: 1.3.0;  Revision: 839M;  Platform: x64;  Configuration: Release_Max2012</authoring_tool>
      <source_data>file:///C:/Dropbox/Prj/GGStout/Turret/TP_ProxMine_PlayerAnims.max</source_data>
    </contributor>
    <created>2011-09-30T17:59:34</created>
    <modified>2011-09-30T17:59:34</modified>
    <unit name="meter" meter="1"/>
    <up_axis>Z_UP</up_axis>
  </asset>
  <library_effects>
    <effect id="ShapeBounds">
      <profile_COMMON>
        <technique sid="common">
          <blinn>
            <emission>
              <color>0 0 0 1</color>
            </emission>
            <ambient>
              <color>0.1647059 1 0 1</color>
            </ambient>
            <diffuse>
              <color>0.1647059 1 0 1</color>
            </diffuse>
            <specular>
              <color>0.9 0.9 0.9 1</color>
            </specular>
            <shininess>
              <float>10</float>
            </shininess>
            <reflective>
              <color>0 0 0 1</color>
            </reflective>
            <transparent opaque="A_ONE">
              <color>1 1 1 1</color>
            </transparent>
            <transparency>
              <float>1</float>
            </transparency>
          </blinn>
        </technique>
      </profile_COMMON>
      <extra>
        <technique profile="OpenCOLLADA3dsMax">
          <extended_shader>
            <apply_reflection_dimming>0</apply_reflection_dimming>
            <dim_level>0</dim_level>
            <falloff_type>0</falloff_type>
            <index_of_refraction>1.5</index_of_refraction>
            <opacity_type>0</opacity_type>
            <reflection_level>3</reflection_level>
            <wire_size>1</wire_size>
            <wire_units>0</wire_units>
          </extended_shader>
          <shader>
            <ambient_diffuse_lock>1</ambient_diffuse_lock>
            <ambient_diffuse_texture_lock>1</ambient_diffuse_texture_lock>
            <diffuse_specular_lock>0</diffuse_specular_lock>
            <soften>0.1</soften>
            <use_self_illum_color>0</use_self_illum_color>
          </shader>
        </technique>
      </extra>
    </effect>
  </library_effects>
  <library_materials>
    <material id="ShapeBounds-material" name="ShapeBounds">
      <instance_effect url="#ShapeBounds"/>
    </material>
  </library_materials>
  <library_geometries>
    <geometry id="geom-Bounds" name="Bounds">
      <mesh>
        <source id="geom-Bounds-positions">
          <float_array id="geom-Bounds-positions-array" count="24">-0.425 -0.425 0 0.425 -0.425 0 -0.425 0.425 0 0.425 0.425 0 -0.425 -0.425 1.84 0.425 -0.425 1.84 -0.425 0.425 1.84 0.425 0.425 1.84</float_array>
          <technique_common>
            <accessor source="#geom-Bounds-positions-array" count="8" stride="3">
              <param name="X" type="float"/>
              <param name="Y" type="float"/>
              <param name="Z" type="float"/>
            </accessor>
          </technique_common>
        </source>
        <source id="geom-Bounds-normals">
          <float_array id="geom-Bounds-normals-array" count="72">0 0 -1 0 0 -1 0 0 -1 0 0 -1 0 0 1 0 0 1 0 0 1 0 0 1 0 -1 0 0 -1 0 0 -1 0 0 -1 0 1 0 0 1 0 0 1 0 0 1 0 0 0 1 0 0 1 0 0 1 0 0 1 0 -1 0 0 -1 0 0 -1 0 0 -1 0 0</float_array>
          <technique_common>
            <accessor source="#geom-Bounds-normals-array" count="24" stride="3">
              <param name="X" type="float"/>
              <param name="Y" type="float"/>
              <param name="Z" type="float"/>
            </accessor>
          </technique_common>
        </source>
        <source id="geom-Bounds-map1">
          <float_array id="geom-Bounds-map1-array" count="36">0 0 0 1 0 0 0 1 0 1 1 0 0 0 0 1 0 0 0 1 0 1 1 0 0 0 0 1 0 0 0 1 0 1 1 0</float_array>
          <technique_common>
            <accessor source="#geom-Bounds-map1-array" count="12" stride="3">
              <param name="S" type="float"/>
              <param name="T" type="float"/>
              <param name="P" type="float"/>
            </accessor>
          </technique_common>
        </source>
        <vertices id="geom-Bounds-vertices">
          <input semantic="POSITION" source="#geom-Bounds-positions"/>
        </vertices>
        <triangles material="ShapeBounds" count="12">
          <input semantic="VERTEX" source="#geom-Bounds-vertices" offset="0"/>
          <input semantic="NORMAL" source="#geom-Bounds-normals" offset="1"/>
          <input semantic="TEXCOORD" source="#geom-Bounds-map1" offset="2" set="0"/>
          <p>0 0 9 2 1 11 3 2 10 3 2 10 1 3 8 0 0 9 4 4 8 5 5 9 7 6 11 7 6 11 6 7 10 4 4 8 0 8 4 1 9 5 5 10 7 5 10 7 4 11 6 0 8 4 1 12 0 3 13 1 7 14 3 7 14 3 5 15 2 1 12 0 3 16 4 2 17 5 6 18 7 6 18 7 7 19 6 3 16 4 2 20 0 0 21 1 4 22 3 4 22 3 6 23 2 2 20 0</p>
        </triangles>
      </mesh>
      <extra>
        <technique profile="OpenCOLLADA3dsMax">
          <max_box>
            <generateuvs>1</generateuvs>
            <height>1.84</height>
            <heightsegments>1</heightsegments>
            <length>0.85</length>
            <lengthsegments>1</lengthsegments>
            <width>0.85</width>
            <widthsegments>1</widthsegments>
          </max_box>
        </technique>
      </extra>
    </geometry>
  </library_geometries>
  <library_lights>
    <light id="EnvironmentAmbientLight" name="EnvironmentAmbientLight">
      <technique_common>
        <ambient>
          <color>0 0 0</color>
        </ambient>
      </technique_common>
    </light>
  </library_lights>
  <library_visual_scenes>
    <visual_scene id="MaxScene">
      <node name="EnvironmentAmbientLight">
        <instance_light url="#EnvironmentAmbientLight"/>
      </node>
      <node id="node-Bip01" name="Bip01">
        <matrix>0.7792376 -0.6267173 0.003750267 -0.002273232 0.6267178 0.7792454 0.001183462 0.01291391 -0.003664074 0.001428161 0.9999923 0.801132 0 0 0 1</matrix>
        <node id="node-Bip01_Pelvis" name="Bip01_Pelvis">
          <matrix>-0.009626727 0.991236 0.1317526 0 -0.1217413 -0.1319404 0.9837534 0 0.9925151 -0.006569401 0.1219445 0 0 0 0 1</matrix>
          <node id="node-Bip01_Spine" name="Bip01_Spine">
            <matrix>0.974003 -0.1713646 -0.1481635 0.1975133 0.0649147 0.8377451 -0.5421895 0.02500539 0.2170352 0.5184762 0.8270903 0.02776151 0 0 0 1</matrix>
            <node id="node-Bip01_Spine1" name="Bip01_Spine1">
              <matrix sid="matrix">0.9940997 -0.1082416 -0.007049471 0.1022409 0.1067968 0.9880621 -0.1110305 -9.98229e-5 0.01898344 0.1096225 0.9937921 -1.10827e-5 0 0 0 1</matrix>
              <node id="node-Bip01_Spine2" name="Bip01_Spine2">
                <matrix sid="matrix">0.9832066 -0.1774121 0.04277236 0.1268965 0.1811114 0.9773815 -0.1091972 -1.67385e-4 -0.02243201 0.11511 0.9930994 -1.97068e-5 0 0 0 1</matrix>
                <node id="node-Bip01_Neck" name="Bip01_Neck">
                  <matrix>0.9021776 -0.4308737 0.02058498 0.215107 0.4312888 0.9018878 -0.02426415 -4.95911e-5 -0.008110559 0.03076866 0.9994937 -1.69873e-6 0 0 0 1</matrix>
                  <node id="node-Bip01_Head" name="Bip01_Head">
                    <matrix sid="matrix">0.8405495 0.5172601 -0.1609924 0.07051826 -0.5327097 0.8432235 -0.07207131 -0.01395923 0.09847303 0.1463418 0.9843208 1.49012e-8 0 0 0 1</matrix>
                    <node id="node-ALTEYE" name="ALTEYE">
                      <matrix sid="matrix">0.02557475 0.2850217 0.9581802 0.06454706 0.0546617 0.956661 -0.2860287 0.2214611 -0.9981775 0.05969054 0.008886478 0.04716256 0 0 0 1</matrix>
                    </node>
                  </node>
                  <node id="node-Bip01_L_Clavicle" name="Bip01_L_Clavicle">
                    <matrix sid="matrix">-0.3165183 -0.4320421 0.8444855 -0.02496183 0.2102762 -0.9000647 -0.3816637 -0.01206517 0.9249866 0.05677164 0.3757352 0.06855243 0 0 0 1</matrix>
                    <node id="node-Bip01_L_UpperArm" name="Bip01_L_UpperArm">
                      <matrix sid="matrix">0.5840074 0.2586855 0.7694266 0.1824006 -0.4045279 0.9145254 -4.25167e-4 2.98023e-8 -0.7037703 -0.3110062 0.6387353 1.19209e-7 0 0 0 1</matrix>
                      <node id="node-Bip01_L_Forearm" name="Bip01_L_Forearm">
                        <matrix sid="matrix">-0.05032384 0.9987331 -2.98023e-8 0.2843691 -0.9987331 -0.05032388 -9.31323e-9 2.23517e-8 8.47504e-8 -2.98023e-8 1 0 0 0 0 1</matrix>
                        <node id="node-Bip01_L_Hand" name="Bip01_L_Hand">
                          <matrix sid="matrix">0.9893879 0.05142213 -0.1358951 0.2810681 0.1415261 -0.1293153 0.981452 0 0.03289506 -0.9902694 -0.1352206 0 0 0 0 1</matrix>
                          <node id="node-Bip01_L_Finger0" name="Bip01_L_Finger0">
                            <matrix sid="matrix">0.345179 0.6252525 0.6999362 0.02119675 0.5973265 0.4288769 -0.6776913 -0.004734218 -0.7239147 0.6520154 -0.2254408 -0.02572191 0 0 0 1</matrix>
                            <node id="node-Bip01_L_Finger01" name="Bip01_L_Finger01">
                              <matrix sid="matrix">0.9455186 -0.3255681 0 0.04982859 0.3255681 0.9455186 0 0 1.49012e-8 0 1 -5.96046e-8 0 0 0 1</matrix>
                              <node id="node-Bip01_L_Finger02" name="Bip01_L_Finger02">
                                <matrix sid="matrix">0.9203136 0.3911816 1.49012e-8 0.0520224 -0.3911815 0.9203135 -2.98023e-8 -5.96046e-8 -2.98023e-8 5.96046e-8 0.9999999 0 0 0 0 1</matrix>
                              </node>
                            </node>
                          </node>
                          <node id="node-Bip01_L_Finger1" name="Bip01_L_Finger1">
                            <matrix sid="matrix">0.9541454 -0.2819768 -0.1004766 0.1199947 0.2718615 0.9567645 -0.103407 -0.008367538 0.1252908 0.07134952 0.9895512 -0.04101372 0 0 0 1</matrix>
                            <node id="node-Bip01_L_Finger11" name="Bip01_L_Finger11">
                              <matrix sid="matrix">0.9363123 -0.3511683 0 0.03644168 0.3511682 0.9363124 0 0 2.98023e-8 2.98023e-8 1 -1.19209e-7 0 0 0 1</matrix>
                              <node id="node-Bip01_L_Finger12" name="Bip01_L_Finger12">
                                <matrix sid="matrix">0.7785826 -0.627542 -2.98023e-8 0.03117546 0.627542 0.7785827 7.45058e-9 0 0 -1.49012e-8 0.9999999 0 0 0 0 1</matrix>
                              </node>
                            </node>
                          </node>
                          <node id="node-Bip01_L_Finger2" name="Bip01_L_Finger2">
                            <matrix sid="matrix">0.7812487 -0.6233676 -0.03260919 0.1229538 0.6235425 0.7769018 0.08728343 -0.008801997 -0.02907553 -0.08852328 0.9956497 -0.01328242 0 0 0 1</matrix>
                            <node id="node-Bip01_L_Finger21" name="Bip01_L_Finger21">
                              <matrix sid="matrix">0.7620706 -0.6474939 0 0.03895515 0.6474939 0.7620706 -4.19095e-9 5.96046e-8 0 -7.45058e-9 1 -1.19209e-7 0 0 0 1</matrix>
                              <node id="node-Bip01_L_Finger22" name="Bip01_L_Finger22">
                                <matrix sid="matrix">0.9762961 -0.2164396 0 0.03800538 0.2164397 0.9762961 0 -2.98023e-8 1.49012e-8 0 1 1.19209e-7 0 0 0 1</matrix>
                              </node>
                            </node>
                          </node>
                          <node id="node-Bip01_L_Finger3" name="Bip01_L_Finger3">
                            <matrix sid="matrix">0.412463 -0.906479 -0.09038848 0.1211881 0.9061533 0.3980612 0.1429456 -0.001191199 -0.09359705 -0.1408656 0.9855945 0.01196861 0 0 0 1</matrix>
                            <node id="node-Bip01_L_Finger31" name="Bip01_L_Finger31">
                              <matrix sid="matrix">0.9381478 -0.3462352 0 0.03155845 0.3462351 0.9381478 -1.49012e-8 -2.98023e-8 0 -1.49012e-8 1 -1.19209e-7 0 0 0 1</matrix>
                              <node id="node-Bip01_L_Finger32" name="Bip01_L_Finger32">
                                <matrix sid="matrix">0.9636304 -0.2672384 7.45058e-9 0.03366596 0.2672384 0.9636306 0 -1.19209e-7 1.07102e-8 -1.49012e-8 1 1.19209e-7 0 0 0 1</matrix>
                              </node>
                            </node>
                          </node>
                          <node id="node-Bip01_L_Finger4" name="Bip01_L_Finger4">
                            <matrix sid="matrix">0.07120571 -0.9696807 0.2337719 0.1136796 0.9750155 0.1171045 0.1887628 0.005147517 -0.2104155 0.2144902 0.9537921 0.0388658 0 0 0 1</matrix>
                            <node id="node-Bip01_L_Finger41" name="Bip01_L_Finger41">
                              <matrix sid="matrix">0.9790111 -0.2038069 -1.86265e-9 0.03661621 0.2038069 0.9790111 1.49012e-8 5.96046e-8 1.86265e-9 -4.47035e-8 0.9999999 1.19209e-7 0 0 0 1</matrix>
                              <node id="node-Bip01_L_Finger42" name="Bip01_L_Finger42">
                                <matrix sid="matrix">0.9645152 0.2640273 -9.31323e-10 0.01772627 -0.2640274 0.9645151 0 0 1.86265e-9 -2.98023e-8 0.9999999 -5.96046e-8 0 0 0 1</matrix>
                              </node>
                            </node>
                          </node>
                        </node>
                      </node>
                    </node>
                  </node>
                  <node id="node-Bip01_R_Clavicle" name="Bip01_R_Clavicle">
                    <matrix sid="matrix">-0.3133329 -0.431816 -0.845788 -0.02385294 0.06824486 -0.8985736 0.4334833 -0.0162707 -0.9471881 0.07810397 0.311022 -0.068073 0 0 0 1</matrix>
                    <node id="node-Bip01_R_UpperArm" name="Bip01_R_UpperArm">
                      <matrix sid="matrix">0.3711552 0.6891942 -0.6222985 0.1824005 -0.7586526 0.6114997 0.2247542 8.9407e-8 0.5354348 0.3886896 0.7498201 -1.19209e-7 0 0 0 1</matrix>
                      <node id="node-Bip01_R_Forearm" name="Bip01_R_Forearm">
                        <matrix sid="matrix">0.2293727 0.9733389 0 0.284369 -0.9733388 0.2293727 7.45058e-9 -2.98023e-8 -2.98023e-8 2.98023e-8 1 0 0 0 0 1</matrix>
                        <node id="node-Bip01_R_Hand" name="Bip01_R_Hand">
                          <matrix sid="matrix">0.9498873 0.3110873 0.03064203 0.2810681 0.1189071 -0.2689309 -0.9557915 1.19209e-7 -0.2890939 0.9115378 -0.2924446 0 0 0 0 1</matrix>
                          <node id="node-Bip01_R_Finger0" name="Bip01_R_Finger0">
                            <matrix>0.466874 0.3554855 -0.8097275 0.02119678 0.6514512 0.4809566 0.5867638 -0.004734278 0.5980297 -0.8014428 -0.007035442 0.02572191 0 0 0 1</matrix>
                            <node id="node-Bip01_R_Finger01" name="Bip01_R_Finger01">
                              <matrix>0.8647895 -0.4978738 0.0652757 0.04982859 0.4938731 0.8668278 0.06854744 5.96046e-8 -0.09071077 -0.02704118 0.9955099 0 0 0 0 1</matrix>
                              <node id="node-Bip01_R_Finger02" name="Bip01_R_Finger02">
                                <matrix>0.8489718 0.5284383 9.31323e-9 0.05202243 -0.5284382 0.8489718 0 -1.19209e-7 -2.98023e-8 -1.49012e-8 1 5.96046e-8 0 0 0 1</matrix>
                              </node>
                            </node>
                          </node>
                          <node id="node-Bip01_R_Finger1" name="Bip01_R_Finger1">
                            <matrix>0.9820224 -0.1733427 -0.07472671 0.1199946 0.1795577 0.9799356 0.08651492 -0.008367568 0.05823065 -0.09837734 0.9934438 0.04101372 0 0 0 1</matrix>
                            <node id="node-Bip01_R_Finger11" name="Bip01_R_Finger11">
                              <matrix>0.9425994 -0.3339258 -1.49012e-8 0.0364418 0.3339258 0.9425995 0 0 -1.49012e-8 -2.98023e-8 1 0 0 0 0 1</matrix>
                              <node id="node-Bip01_R_Finger12" name="Bip01_R_Finger12">
                                <matrix>0.9832968 -0.1810849 0.01831833 0.03117543 0.1815189 0.9830507 -0.02573049 0 -0.01334843 0.02862586 0.999501 0 0 0 0 1</matrix>
                              </node>
                            </node>
                          </node>
                          <node id="node-Bip01_R_Finger2" name="Bip01_R_Finger2">
                            <matrix>0.9536397 -0.3009501 -1.52111e-4 0.1229538 0.3006932 0.9528465 -0.04082683 -0.008802027 0.01243181 0.03888837 0.999166 0.01328242 0 0 0 1</matrix>
                            <node id="node-Bip01_R_Finger21" name="Bip01_R_Finger21">
                              <matrix>0.9579761 -0.2847231 -0.0348487 0.03895527 0.2827407 0.9577502 -0.05265061 -2.98023e-8 0.04836719 0.04058488 0.9980047 -1.19209e-7 0 0 0 1</matrix>
                              <node id="node-Bip01_R_Finger22" name="Bip01_R_Finger22">
                                <matrix>0.9719918 -0.234256 0.01886612 0.03800529 0.2315868 0.9683846 0.09272986 0 -0.0399922 -0.08576354 0.9955124 -1.19209e-7 0 0 0 1</matrix>
                              </node>
                            </node>
                          </node>
                          <node id="node-Bip01_R_Finger3" name="Bip01_R_Finger3">
                            <matrix>0.9425169 -0.3272581 0.06755451 0.1211881 0.3338162 0.9129713 -0.234627 -0.001191258 0.01510826 0.2436907 0.9697351 -0.01196897 0 0 0 1</matrix>
                            <node id="node-Bip01_R_Finger31" name="Bip01_R_Finger31">
                              <matrix>0.6606858 -0.7494742 0.04222351 0.03155845 0.7450768 0.6615804 0.08468726 4.47035e-8 -0.09140516 -0.02449191 0.9955125 1.19209e-7 0 0 0 1</matrix>
                              <node id="node-Bip01_R_Finger32" name="Bip01_R_Finger32">
                                <matrix>0.8335402 -0.5515913 -0.03095102 0.03366596 0.5520073 0.8338154 0.006297089 0 0.02233402 -0.02233406 0.999501 0 0 0 0 1</matrix>
                              </node>
                            </node>
                          </node>
                          <node id="node-Bip01_R_Finger4" name="Bip01_R_Finger4">
                            <matrix>0.7372702 -0.6748959 -0.03078974 0.1136796 0.6745099 0.7379034 -0.02312393 0.005147398 0.03832612 -0.00371933 0.9992582 -0.03886569 0 0 0 1</matrix>
                            <node id="node-Bip01_R_Finger41" name="Bip01_R_Finger41">
                              <matrix>0.4202556 -0.9064698 0.04120618 0.03661618 0.9068531 0.421151 0.01578783 0 -0.03166524 0.03073304 0.9990258 0 0 0 0 1</matrix>
                              <node id="node-Bip01_R_Finger42" name="Bip01_R_Finger42">
                                <matrix>0.402447 -0.9138245 -0.05441486 0.0177263 0.9154231 0.4021218 0.01728319 -1.19209e-7 0.006087586 -0.05676816 0.9983688 -1.19209e-7 0 0 0 1</matrix>
                              </node>
                            </node>
                          </node>
                          <node id="node-MOUNT0" name="MOUNT0">
                            <matrix>-6.30971e-7 1 0 0.109539 -0.9999998 -6.49597e-7 4.76837e-7 0.02518257 4.76837e-7 7.45058e-9 1 0.01321661 0 0 0 1</matrix>
                          </node>
                        </node>
                      </node>
                    </node>
                  </node>
                </node>
                <node id="node-Bip01_L_Pauldron_Upper" name="Bip01_L_Pauldron_Upper">
                  <matrix sid="matrix">0.9726137 0.1182849 0.2000789 0.1769031 0.1283994 -0.9909826 -0.03830833 -0.03908372 0.1937435 0.06294922 -0.9790306 0.2290199 0 0 0 1</matrix>
                </node>
                <node id="node-Bip01_R_Pauldron_Lower" name="Bip01_R_Pauldron_Lower">
                  <matrix sid="matrix">-0.4978148 -0.6903213 -0.5250124 0.2125348 0.6369698 -0.7018505 0.3188672 -0.115576 -0.5886005 -0.1756802 0.7891048 -0.2237314 0 0 0 1</matrix>
                </node>
                <node id="node-Bip01_L_Pauldron_Lower" name="Bip01_L_Pauldron_Lower">
                  <matrix sid="matrix">-0.6334376 -0.2865633 0.7187756 0.2094395 0.1740503 -0.9578604 -0.2284962 -0.03083444 0.7539652 -0.01963509 0.6566211 0.2445399 0 0 0 1</matrix>
                </node>
              </node>
            </node>
            <node id="node-Bip01_L_Thigh" name="Bip01_L_Thigh">
              <matrix>-0.6100854 0.7915201 -0.03594615 -0.1723581 0.7472753 0.5898784 0.3059792 0.06460377 0.2633924 0.1598118 -0.9513595 0.1253033 0 0 0 1</matrix>
              <node id="node-Bip01_L_Calf" name="Bip01_L_Calf">
                <matrix>0.3873816 0.9219195 1.86265e-9 0.4629987 -0.9219193 0.3873815 -1.86265e-8 0 7.45058e-8 -2.98023e-8 0.9999999 -7.45058e-9 0 0 0 1</matrix>
                <node id="node-Bip01_L_Foot" name="Bip01_L_Foot">
                  <matrix>0.9270843 -0.3664186 -0.07907089 0.3610502 0.3740741 0.9179317 0.1321727 -1.49012e-8 0.02415108 -0.1521136 0.9880679 0 0 0 0 1</matrix>
                  <node id="node-Bip01_L_Toe0" name="Bip01_L_Toe0">
                    <matrix>4.76837e-7 -1 1.39046e-6 0.1486307 1 4.7707e-7 2.30575e-8 0.1543275 -2.30466e-8 1.38953e-6 1 0 0 0 0 1</matrix>
                  </node>
                </node>
              </node>
            </node>
            <node id="node-Bip01_R_Thigh" name="Bip01_R_Thigh">
              <matrix>-0.9349874 0.197164 0.2948306 -0.2276959 0.1444411 0.9708668 -0.1911926 -0.06759393 -0.3239375 -0.136177 -0.9362267 -0.08558211 0 0 0 1</matrix>
              <node id="node-Bip01_R_Calf" name="Bip01_R_Calf">
                <matrix>0.4407842 0.8976133 0 0.4629988 -0.8976132 0.440784 -2.6077e-8 -3.72529e-9 4.47035e-8 5.96046e-8 1 2.98023e-8 0 0 0 1</matrix>
                <node id="node-Bip01_R_Foot" name="Bip01_R_Foot">
                  <matrix>0.6420202 -0.7396411 0.2018445 0.3610501 0.7144873 0.6726829 0.192369 0 -0.2780613 0.02071052 0.9603401 -5.96046e-8 0 0 0 1</matrix>
                  <node id="node-Bip01_R_Toe0" name="Bip01_R_Toe0">
                    <matrix>-0.1805802 -0.9786913 0.09774529 0.1486307 0.9833316 -0.1817873 -0.003513819 0.1543275 0.02120782 0.09548151 0.9952052 -5.96046e-8 0 0 0 1</matrix>
                  </node>
                </node>
              </node>
            </node>
          </node>
          <node id="node-Bip01_FannyPack" name="Bip01_FannyPack">
            <matrix>-0.9629918 -0.2062317 0.1735378 0.2299506 -0.2083319 0.9780385 0.006227079 -0.1378937 -0.1710108 -0.03015682 -0.9848076 0.01013962 0 0 0 1</matrix>
          </node>
        </node>
        <node id="node-EYE" name="EYE">
          <matrix>0.7792379 0.6267177 -0.003664111 0.05888727 -0.6267173 0.7792452 0.001428192 0.0682091 0.003750314 0.001183283 0.999992 0.7692668 0 0 0 1</matrix>
          <node id="node-CAM" name="CAM">
            <matrix>1 -6.03104e-8 3.55271e-15 4.84288e-8 6.03104e-8 1 -2.32831e-9 -0.104 -3.55271e-15 2.32832e-9 1 0.3005601 0 0 0 1</matrix>
          </node>
        </node>
      </node>
      <node id="node-Bounds" name="Bounds">
        <matrix>0.9999915 0.001706907 0.003750479 0 -0.001711356 0.9999978 0.001183292 0.1035326 -0.003748452 -0.0011897 0.9999923 -8.93474e-5 0 0 0 1</matrix>
        <instance_geometry url="#geom-Bounds">
          <bind_material>
            <technique_common>
              <instance_material symbol="ShapeBounds" target="#ShapeBounds-material"/>
            </technique_common>
          </bind_material>
        </instance_geometry>
      </node>
    </visual_scene>
  </library_visual_scenes>
  <library_animations>
    <animation>
      <source id="node-Bip01_Spine1_matrix-input">
        <float_array id="node-Bip01_Spine1_matrix-input-array" count="97">68.13333 68.16666 68.2 68.23333 68.26667 68.3 68.33334 68.36667 68.4 68.43333 68.46667 68.5 68.53333 68.56667 68.6 68.63333 68.66666 68.7 68.73333 68.76667 68.8 68.83334 68.86667 68.9 68.93333 68.96667 69 69.03333 69.06667 69.1 69.13333 69.16666 69.2 69.23333 69.26667 69.3 69.33334 69.36667 69.4 69.43333 69.46667 69.5 69.53333 69.56667 69.6 69.63333 69.66666 69.7 69.73333 69.76667 69.8 69.83334 69.86667 69.9 69.93333 69.96667 70 70.03333 70.06667 70.1 70.13333 70.16666 70.2 70.23333 70.26667 70.3 70.33334 70.36667 70.4 70.43333 70.46667 70.5 70.53333 70.56667 70.6 70.63333 70.66666 70.7 70.73333 70.76667 70.8 70.83334 70.86667 70.9 70.93333 70.96667 71 71.03333 71.06667 71.1 71.13333 71.16666 71.2 71.23333 71.26667 71.3 71.33334</float_array>
        <technique_common>
          <accessor source="#node-Bip01_Spine1_matrix-input-array" count="97" stride="1">
            <param name="TIME" type="float"/>
          </accessor>
        </technique_common>
      </source>
      <source id="node-Bip01_Spine1_matrix-output">
        <float_array id="node-Bip01_Spine1_matrix-output-array" count="1552">0.9940997 -0.1082415 -0.007049441 0.1022408 0.1067968 0.9880621 -0.1110305 -9.98229e-5 0.01898342 0.1096224 0.9937921 -1.10827e-5 0 0 0 1 0.9940998 -0.1082191 -0.007383048 0.1022408 0.106797 0.9884021 -0.1079615 -9.98601e-5 0.01898097 0.106536 0.9941277 -1.07661e-5 0 0 0 1 0.9940998 -0.108182 -0.007905006 0.1022408 0.1067974 0.988915 -0.1031566 -9.99123e-5 0.0189771 0.1017038 0.9946339 -1.02818e-5 0 0 0 1 0.9940998 -0.1081295 -0.008587419 0.1022408 0.1067979 0.9895507 -0.09686875 -9.99719e-5 0.01897203 0.09538012 0.9952602 -9.63733e-6 0 0 0 1 0.9940999 -0.1080612 -0.009402215 0.1022408 0.1067985 0.9902579 -0.08935105 -1.00061e-4 0.01896601 0.08781993 0.9959559 -8.88109e-6 0 0 0 1 0.9940999 -0.1079766 -0.01032149 0.1022408 0.106799 0.9909874 -0.08085751 -1.00128e-4 0.01895922 0.07927811 0.9966723 -8.0131e-6 0 0 0 1 0.9940999 -0.107876 -0.01131731 0.1022407 0.1067996 0.991696 -0.07164257 -1.00195e-4 0.01895183 0.07001113 0.9973662 -7.08178e-6 0 0 0 1 0.9941001 -0.1077604 -0.01236164 0.1022407 0.1068 0.992348 -0.06196165 -1.00262e-4 0.01894414 0.06027597 0.9980021 -6.0983e-6 0 0 0 1 0.9941002 -0.107632 -0.01342672 0.1022408 0.1068005 0.9929161 -0.05207157 -1.00322e-4 0.01893615 0.05033046 0.9985532 -5.08875e-6 0 0 0 1 0.9941003 -0.1074936 -0.01448476 0.1022407 0.1068008 0.9933833 -0.04222947 -1.00359e-4 0.01892828 0.0404334 0.9990031 -4.08292e-6 0 0 0 1 0.9941003 -0.1073496 -0.01550811 0.1022406 0.1068011 0.9937428 -0.03269284 -1.00419e-4 0.01892066 0.03084379 0.9993451 -3.12552e-6 0 0 0 1 0.9941004 -0.1072053 -0.01646941 0.1022407 0.1068013 0.9939974 -0.02371996 -1.00449e-4 0.0189135 0.02182108 0.999583 -2.21655e-6 0 0 0 1 0.9941006 -0.1070667 -0.01734137 0.1022407 0.1068013 0.9941585 -0.01556861 -1.00449e-4 0.01890695 0.01362454 0.9997286 -1.37836e-6 0 0 0 1 0.9941008 -0.1069406 -0.0180968 0.1022407 0.1068015 0.9942442 -0.008496403 -1.00464e-4 0.01890128 0.006513535 0.9998002 -6.70552e-7 0 0 0 1 0.9941008 -0.1068345 -0.01870876 0.1022407 0.1068014 0.9942765 -0.002761125 -1.00464e-4 0.01889669 7.46718e-4 0.9998213 0 0 0 0 1 0.9941009 -0.1067649 -0.01909893 0.1022406 0.1068014 0.99428 8.98625e-4 -1.00449e-4 0.01889377 -0.002933025 0.9998173 2.98023e-7 0 0 0 1 0.9941009 -0.1067374 -0.01925063 0.1022406 0.1068014 0.9942777 0.00232172 -1.00449e-4 0.01889264 -0.004364013 0.9998121 4.39584e-7 0 0 0 1 0.9941009 -0.1067414 -0.01922893 0.1022406 0.1068014 0.9942781 0.002118468 -1.00456e-4 0.01889282 -0.004159688 0.999813 4.20958e-7 0 0 0 1 0.9941009 -0.1067649 -0.01909893 0.1022406 0.1068014 0.99428 8.98625e-4 -1.00449e-4 0.01889377 -0.002933025 0.9998173 2.98023e-7 0 0 0 1 0.9941008 -0.106796 -0.01892554 0.1022405 0.1068014 0.99428 -7.27997e-4 -1.00464e-4 0.01889508 -0.001297593 0.9998206 1.2666e-7 0 0 0 1 0.9941008 -0.106823 -0.01877385 0.1022405 0.1068014 0.9942779 -0.002151072 -1.00456e-4 0.01889622 1.3337e-4 0.9998214 0 0 0 0 1 0.9941008 -0.1068345 -0.01870876 0.1022407 0.1068014 0.9942767 -0.002761065 -1.00464e-4 0.01889669 7.4669e-4 0.9998213 0 0 0 0 1 0.9941008 -0.106831 -0.01872897 0.1022407 0.1068014 0.9942771 -0.002572059 -1.00471e-4 0.01889657 5.56676e-4 0.9998214 0 0 0 0 1 0.9941009 -0.1068212 -0.01878362 0.1022406 0.1068015 0.9942783 -0.002059042 -1.00449e-4 0.01889616 4.08264e-5 0.9998217 0 0 0 0 1 0.9941008 -0.106807 -0.01886427 0.1022406 0.1068015 0.9942795 -0.001303076 -1.00449e-4 0.0188955 -7.19372e-4 0.9998212 0 0 0 0 1 0.9941009 -0.1067895 -0.01896214 0.1022406 0.1068015 0.9942803 -3.84961e-4 -1.00456e-4 0.01889485 -0.001642465 0.9998202 1.63913e-7 0 0 0 1 0.9941008 -0.1067703 -0.01906859 0.1022405 0.1068015 0.9942801 6.14118e-4 -1.00464e-4 0.01889401 -0.002646982 0.9998179 2.6077e-7 0 0 0 1 0.9941008 -0.1067512 -0.01917511 0.1022405 0.1068014 0.994279 0.00161308 -1.00464e-4 0.01889318 -0.003651499 0.9998149 3.65078e-7 0 0 0 1 0.9941008 -0.1067334 -0.01927292 0.1022405 0.1068015 0.9942771 0.002531051 -1.00464e-4 0.01889246 -0.004574537 0.9998111 4.54485e-7 0 0 0 1 0.9941009 -0.1067188 -0.01935344 0.1022406 0.1068015 0.9942749 0.003287136 -1.00464e-4 0.01889187 -0.005334675 0.9998075 5.36442e-7 0 0 0 1 0.9941009 -0.1067087 -0.0194081 0.1022406 0.1068014 0.9942733 0.003800153 -1.00456e-4 0.01889145 -0.005850553 0.9998046 5.88596e-7 0 0 0 1 0.9941008 -0.106705 -0.01942825 0.1022405 0.1068014 0.9942722 0.00398916 -1.00464e-4 0.01889133 -0.006040632 0.9998033 6.03497e-7 0 0 0 1 0.9941008 -0.1067093 -0.01940518 0.1022405 0.1068014 0.9942732 0.003773212 -1.00464e-4 0.01889151 -0.005823433 0.9998046 5.81145e-7 0 0 0 1 0.9941008 -0.106723 -0.01933044 0.1022405 0.1068015 0.9942756 0.003071129 -1.00464e-4 0.01889204 -0.005117535 0.9998084 5.10365e-7 0 0 0 1 0.9941009 -0.1067475 -0.01919525 0.1022406 0.1068015 0.9942788 0.001802086 -1.00464e-4 0.01889306 -0.003841459 0.9998143 3.83705e-7 0 0 0 1 0.9941009 -0.1067844 -0.01899093 0.1022406 0.1068015 0.9942805 -1.15006e-4 -1.00449e-4 0.01889461 -0.001913964 0.9998197 1.93715e-7 0 0 0 1 0.9941007 -0.1068345 -0.01870876 0.1022406 0.1068014 0.9942764 -0.002761125 -1.00479e-4 0.01889669 7.46688e-4 0.9998211 0 0 0 0 1 0.9941008 -0.1069113 -0.01826828 0.1022407 0.1068015 0.9942564 -0.006890237 -1.00464e-4 0.01890003 0.004898428 0.9998095 -4.99189e-7 0 0 0 1 0.9941006 -0.1070213 -0.0176174 0.1022407 0.1068014 0.9941956 -0.01298511 -1.00449e-4 0.01890486 0.01102697 0.9997606 -1.12131e-6 0 0 0 1 0.9941006 -0.1071551 -0.01679044 0.1022407 0.1068012 0.9940646 -0.02072018 -1.00426e-4 0.01891106 0.0188046 0.9996445 -1.90362e-6 0 0 0 1 0.9941005 -0.1073035 -0.01582157 0.1022407 0.1068011 0.9938347 -0.0297687 -1.00419e-4 0.01891833 0.02790337 0.9994317 -2.82377e-6 0 0 0 1 0.9941002 -0.1074579 -0.01474511 0.1022406 0.1068008 0.9934832 -0.03980416 -1.00374e-4 0.01892632 0.03799456 0.9990987 -3.8445e-6 0 0 0 1 0.9941 -0.1076105 -0.01359581 0.1022407 0.1068004 0.9929971 -0.05049955 -1.00344e-4 0.0189349 0.04874956 0.9986315 -4.93228e-6 0 0 0 1 0.9941 -0.1077549 -0.01240837 0.1022407 0.1068 0.992375 -0.0615279 -1.00255e-4 0.01894372 0.05983978 0.9980283 -6.04615e-6 0 0 0 1 0.9941 -0.1078863 -0.01121789 0.1022408 0.1067993 0.9916291 -0.07256281 -1.00195e-4 0.0189526 0.07093667 0.9973009 -7.17118e-6 0 0 0 1 0.9940998 -0.1081138 -0.008781135 0.1022408 0.106798 0.989724 -0.09508234 -9.99942e-5 0.0189706 0.09358352 0.9954308 -9.45479e-6 0 0 0 1 0.9940996 -0.1082491 -0.00693202 0.1022407 0.1067967 0.9879401 -0.1121098 -9.98154e-5 0.01898425 0.110708 0.9936717 -1.11908e-5 0 0 0 1 0.9930993 -0.1170561 -0.007182359 0.1022414 0.1155976 0.9873719 -0.1083217 -9.97484e-5 0.01977139 0.1067439 0.9940899 -1.0781e-5 0 0 0 1 0.9903572 -0.1383119 -0.007927358 0.1022437 0.1368558 0.9856151 -0.09916377 -9.95845e-5 0.02152884 0.09712272 0.9950396 -9.81241e-6 0 0 0 1 0.9863735 -0.1642695 -0.009109437 0.1022463 0.1628494 0.9827231 -0.08795094 -9.9279e-5 0.02339971 0.08526903 0.9960832 -8.61287e-6 0 0 0 1 0.9822544 -0.1872652 -0.01040983 0.1022487 0.1859073 0.9794673 -0.07799035 -9.89586e-5 0.02480101 0.07467108 0.9969 -7.54744e-6 0 0 0 1 0.9797787 -0.1997702 -0.01121819 0.1022499 0.1984584 0.9774194 -0.07256293 -9.875e-5 0.02546077 0.06886929 0.9973009 -6.96257e-6 0 0 0 1 0.9789275 -0.2038838 -0.01149976 0.1022503 0.202589 0.9767027 -0.0707758 -9.86755e-5 0.02566188 0.06695467 0.9974259 -6.76513e-6 0 0 0 1 0.978318 -0.206778 -0.01170259 0.1022506 0.2054958 0.9761859 -0.06951808 -9.8601e-5 0.02579873 0.06560593 0.9975121 -6.61984e-6 0 0 0 1 0.9779294 -0.2086008 -0.01183229 0.1022507 0.2073268 0.9758546 -0.06872552 -9.85712e-5 0.02588289 0.06475567 0.9975654 -6.54161e-6 0 0 0 1 0.9777363 -0.2094999 -0.01189684 0.1022509 0.2082298 0.9756898 -0.06833469 -9.85861e-5 0.02592378 0.06433606 0.9975915 -6.50436e-6 0 0 0 1 0.9777103 -0.2096214 -0.01190561 0.1022508 0.208352 0.9756675 -0.06828188 -9.85637e-5 0.02592927 0.06427931 0.9975951 -6.48946e-6 0 0 0 1 0.9778199 -0.2091111 -0.01186889 0.1022509 0.2078394 0.9757613 -0.06850373 -9.85861e-5 0.02590614 0.06451749 0.9975804 -6.52298e-6 0 0 0 1 0.9780331 -0.2081149 -0.0117976 0.1022508 0.2068386 0.9759432 -0.06893688 -9.86159e-5 0.02586054 0.06498241 0.9975512 -6.57141e-6 0 0 0 1 0.978318 -0.206778 -0.01170259 0.1022506 0.2054958 0.9761859 -0.06951808 -9.86084e-5 0.02579873 0.06560593 0.9975121 -6.62729e-6 0 0 0 1 0.9786419 -0.2052461 -0.01159477 0.1022506 0.2039572 0.9764608 -0.07018387 -9.86606e-5 0.02572679 0.06632006 0.9974668 -6.7018e-6 0 0 0 1 0.9789733 -0.2036648 -0.01148456 0.1022503 0.2023691 0.9767413 -0.07087099 -9.86904e-5 0.02565139 0.06705671 0.9974194 -6.78003e-6 0 0 0 1 0.9792822 -0.2021805 -0.01138222 0.1022502 0.2008785 0.9770022 -0.07151591 -9.87053e-5 0.02557957 0.06774789 0.9973747 -6.84708e-6 0 0 0 1 0.9795386 -0.200939 -0.0112974 0.1022501 0.1996319 0.977218 -0.07205528 -9.87351e-5 0.02551871 0.06832557 0.9973367 -6.90669e-6 0 0 0 1 0.9797137 -0.2000868 -0.01123958 0.1022499 0.1987763 0.977365 -0.07242548 -9.87351e-5 0.02547651 0.06872206 0.9973106 -6.93649e-6 0 0 0 1 0.9797787 -0.1997702 -0.01121819 0.1022499 0.1984584 0.9774194 -0.07256293 -9.875e-5 0.02546077 0.06886929 0.9973009 -6.95884e-6 0 0 0 1 0.9797435 -0.1999416 -0.01122975 0.10225 0.1986305 0.97739 -0.07248848 -9.87351e-5 0.0254693 0.06878954 0.997306 -6.95139e-6 0 0 0 1 0.9796475 -0.2004101 -0.01126146 0.1022501 0.1991009 0.9773096 -0.07228505 -9.875e-5 0.0254926 0.06857174 0.9973206 -6.93276e-6 0 0 0 1 0.9795041 -0.201107 -0.01130884 0.1022501 0.1998007 0.977189 -0.07198226 -9.87351e-5 0.02552706 0.06824749 0.9973419 -6.89179e-6 0 0 0 1 0.9793272 -0.2019638 -0.01136738 0.1022502 0.200661 0.9770401 -0.07161009 -9.87127e-5 0.02556902 0.0678488 0.997368 -6.85453e-6 0 0 0 1 0.9791305 -0.2029117 -0.01143252 0.1022502 0.2016128 0.9768742 -0.07119822 -9.86829e-5 0.02561509 0.06740748 0.9973968 -6.80611e-6 0 0 0 1 0.9789279 -0.2038821 -0.01149964 0.1022503 0.2025873 0.976703 -0.07077658 -9.8668e-5 0.02566188 0.06695544 0.997426 -6.76513e-6 0 0 0 1 0.9787343 -0.2048068 -0.01156401 0.1022505 0.2035159 0.9765391 -0.07037484 -9.8668e-5 0.02570599 0.06652474 0.9974535 -6.72787e-6 0 0 0 1 0.9785637 -0.2056171 -0.01162075 0.1022506 0.2043298 0.9763945 -0.0700227 -9.86457e-5 0.02574431 0.0661472 0.9974778 -6.6869e-6 0 0 0 1 0.978431 -0.2062447 -0.01166492 0.1022506 0.2049601 0.9762821 -0.06974989 -9.86233e-5 0.02577382 0.0658546 0.9974964 -6.65709e-6 0 0 0 1 0.9783513 -0.2066212 -0.01169151 0.1022506 0.2053382 0.9762141 -0.06958615 -9.8601e-5 0.0257914 0.06567907 0.9975076 -6.62729e-6 0 0 0 1 0.978339 -0.2066782 -0.01169556 0.1022506 0.2053955 0.9762037 -0.06956136 -9.86159e-5 0.02579408 0.06565248 0.9975091 -6.63102e-6 0 0 0 1 0.9784092 -0.2063473 -0.01167213 0.1022506 0.2050632 0.9762634 -0.06970524 -9.86382e-5 0.02577865 0.06580668 0.9974993 -6.65337e-6 0 0 0 1 0.9785756 -0.20556 -0.01161676 0.1022506 0.2042724 0.9764047 -0.07004743 -9.86606e-5 0.02574163 0.06617379 0.9974761 -6.69062e-6 0 0 0 1 0.9788516 -0.2042474 -0.01152503 0.1022503 0.2029542 0.9766384 -0.07061785 -9.86606e-5 0.02567934 0.06678533 0.997437 -6.7465e-6 0 0 0 1 0.979249 -0.2023407 -0.01139318 0.1022502 0.2010394 0.9769743 -0.07144629 -9.87053e-5 0.02558743 0.06767332 0.9973796 -6.83591e-6 0 0 0 1 0.9797787 -0.1997702 -0.01121819 0.1022499 0.1984584 0.9774194 -0.07256293 -9.875e-5 0.02546077 0.06886929 0.9973009 -6.96257e-6 0 0 0 1 0.9805297 -0.1960647 -0.01097118 0.1022496 0.1947382 0.9780468 -0.07417201 -9.88171e-5 0.02527284 0.07059139 0.9971851 -7.13393e-6 0 0 0 1 0.9815403 -0.1909593 -0.01064115 0.102249 0.1896142 0.9788827 -0.07638782 -9.89065e-5 0.02500349 0.07295995 0.9970214 -7.37607e-6 0 0 0 1 0.9827424 -0.1846948 -0.01025259 0.1022484 0.1833286 0.9798637 -0.07910495 -9.89884e-5 0.02465647 0.0758602 0.9968135 -7.66665e-6 0 0 0 1 0.9840695 -0.1775124 -0.009829044 0.1022477 0.1761245 0.9809282 -0.08221793 -9.91151e-5 0.02423632 0.07917702 0.9965659 -8.00565e-6 0 0 0 1 0.9854589 -0.1696541 -0.00939244 0.1022468 0.168246 0.9820194 -0.08562088 -9.92045e-5 0.02374953 0.08279561 0.9962835 -8.367e-6 0 0 0 1 0.9868542 -0.1613641 -0.008962094 0.1022459 0.1599381 0.9830877 -0.08920764 -9.93162e-5 0.02320545 0.08660161 0.9959728 -8.74698e-6 0 0 0 1 0.9882065 -0.1528878 -0.008554041 0.1022452 0.1514474 0.9840926 -0.09287136 -9.9428e-5 0.02261686 0.09048068 0.9956412 -9.14559e-6 0 0 0 1 0.9894749 -0.1444724 -0.008180677 0.1022443 0.1430215 0.9850031 -0.09650564 -9.951e-5 0.02200037 0.09431988 0.9952988 -9.52929e-6 0 0 0 1 0.9906274 -0.1363664 -0.007850825 0.1022434 0.1349091 0.9857987 -0.100003 -9.95994e-5 0.02137643 0.09800648 0.9949563 -9.90182e-6 0 0 0 1 0.9916391 -0.1288194 -0.007569968 0.1022427 0.1273593 0.9864671 -0.1032562 -9.9659e-5 0.02076894 0.1014288 0.994626 -1.0252e-5 0 0 0 1 0.9924929 -0.1220822 -0.00734049 0.1022421 0.1206221 0.9870058 -0.1061581 -9.97111e-5 0.02020519 0.1044758 0.9943222 -1.05575e-5 0 0 0 1 0.993176 -0.1164057 -0.007162749 0.1022415 0.1149475 0.9874172 -0.1086015 -9.97782e-5 0.01971447 0.1070371 0.9940596 -1.08182e-5 0 0 0 1 0.9936786 -0.1120409 -0.007035672 0.1022409 0.1105853 0.987707 -0.1104794 -9.97856e-5 0.0193274 0.109003 0.9938535 -1.1012e-5 0 0 0 1 0.9939913 -0.1092386 -0.006958484 0.1022407 0.1077853 0.9878809 -0.1116845 -9.97931e-5 0.01907444 0.1102633 0.9937193 -1.11386e-5 0 0 0 1 0.9940996 -0.1082491 -0.00693202 0.1022407 0.1067967 0.9879401 -0.1121098 -9.98154e-5 0.01898425 0.110708 0.9936717 -1.11908e-5 0 0 0 1</float_array>
        <technique_common>
          <accessor source="#node-Bip01_Spine1_matrix-output-array" count="97" stride="16">
            <param name="TRANSFORM" type="float4x4"/>
          </accessor>
        </technique_common>
      </source>
      <source id="node-Bip01_Spine1_matrix-interpolation">
        <Name_array id="node-Bip01_Spine1_matrix-interpolation-array" count="97">LINEAR LINEAR LINEAR LINEAR LINEAR LINEAR LINEAR LINEAR LINEAR LINEAR LINEAR LINEAR LINEAR LINEAR LINEAR LINEAR LINEAR LINEAR LINEAR LINEAR LINEAR LINEAR LINEAR LINEAR LINEAR LINEAR LINEAR LINEAR LINEAR LINEAR LINEAR LINEAR LINEAR LINEAR LINEAR LINEAR LINEAR LINEAR LINEAR LINEAR LINEAR LINEAR LINEAR LINEAR LINEAR LINEAR LINEAR LINEAR LINEAR LINEAR LINEAR LINEAR LINEAR LINEAR LINEAR LINEAR LINEAR LINEAR LINEAR LINEAR LINEAR LINEAR LINEAR LINEAR LINEAR LINEAR LINEAR LINEAR LINEAR LINEAR LINEAR LINEAR LINEAR LINEAR LINEAR LINEAR LINEAR LINEAR LINEAR LINEAR LINEAR LINEAR LINEAR LINEAR LINEAR LINEAR LINEAR LINEAR LINEAR LINEAR LINEAR LINEAR LINEAR LINEAR LINEAR LINEAR LINEAR</Name_array>
        <technique_common>
          <accessor source="#node-Bip01_Spine1_matrix-interpolation-array" count="97" stride="1">
            <param name="INTERPOLATION" type="name"/>
          </accessor>
        </technique_common>
      </source>
      <source id="node-Bip01_Spine2_matrix-input">
