<?xml version="1.0" encoding="utf-8"?>
<COLLADA xmlns="http://www.collada.org/2005/11/COLLADASchema" version="1.4.1">
  <asset>
    <contributor>
      <author>MattO</author>
      <authoring_tool>OpenCOLLADA for 3ds Max;  Version: 1.3.0;  Revision: 839M;  Platform: x64;  Configuration: Release_Max2012</authoring_tool>
      <source_data>file:///C:/Dropbox/Prj/GGStout/Turret/TP_ProxMine_PlayerAnims.max</source_data>
    </contributor>
    <created>2011-09-30T17:59:29</created>
    <modified>2011-09-30T17:59:29</modified>
    <unit name="meter" meter="1"/>
    <up_axis>Z_UP</up_axis>
  </asset>
  <library_effects>
    <effect id="ShapeBounds">
      <profile_COMMON>
        <technique sid="common">
          <blinn>
            <emission>
              <color>0 0 0 1</color>
            </emission>
            <ambient>
              <color>0.1647059 1 0 1</color>
            </ambient>
            <diffuse>
              <color>0.1647059 1 0 1</color>
            </diffuse>
            <specular>
              <color>0.9 0.9 0.9 1</color>
            </specular>
            <shininess>
              <float>10</float>
            </shininess>
            <reflective>
              <color>0 0 0 1</color>
            </reflective>
            <transparent opaque="A_ONE">
              <color>1 1 1 1</color>
            </transparent>
            <transparency>
              <float>1</float>
            </transparency>
          </blinn>
        </technique>
      </profile_COMMON>
      <extra>
        <technique profile="OpenCOLLADA3dsMax">
          <extended_shader>
            <apply_reflection_dimming>0</apply_reflection_dimming>
            <dim_level>0</dim_level>
            <falloff_type>0</falloff_type>
            <index_of_refraction>1.5</index_of_refraction>
            <opacity_type>0</opacity_type>
            <reflection_level>3</reflection_level>
            <wire_size>1</wire_size>
            <wire_units>0</wire_units>
          </extended_shader>
          <shader>
            <ambient_diffuse_lock>1</ambient_diffuse_lock>
            <ambient_diffuse_texture_lock>1</ambient_diffuse_texture_lock>
            <diffuse_specular_lock>0</diffuse_specular_lock>
            <soften>0.1</soften>
            <use_self_illum_color>0</use_self_illum_color>
          </shader>
        </technique>
      </extra>
    </effect>
  </library_effects>
  <library_materials>
    <material id="ShapeBounds-material" name="ShapeBounds">
      <instance_effect url="#ShapeBounds"/>
    </material>
  </library_materials>
  <library_geometries>
    <geometry id="geom-Bounds" name="Bounds">
      <mesh>
        <source id="geom-Bounds-positions">
          <float_array id="geom-Bounds-positions-array" count="24">-0.425 -0.425 0 0.425 -0.425 0 -0.425 0.425 0 0.425 0.425 0 -0.425 -0.425 1.84 0.425 -0.425 1.84 -0.425 0.425 1.84 0.425 0.425 1.84</float_array>
          <technique_common>
            <accessor source="#geom-Bounds-positions-array" count="8" stride="3">
              <param name="X" type="float"/>
              <param name="Y" type="float"/>
              <param name="Z" type="float"/>
            </accessor>
          </technique_common>
        </source>
        <source id="geom-Bounds-normals">
          <float_array id="geom-Bounds-normals-array" count="72">0 0 -1 0 0 -1 0 0 -1 0 0 -1 0 0 1 0 0 1 0 0 1 0 0 1 0 -1 0 0 -1 0 0 -1 0 0 -1 0 1 0 0 1 0 0 1 0 0 1 0 0 0 1 0 0 1 0 0 1 0 0 1 0 -1 0 0 -1 0 0 -1 0 0 -1 0 0</float_array>
          <technique_common>
            <accessor source="#geom-Bounds-normals-array" count="24" stride="3">
              <param name="X" type="float"/>
              <param name="Y" type="float"/>
              <param name="Z" type="float"/>
            </accessor>
          </technique_common>
        </source>
        <source id="geom-Bounds-map1">
          <float_array id="geom-Bounds-map1-array" count="36">0 0 0 1 0 0 0 1 0 1 1 0 0 0 0 1 0 0 0 1 0 1 1 0 0 0 0 1 0 0 0 1 0 1 1 0</float_array>
          <technique_common>
            <accessor source="#geom-Bounds-map1-array" count="12" stride="3">
              <param name="S" type="float"/>
              <param name="T" type="float"/>
              <param name="P" type="float"/>
            </accessor>
          </technique_common>
        </source>
        <vertices id="geom-Bounds-vertices">
          <input semantic="POSITION" source="#geom-Bounds-positions"/>
        </vertices>
        <triangles material="ShapeBounds" count="12">
          <input semantic="VERTEX" source="#geom-Bounds-vertices" offset="0"/>
          <input semantic="NORMAL" source="#geom-Bounds-normals" offset="1"/>
          <input semantic="TEXCOORD" source="#geom-Bounds-map1" offset="2" set="0"/>
          <p>0 0 9 2 1 11 3 2 10 3 2 10 1 3 8 0 0 9 4 4 8 5 5 9 7 6 11 7 6 11 6 7 10 4 4 8 0 8 4 1 9 5 5 10 7 5 10 7 4 11 6 0 8 4 1 12 0 3 13 1 7 14 3 7 14 3 5 15 2 1 12 0 3 16 4 2 17 5 6 18 7 6 18 7 7 19 6 3 16 4 2 20 0 0 21 1 4 22 3 4 22 3 6 23 2 2 20 0</p>
        </triangles>
      </mesh>
      <extra>
        <technique profile="OpenCOLLADA3dsMax">
          <max_box>
            <generateuvs>1</generateuvs>
            <height>1.84</height>
            <heightsegments>1</heightsegments>
            <length>0.85</length>
            <lengthsegments>1</lengthsegments>
            <width>0.85</width>
            <widthsegments>1</widthsegments>
          </max_box>
        </technique>
      </extra>
    </geometry>
  </library_geometries>
  <library_lights>
    <light id="EnvironmentAmbientLight" name="EnvironmentAmbientLight">
      <technique_common>
        <ambient>
          <color>0 0 0</color>
        </ambient>
      </technique_common>
    </light>
  </library_lights>
  <library_visual_scenes>
    <visual_scene id="MaxScene">
      <node name="EnvironmentAmbientLight">
        <instance_light url="#EnvironmentAmbientLight"/>
      </node>
      <node id="node-Bip01" name="Bip01">
        <matrix sid="matrix">0.7289143 -0.6739804 -0.1201431 0.003133237 0.2546437 0.4298182 -0.8662637 0.006081312 0.6354845 0.6008383 0.4849255 0.8005587 0 0 0 1</matrix>
        <node id="node-Bip01_Pelvis" name="Bip01_Pelvis">
          <matrix sid="matrix">-0.009626746 0.9981475 0.06007257 0 -0.1217414 -0.06079838 0.990698 0 0.9925153 0.002223879 0.1221012 0 0 0 0 1</matrix>
          <node id="node-Bip01_Spine" name="Bip01_Spine">
            <matrix sid="matrix">0.7471296 -0.2868872 -0.5995777 0.1975227 0.3148938 0.9471764 -0.06082009 0.02693251 0.5853544 -0.1433628 0.7980024 0.02593881 0 0 0 1</matrix>
            <node id="node-Bip01_Spine1" name="Bip01_Spine1">
              <matrix sid="matrix">0.9636471 -0.01650289 -0.2666679 0.1022314 0.00181669 0.9984723 -0.05522641 -1.00911e-4 0.2671719 0.0527343 0.962205 -5.34952e-6 0 0 0 1</matrix>
              <node id="node-Bip01_Spine2" name="Bip01_Spine2">
                <matrix>0.9514735 -0.2883002 0.1076161 0.1269154 0.2840357 0.9573264 0.05338266 -1.63972e-4 -0.118414 -0.02022525 0.9927584 3.48687e-6 0 0 0 1</matrix>
                <node id="node-Bip01_Neck" name="Bip01_Neck">
                  <matrix>0.8875928 -0.4495168 0.1005656 0.2151082 0.4511093 0.8924363 0.007594744 -4.9144e-5 -0.09316236 0.03862491 0.9949014 -2.08616e-6 0 0 0 1</matrix>
                  <node id="node-Bip01_Head" name="Bip01_Head">
                    <matrix sid="matrix">0.9326668 0.03427852 -0.3591068 0.07051814 -0.3112421 0.5797391 -0.7530144 -0.01395911 0.182376 0.8140807 0.5513725 2.98023e-8 0 0 0 1</matrix>
                    <node id="node-ALTEYE" name="ALTEYE">
                      <matrix sid="matrix">0.08906012 0.001144801 0.996026 0.06454694 0.05466183 0.998487 -0.006035053 0.2214611 -0.9945253 0.05498169 0.08886275 0.04716253 0 0 0 1</matrix>
                    </node>
                  </node>
                  <node id="node-Bip01_L_Clavicle" name="Bip01_L_Clavicle">
                    <matrix>-0.389981 -0.4546316 0.8007653 -0.03100634 0.2242155 -0.8903286 -0.3962857 -0.01101124 0.8931082 0.02500009 0.4491467 0.0662237 0 0 0 1</matrix>
                    <node id="node-Bip01_L_UpperArm" name="Bip01_L_UpperArm">
                      <matrix sid="matrix">0.4950557 0.8609931 -0.1166639 0.1824007 -0.8214499 0.4200553 -0.3857118 7.45058e-9 -0.28309 0.2867823 0.9152136 0 0 0 0 1</matrix>
                      <node id="node-Bip01_L_Forearm" name="Bip01_L_Forearm">
                        <matrix>0.4432971 0.8963748 0 0.284369 -0.8963749 0.4432972 -7.45058e-9 1.49012e-8 0 5.96046e-8 1 1.19209e-7 0 0 0 1</matrix>
                        <node id="node-Bip01_L_Hand" name="Bip01_L_Hand">
                          <matrix sid="matrix">0.9607331 0.2488525 -0.1227373 0.2810681 0.2711414 -0.7480025 0.6057844 -1.49012e-8 0.05894312 -0.6152765 -0.7861049 -1.19209e-7 0 0 0 1</matrix>
                          <node id="node-Bip01_L_Finger0" name="Bip01_L_Finger0">
                            <matrix>0.345179 0.6252524 0.6999363 0.02119672 0.5973265 0.4288767 -0.6776914 -0.004734278 -0.7239146 0.6520151 -0.2254407 -0.02572191 0 0 0 1</matrix>
                            <node id="node-Bip01_L_Finger01" name="Bip01_L_Finger01">
                              <matrix>0.9455186 -0.3255681 -2.98023e-8 0.04982862 0.3255681 0.9455187 0 -1.78814e-7 -9.73232e-8 -5.96046e-8 1 0 0 0 0 1</matrix>
                              <node id="node-Bip01_L_Finger02" name="Bip01_L_Finger02">
                                <matrix>0.9203136 0.3911815 -1.44355e-8 0.05202235 -0.3911815 0.9203135 2.98023e-8 2.38419e-7 7.45058e-8 5.96046e-8 0.9999999 -5.96046e-8 0 0 0 1</matrix>
                              </node>
                            </node>
                          </node>
                          <node id="node-Bip01_L_Finger1" name="Bip01_L_Finger1">
                            <matrix>0.9541453 -0.2819768 -0.1004766 0.1199947 0.2718615 0.9567644 -0.103407 -0.008367479 0.1252908 0.07134947 0.9895509 -0.04101396 0 0 0 1</matrix>
                            <node id="node-Bip01_L_Finger11" name="Bip01_L_Finger11">
                              <matrix>0.9363125 -0.3511682 0 0.03644174 0.3511682 0.9363124 2.98023e-8 5.96046e-8 0 2.98023e-8 1 0 0 0 0 1</matrix>
                              <node id="node-Bip01_L_Finger12" name="Bip01_L_Finger12">
                                <matrix>0.7785827 -0.6275419 0 0.03117537 0.6275421 0.7785826 -1.49012e-8 -5.96046e-8 0 -4.47035e-8 1 -1.19209e-7 0 0 0 1</matrix>
                              </node>
                            </node>
                          </node>
                          <node id="node-Bip01_L_Finger2" name="Bip01_L_Finger2">
                            <matrix>0.7812487 -0.6233676 -0.03260921 0.1229538 0.6235424 0.7769018 0.08728343 -0.008801997 -0.02907556 -0.08852331 0.9956495 -0.01328254 0 0 0 1</matrix>
                            <node id="node-Bip01_L_Finger21" name="Bip01_L_Finger21">
                              <matrix>0.7620706 -0.6474938 0 0.03895521 0.6474938 0.7620707 -7.45058e-9 0 0 1.49012e-8 0.9999999 0 0 0 0 1</matrix>
                              <node id="node-Bip01_L_Finger22" name="Bip01_L_Finger22">
                                <matrix>0.9762961 -0.2164396 0 0.03800538 0.2164397 0.9762959 1.49012e-8 -1.49012e-8 -2.98023e-8 1.49012e-8 0.9999999 0 0 0 0 1</matrix>
                              </node>
                            </node>
                          </node>
                          <node id="node-Bip01_L_Finger3" name="Bip01_L_Finger3">
                            <matrix>0.4124631 -0.9064789 -0.09038854 0.1211882 0.9061531 0.3980612 0.1429456 -0.001191199 -0.09359705 -0.1408656 0.9855943 0.01196867 0 0 0 1</matrix>
                            <node id="node-Bip01_L_Finger31" name="Bip01_L_Finger31">
                              <matrix>0.9381478 -0.346235 2.98023e-8 0.03155836 0.3462351 0.9381478 -2.98023e-8 -2.98023e-8 -5.96046e-8 -2.98023e-8 1 -1.19209e-7 0 0 0 1</matrix>
                              <node id="node-Bip01_L_Finger32" name="Bip01_L_Finger32">
                                <matrix>0.9636305 -0.2672383 -2.98023e-8 0.03366601 0.2672384 0.9636304 1.49012e-8 2.98023e-8 0 -2.98023e-8 1 0 0 0 0 1</matrix>
                              </node>
                            </node>
                          </node>
                          <node id="node-Bip01_L_Finger4" name="Bip01_L_Finger4">
                            <matrix>0.07120568 -0.9696805 0.2337719 0.1136797 0.9750153 0.1171045 0.1887628 0.005147517 -0.2104154 0.2144901 0.9537919 0.0388658 0 0 0 1</matrix>
                            <node id="node-Bip01_L_Finger41" name="Bip01_L_Finger41">
                              <matrix>0.9790112 -0.203807 0 0.03661618 0.2038069 0.9790112 3.72529e-9 -2.98023e-8 2.98023e-8 -3.35276e-8 1 0 0 0 0 1</matrix>
                              <node id="node-Bip01_L_Finger42" name="Bip01_L_Finger42">
                                <matrix>0.9645151 0.2640274 0 0.01772633 -0.2640275 0.9645153 0 2.98023e-8 -2.98023e-8 -1.86265e-8 1 0 0 0 0 1</matrix>
                              </node>
                            </node>
                          </node>
                        </node>
                      </node>
                    </node>
                  </node>
                  <node id="node-Bip01_R_Clavicle" name="Bip01_R_Clavicle">
                    <matrix>0.005314082 -0.3342975 -0.9424527 -0.01827145 0.56333 -0.7776896 0.2790309 -0.01629066 -0.8262151 -0.5323946 0.184187 -0.06977396 0 0 0 1</matrix>
                    <node id="node-Bip01_R_UpperArm" name="Bip01_R_UpperArm">
                      <matrix sid="matrix">0.9178214 -0.2678175 -0.2930484 0.1824006 0.3420778 0.9081228 0.2414451 1.49012e-8 0.2014607 -0.3218489 0.9251093 -1.19209e-7 0 0 0 1</matrix>
                      <node id="node-Bip01_R_Forearm" name="Bip01_R_Forearm">
                        <matrix>-0.2624848 0.9649363 2.98023e-8 0.284369 -0.9649362 -0.2624848 2.98023e-8 0 -8.19564e-8 -5.96046e-8 1 0 0 0 0 1</matrix>
                        <node id="node-Bip01_R_Hand" name="Bip01_R_Hand">
                          <matrix>0.6063815 0.7323579 -0.3097635 0.2810681 0.5499002 -0.6676022 -0.5019135 5.96046e-8 -0.5743791 0.1340121 -0.8075452 0 0 0 0 1</matrix>
                          <node id="node-Bip01_R_Finger0" name="Bip01_R_Finger0">
                            <matrix>0.5215105 0.269013 -0.8097275 0.02119678 0.7250717 0.3605264 0.5867636 -0.004734144 0.4497753 -0.893114 -0.007035494 0.02572203 0 0 0 1</matrix>
                            <node id="node-Bip01_R_Finger01" name="Bip01_R_Finger01">
                              <matrix>0.6423533 -0.7636238 0.06527574 0.04982847 0.7605616 0.645637 0.06854744 0 -0.09448884 0.005614482 0.99551 -2.98023e-8 0 0 0 1</matrix>
                              <node id="node-Bip01_R_Finger02" name="Bip01_R_Finger02">
                                <matrix>0.9505157 -0.3106765 1.86265e-8 0.0520224 0.3106765 0.9505157 0 0 -1.11759e-8 0 0.9999999 2.98023e-8 0 0 0 1</matrix>
                              </node>
                            </node>
                          </node>
                          <node id="node-Bip01_R_Finger1" name="Bip01_R_Finger1">
                            <matrix>0.9820224 -0.1733427 -0.0747267 0.1199947 0.1795577 0.9799357 0.08651491 -0.008367553 0.05823065 -0.09837732 0.993444 0.04101384 0 0 0 1</matrix>
                            <node id="node-Bip01_R_Finger11" name="Bip01_R_Finger11">
                              <matrix>0.8240548 -0.5665102 1.49012e-8 0.03644168 0.5665101 0.8240548 1.49012e-8 2.98023e-8 0 -1.11759e-8 1 1.19209e-7 0 0 0 1</matrix>
                              <node id="node-Bip01_R_Finger12" name="Bip01_R_Finger12">
                                <matrix>0.8146398 -0.5796779 0.01831834 0.0311754 0.5799672 0.8142333 -0.0257305 0 0 0.03158512 0.9995012 -1.19209e-7 0 0 0 1</matrix>
                              </node>
                            </node>
                          </node>
                          <node id="node-Bip01_R_Finger2" name="Bip01_R_Finger2">
                            <matrix>0.6754013 -0.7374504 -1.52113e-4 0.1229538 0.7368311 0.6748428 -0.04082686 -0.008801982 0.03021044 0.02746242 0.9991661 0.01328254 0 0 0 1</matrix>
                            <node id="node-Bip01_R_Finger21" name="Bip01_R_Finger21">
                              <matrix>0.5508358 -0.8338858 -0.03484869 0.03895514 0.832222 0.551937 -0.05265059 -5.96046e-8 0.06313887 0 0.9980048 0 0 0 0 1</matrix>
                              <node id="node-Bip01_R_Finger22" name="Bip01_R_Finger22">
                                <matrix>0.1984733 -0.9799247 0.01886612 0.03800541 0.9755273 0.199368 0.09272987 -2.98023e-8 -0.09462959 5.96046e-8 0.9955126 0 0 0 0 1</matrix>
                              </node>
                            </node>
                          </node>
                          <node id="node-Bip01_R_Finger3" name="Bip01_R_Finger3">
                            <matrix>0.7159052 -0.6949216 0.06755476 0.1211881 0.6883785 0.6863561 -0.234627 -0.001191229 0.1166807 0.214474 0.9697352 -0.01196873 0 0 0 1</matrix>
                            <node id="node-Bip01_R_Finger31" name="Bip01_R_Finger31">
                              <matrix>0.4441954 -0.8949345 0.0422236 0.03155845 0.8909185 0.4461976 0.08468756 2.98023e-8 -0.09462991 -5.96046e-8 0.9955126 0 0 0 0 1</matrix>
                              <node id="node-Bip01_R_Finger32" name="Bip01_R_Finger32">
                                <matrix>0.1993681 -0.9794357 -0.03095099 0.03366596 0.9799247 0.1992686 0.006297089 -5.96046e-8 -3.72529e-9 -0.03158513 0.9995011 0 0 0 0 1</matrix>
                              </node>
                            </node>
                          </node>
                          <node id="node-Bip01_R_Finger4" name="Bip01_R_Finger4">
                            <matrix>0.5925791 -0.7897949 -0.1583476 0.1136796 0.7783522 0.6120423 -0.1399001 0.005147442 0.2074078 -0.0403483 0.9774221 -0.0388658 0 0 0 1</matrix>
                            <node id="node-Bip01_R_Finger41" name="Bip01_R_Finger41">
                              <matrix>0.4202556 -0.9064695 0.04120627 0.03661621 0.906853 0.421151 0.01578781 -5.96046e-8 -0.03166518 0.03073305 0.9990259 0 0 0 0 1</matrix>
                              <node id="node-Bip01_R_Finger42" name="Bip01_R_Finger42">
                                <matrix>0.4024471 -0.9138246 -0.05441487 0.01772635 0.9154232 0.4021218 0.01728314 5.96046e-8 0.006087586 -0.05676815 0.998369 -5.96046e-8 0 0 0 1</matrix>
                              </node>
                            </node>
                          </node>
                          <node id="node-MOUNT0" name="MOUNT0">
                            <matrix>-6.0373e-7 1 7.91624e-9 0.109539 -0.9999998 -6.60541e-7 4.61936e-7 0.02518259 4.76837e-7 3.72529e-9 0.9999999 0.01321661 0 0 0 1</matrix>
                          </node>
                        </node>
                      </node>
                    </node>
                  </node>
                </node>
                <node id="node-Bip01_L_Pauldron_Upper" name="Bip01_L_Pauldron_Upper">
                  <matrix>0.9726135 0.1182849 0.2000787 0.176903 0.1284546 -0.9909649 -0.03858757 -0.0390837 0.1937064 0.06323189 -0.9790198 0.2290199 0 0 0 1</matrix>
                </node>
                <node id="node-Bip01_R_Pauldron_Lower" name="Bip01_R_Pauldron_Lower">
                  <matrix>-0.3052846 -0.1954153 -0.9319951 0.2372106 0.6240803 -0.7802941 -0.0408163 -0.02111503 -0.7192536 -0.5941002 0.3601661 -0.2098968 0 0 0 1</matrix>
                </node>
                <node id="node-Bip01_L_Pauldron_Lower" name="Bip01_L_Pauldron_Lower">
                  <matrix>-0.4145347 -0.3869151 0.8236855 0.1956228 0.2134439 -0.9212053 -0.325304 -0.05026325 0.8846486 0.04096072 0.4644561 0.2363185 0 0 0 1</matrix>
                </node>
              </node>
            </node>
            <node id="node-Bip01_L_Thigh" name="Bip01_L_Thigh">
              <matrix sid="matrix">-0.2885334 0.9479524 -0.1346652 -0.09661472 0.5762121 0.284242 0.7662807 0.01659897 0.7646751 0.1435019 -0.628235 0.2011036 0 0 0 1</matrix>
              <node id="node-Bip01_L_Calf" name="Bip01_L_Calf">
                <matrix sid="matrix">0.5171975 0.8558664 -1.39698e-9 0.4629987 -0.8558661 0.5171974 0 5.96046e-8 5.96046e-8 -1.11759e-8 1 2.23517e-8 0 0 0 1</matrix>
                <node id="node-Bip01_L_Foot" name="Bip01_L_Foot">
                  <matrix sid="matrix">0.8082492 0.5840479 -0.0749789 0.3610501 -0.5720924 0.8090211 0.1348896 1.19209e-7 0.1394414 -0.06612957 0.9880198 -2.23517e-8 0 0 0 1</matrix>
                  <node id="node-Bip01_L_Toe0" name="Bip01_L_Toe0">
                    <matrix sid="matrix">4.84288e-7 -1 1.38581e-6 0.1486307 1 4.76837e-7 3.44589e-8 0.1543275 -2.23517e-8 1.40071e-6 1 -1.11759e-8 0 0 0 1</matrix>
                  </node>
                </node>
              </node>
            </node>
            <node id="node-Bip01_R_Thigh" name="Bip01_R_Thigh">
              <matrix sid="matrix">-0.7689008 0.5827249 -0.2631027 -0.2458639 0.5022296 0.8051304 0.3154845 0.05315214 0.3956727 0.1104384 -0.9117272 -0.002365544 0 0 0 1</matrix>
              <node id="node-Bip01_R_Calf" name="Bip01_R_Calf">
                <matrix sid="matrix">0.7776473 0.6287009 -1.49012e-8 0.4629987 -0.6287007 0.7776475 0 0 0 1.49012e-8 1 1.49012e-8 0 0 0 1</matrix>
                <node id="node-Bip01_R_Foot" name="Bip01_R_Foot">
                  <matrix sid="matrix">0.7363167 0.674201 0.05736402 0.36105 -0.6758883 0.7368408 0.01549894 0 -0.03181872 -0.0501838 0.998233 2.98023e-8 0 0 0 1</matrix>
                  <node id="node-Bip01_R_Toe0" name="Bip01_R_Toe0">
                    <matrix sid="matrix">-0.1805803 -0.9786913 0.0977453 0.1486307 0.9833316 -0.1817875 -0.003513977 0.1543275 0.02120798 0.09548151 0.9952054 1.49012e-8 0 0 0 1</matrix>
                  </node>
                </node>
              </node>
            </node>
          </node>
          <node id="node-Bip01_FannyPack" name="Bip01_FannyPack">
            <matrix>-0.9629919 -0.2062317 0.1735378 0.2299507 -0.2083318 0.9780385 0.006226957 -0.1378936 -0.1710109 -0.03015691 -0.9848076 0.0101397 0 0 0 1</matrix>
          </node>
        </node>
        <node id="node-EYE" name="EYE">
          <matrix sid="matrix">0.7289144 0.2546436 0.6354843 0.514497 -0.6739805 0.4298181 0.6008383 0.5040947 -0.1201431 -0.8662637 0.4849255 0.2884598 0 0 0 1</matrix>
          <node id="node-CAM" name="CAM">
            <matrix>1 -6.03104e-8 3.55271e-15 4.84288e-8 6.03104e-8 1 -2.32831e-9 -0.104 -3.55271e-15 2.32832e-9 1 0.3005601 0 0 0 1</matrix>
          </node>
        </node>
      </node>
      <node id="node-Bounds" name="Bounds">
        <matrix>0.9999915 0.001706907 0.003750479 0 -0.001711356 0.9999978 0.001183292 0.1035326 -0.003748452 -0.0011897 0.9999923 -8.93474e-5 0 0 0 1</matrix>
        <instance_geometry url="#geom-Bounds">
          <bind_material>
            <technique_common>
              <instance_material symbol="ShapeBounds" target="#ShapeBounds-material"/>
            </technique_common>
          </bind_material>
        </instance_geometry>
      </node>
    </visual_scene>
  </library_visual_scenes>
  <library_animations>
    <animation>
      <source id="node-Bip01_matrix-input">
        <float_array id="node-Bip01_matrix-input-array" count="61">57.33333 57.36666 57.4 57.43333 57.46667 57.5 57.53333 57.56667 57.6 57.63334 57.66667 57.7 57.73333 57.76667 57.8 57.83333 57.86666 57.9 57.93333 57.96667 58 58.03333 58.06667 58.1 58.13334 58.16667 58.2 58.23333 58.26667 58.3 58.33333 58.36666 58.4 58.43333 58.46667 58.5 58.53333 58.56667 58.6 58.63334 58.66667 58.7 58.73333 58.76667 58.8 58.83333 58.86666 58.9 58.93333 58.96667 59 59.03333 59.06667 59.1 59.13334 59.16667 59.2 59.23333 59.26667 59.3 59.33333</float_array>
        <technique_common>
          <accessor source="#node-Bip01_matrix-input-array" count="61" stride="1">
            <param name="TIME" type="float"/>
          </accessor>
        </technique_common>
      </source>
      <source id="node-Bip01_matrix-output">
        <float_array id="node-Bip01_matrix-output-array" count="976">0.7289143 -0.6739804 -0.1201431 0.003133237 0.2546437 0.4298182 -0.8662638 0.006081283 0.6354845 0.6008383 0.4849255 0.8005588 0 0 0 1 0.7289143 -0.6739805 -0.120143 0.003135502 0.2546438 0.4298182 -0.8662638 0.006080806 0.6354845 0.6008383 0.4849255 0.8034774 0 0 0 1 0.7289143 -0.6739804 -0.120143 0.003135263 0.2546437 0.4298182 -0.8662638 0.006079971 0.6354845 0.6008384 0.4849255 0.8066569 0 0 0 1 0.7289143 -0.6739805 -0.120143 0.003132522 0.2546438 0.4298182 -0.8662637 0.006078779 0.6354845 0.6008383 0.4849256 0.8100729 0 0 0 1 0.7289143 -0.6739804 -0.1201431 0.003127336 0.2546437 0.4298182 -0.8662638 0.006077468 0.6354845 0.6008383 0.4849255 0.8137018 0 0 0 1 0.7289143 -0.6739805 -0.120143 0.003119766 0.2546437 0.4298182 -0.8662638 0.006076157 0.6354845 0.6008383 0.4849255 0.8175192 0 0 0 1 0.7289143 -0.6739804 -0.1201431 0.003109812 0.2546437 0.4298182 -0.8662638 0.006074845 0.6354845 0.6008383 0.4849255 0.8215011 0 0 0 1 0.7289143 -0.6739805 -0.1201431 0.003097534 0.2546438 0.4298182 -0.8662637 0.006073772 0.6354846 0.6008383 0.4849256 0.8256236 0 0 0 1 0.7289143 -0.6739804 -0.1201431 0.003082931 0.2546437 0.4298182 -0.8662638 0.006072938 0.6354845 0.6008383 0.4849255 0.8298648 0 0 0 1 0.7289143 -0.6739805 -0.120143 0.003066122 0.2546437 0.4298181 -0.8662638 0.00607258 0.6354846 0.6008384 0.4849255 0.8341963 0 0 0 1 0.7289143 -0.6739804 -0.1201431 0.003047049 0.2546437 0.4298182 -0.8662637 0.006072759 0.6354845 0.6008383 0.4849256 0.8385965 0 0 0 1 0.7289143 -0.6739805 -0.120143 0.003025889 0.2546437 0.4298182 -0.8662638 0.006073534 0.6354845 0.6008383 0.4849255 0.8430408 0 0 0 1 0.7289143 -0.6739804 -0.120143 0.003002524 0.2546437 0.4298182 -0.8662638 0.006075143 0.6354845 0.6008383 0.4849256 0.8475055 0 0 0 1 0.7289143 -0.6739805 -0.120143 0.002977132 0.2546437 0.4298182 -0.8662638 0.006077647 0.6354845 0.6008383 0.4849255 0.8519666 0 0 0 1 0.7289143 -0.6739805 -0.1201429 0.002949595 0.2546439 0.4298182 -0.8662637 0.006081104 0.6354845 0.6008383 0.4849256 0.8564 0 0 0 1 0.7289143 -0.6739805 -0.120143 0.00292015 0.2546438 0.4298182 -0.8662637 0.006085753 0.6354845 0.6008383 0.4849256 0.8607815 0 0 0 1 0.7289143 -0.6739805 -0.120143 0.002888679 0.2546438 0.4298182 -0.8662637 0.006091594 0.6354845 0.6008383 0.4849256 0.8650873 0 0 0 1 0.7289143 -0.6739805 -0.1201431 0.002855241 0.2546438 0.4298182 -0.8662637 0.006098806 0.6354846 0.6008383 0.4849256 0.8692932 0 0 0 1 0.7289143 -0.6739805 -0.1201431 0.002819955 0.2546438 0.4298182 -0.8662637 0.006107509 0.6354846 0.6008383 0.4849256 0.8733753 0 0 0 1 0.7289143 -0.6739805 -0.1201431 0.002782821 0.2546438 0.4298182 -0.8662637 0.006117761 0.6354846 0.6008383 0.4849256 0.8773093 0 0 0 1 0.7289142 -0.6739805 -0.1201431 0.002743899 0.2546439 0.4298182 -0.8662636 0.006129741 0.6354846 0.6008382 0.4849256 0.8810716 0 0 0 1 0.7289142 -0.6739805 -0.120143 0.00270313 0.2546439 0.4298182 -0.8662638 0.006143569 0.6354846 0.6008382 0.4849255 0.8846378 0 0 0 1 0.7289142 -0.6739806 -0.120143 0.002660632 0.2546438 0.4298181 -0.8662638 0.006159305 0.6354846 0.6008383 0.4849255 0.887984 0 0 0 1 0.7289142 -0.6739805 -0.120143 0.002616465 0.2546439 0.4298182 -0.8662638 0.006177067 0.6354846 0.6008382 0.4849256 0.8910861 0 0 0 1 0.7289142 -0.6739805 -0.120143 0.002570629 0.2546439 0.4298182 -0.8662638 0.006197035 0.6354846 0.6008382 0.4849256 0.8939214 0 0 0 1 0.7289142 -0.6739805 -0.120143 0.002523183 0.2546439 0.4298182 -0.8662638 0.006219327 0.6354846 0.6008382 0.4849256 0.8964632 0 0 0 1 0.7289142 -0.6739805 -0.120143 0.002474188 0.2546439 0.4298182 -0.8662638 0.006244003 0.6354846 0.6008382 0.4849256 0.8986887 0 0 0 1 0.7289142 -0.6739805 -0.120143 0.002423584 0.2546439 0.4298182 -0.8662638 0.006271243 0.6354846 0.6008382 0.4849256 0.900574 0 0 0 1 0.7289142 -0.6739805 -0.120143 0.002371549 0.2546439 0.4298182 -0.8662638 0.006301045 0.6354846 0.6008382 0.4849256 0.9020951 0 0 0 1 0.7289142 -0.6739806 -0.120143 0.002317965 0.2546439 0.4298182 -0.8662638 0.006333708 0.6354846 0.6008382 0.4849256 0.9032279 0 0 0 1 0.7289142 -0.6739806 -0.120143 0.002263069 0.2546439 0.4298182 -0.8662638 0.006369173 0.6354846 0.6008382 0.4849256 0.9039483 0 0 0 1 0.7289142 -0.6739806 -0.120143 0.002206742 0.2546439 0.4298182 -0.8662638 0.006407678 0.6354846 0.6008382 0.4849256 0.9042323 0 0 0 1 0.7289142 -0.6739806 -0.120143 0.002149045 0.2546439 0.4298182 -0.8662638 0.006449282 0.6354846 0.6008382 0.4849256 0.9040387 0 0 0 1 0.7289142 -0.6739806 -0.1201429 0.002090096 0.2546439 0.4298181 -0.8662638 0.006494104 0.6354846 0.6008382 0.4849256 0.9033611 0 0 0 1 0.7289142 -0.6739806 -0.1201429 0.002029895 0.2546439 0.4298181 -0.8662638 0.006542265 0.6354846 0.6008382 0.4849256 0.9022272 0 0 0 1 0.7289142 -0.6739806 -0.1201429 0.001968443 0.2546439 0.4298181 -0.8662638 0.006593823 0.6354846 0.6008382 0.4849256 0.9006658 0 0 0 1 0.7289142 -0.6739806 -0.1201429 0.001905739 0.2546439 0.4298181 -0.8662638 0.006649076 0.6354846 0.6008382 0.4849256 0.8987033 0 0 0 1 0.7289141 -0.6739807 -0.1201429 0.001841962 0.2546439 0.429818 -0.8662638 0.006707966 0.6354846 0.6008383 0.4849255 0.8963682 0 0 0 1 0.7289142 -0.6739806 -0.1201429 0.001777112 0.2546439 0.4298181 -0.8662638 0.00677067 0.6354846 0.6008382 0.4849256 0.8936886 0 0 0 1 0.7289141 -0.6739807 -0.120143 0.001711189 0.2546439 0.429818 -0.8662638 0.006837308 0.6354847 0.6008383 0.4849255 0.8906923 0 0 0 1 0.7289142 -0.6739806 -0.120143 0.001644134 0.254644 0.4298182 -0.8662637 0.006907999 0.6354846 0.6008381 0.4849257 0.8874071 0 0 0 1 0.728914 -0.6739807 -0.1201429 0.001576185 0.2546439 0.429818 -0.8662639 0.006982862 0.6354847 0.6008382 0.4849255 0.883861 0 0 0 1 0.7289141 -0.6739806 -0.1201429 0.001507341 0.2546439 0.429818 -0.8662638 0.007061958 0.6354846 0.6008382 0.4849255 0.8800837 0 0 0 1 0.7289142 -0.6739806 -0.1201429 0.001437544 0.2546439 0.4298181 -0.8662638 0.007145464 0.6354846 0.6008382 0.4849256 0.8760997 0 0 0 1 0.7289141 -0.6739807 -0.1201429 0.001366794 0.2546439 0.429818 -0.8662638 0.00723356 0.6354846 0.6008383 0.4849255 0.8719382 0 0 0 1 0.7289141 -0.6739806 -0.1201429 0.001295328 0.2546439 0.4298182 -0.8662637 0.007326245 0.6354846 0.6008381 0.4849256 0.8676276 0 0 0 1 0.7289141 -0.6739807 -0.120143 0.001223027 0.2546439 0.4298181 -0.8662638 0.007423639 0.6354847 0.6008382 0.4849255 0.8631957 0 0 0 1 0.7289142 -0.6739806 -0.120143 0.001149952 0.254644 0.4298182 -0.8662637 0.00752598 0.6354846 0.6008381 0.4849256 0.8586701 0 0 0 1 0.7289141 -0.6739806 -0.120143 0.001076161 0.2546439 0.4298182 -0.8662637 0.007633209 0.6354846 0.6008381 0.4849256 0.854079 0 0 0 1 0.7289141 -0.6739807 -0.1201429 0.001001775 0.254644 0.429818 -0.8662638 0.007745563 0.6354846 0.6008383 0.4849255 0.8494501 0 0 0 1 0.728914 -0.6739807 -0.1201429 9.26769e-4 0.254644 0.429818 -0.8662639 0.007863104 0.6354847 0.6008382 0.4849255 0.8448136 0 0 0 1 0.728914 -0.6739808 -0.1201429 8.5107e-4 0.254644 0.429818 -0.8662639 0.007986068 0.6354847 0.6008382 0.4849255 0.8401932 0 0 0 1 0.7289141 -0.6739807 -0.1201429 7.7489e-4 0.254644 0.429818 -0.8662638 0.008114397 0.6354846 0.6008382 0.4849256 0.8356187 0 0 0 1 0.728914 -0.6739807 -0.1201429 6.98198e-4 0.254644 0.429818 -0.8662638 0.008248269 0.6354847 0.6008381 0.4849255 0.831118 0 0 0 1 0.728914 -0.6739807 -0.1201429 6.21035e-4 0.254644 0.429818 -0.8662637 0.008387863 0.6354847 0.600838 0.4849256 0.8267193 0 0 0 1 0.728914 -0.6739807 -0.1201429 5.43367e-4 0.254644 0.429818 -0.8662638 0.008533358 0.6354847 0.6008381 0.4849255 0.8224501 0 0 0 1 0.728914 -0.6739807 -0.1201429 4.65377e-4 0.254644 0.429818 -0.8662638 0.008684635 0.6354847 0.6008381 0.4849256 0.8183387 0 0 0 1 0.728914 -0.6739807 -0.1201429 3.87034e-4 0.254644 0.429818 -0.8662638 0.008841991 0.6354847 0.6008382 0.4849255 0.8144146 0 0 0 1 0.728914 -0.6739808 -0.1201429 3.08376e-4 0.254644 0.429818 -0.8662638 0.009005427 0.6354847 0.6008381 0.4849255 0.810702 0 0 0 1 0.728914 -0.6739807 -0.1201429 2.29371e-4 0.254644 0.429818 -0.8662638 0.00917536 0.6354847 0.6008382 0.4849255 0.8072308 0 0 0 1 0.728914 -0.6739807 -0.1201429 1.50204e-4 0.2546439 0.4298181 -0.8662638 0.009351432 0.6354847 0.6008381 0.4849256 0.8040288 0 0 0 1</float_array>
        <technique_common>
          <accessor source="#node-Bip01_matrix-output-array" count="61" stride="16">
            <param name="TRANSFORM" type="float4x4"/>
          </accessor>
        </technique_common>
      </source>
      <source id="node-Bip01_matrix-interpolation">
        <Name_array id="node-Bip01_matrix-interpolation-array" count="61">LINEAR LINEAR LINEAR LINEAR LINEAR LINEAR LINEAR LINEAR LINEAR LINEAR LINEAR LINEAR LINEAR LINEAR LINEAR LINEAR LINEAR LINEAR LINEAR LINEAR LINEAR LINEAR LINEAR LINEAR LINEAR LINEAR LINEAR LINEAR LINEAR LINEAR LINEAR LINEAR LINEAR LINEAR LINEAR LINEAR LINEAR LINEAR LINEAR LINEAR LINEAR LINEAR LINEAR LINEAR LINEAR LINEAR LINEAR LINEAR LINEAR LINEAR LINEAR LINEAR LINEAR LINEAR LINEAR LINEAR LINEAR LINEAR LINEAR LINEAR LINEAR</Name_array>
        <technique_common>
          <accessor source="#node-Bip01_matrix-interpolation-array" count="61" stride="1">
            <param name="INTERPOLATION" type="name"/>
          </accessor>
        </technique_common>
      </source>
      <source id="node-Bip01_Pelvis_matrix-input">
        <float_array id="node-Bip01_Pelvis_matrix-input-array" count="61">57.33333 57.36666 57.4 57.43333 57.46667 57.5 57.53333 57.56667 57.6 57.63334 57.66667 57.7 57.73333 57.76667 57.8 57.83333 57.86666 57.9 57.93333 57.96667 58 58.03333 58.06667 58.1 58.13334 58.16667 58.2 58.23333 58.26667 58.3 58.33333 58.36666 58.4 58.43333 58.46667 58.5 58.53333 58.56667 58.6 58.63334 58.66667 58.7 58.73333 58.76667 58.8 58.83333 58.86666 58.9 58.93333 58.96667 59 59.03333 59.06667 59.1 59.13334 59.16667 59.2 59.23333 59.26667 59.3 59.33333</float_array>
        <technique_common>
          <accessor source="#node-Bip01_Pelvis_matrix-input-array" count="61" stride="1">
            <param name="TIME" type="float"/>
          </accessor>
        </technique_common>
      </source>
      <source id="node-Bip01_Pelvis_matrix-output">
