<?xml version="1.0" encoding="utf-8"?>
<COLLADA xmlns="http://www.collada.org/2005/11/COLLADASchema" version="1.4.1">
  <asset>
    <contributor>
      <author>MattO</author>
      <authoring_tool>OpenCOLLADA for 3ds Max;  Version: 1.3.0;  Revision: 839M;  Platform: x64;  Configuration: Release_Max2012</authoring_tool>
      <source_data>file:///C:/Dropbox/Prj/GGStout/Turret/TP_ProxMine_PlayerAnims.max</source_data>
    </contributor>
    <created>2011-09-30T17:59:45</created>
    <modified>2011-09-30T17:59:45</modified>
    <unit name="meter" meter="1"/>
    <up_axis>Z_UP</up_axis>
  </asset>
  <library_effects>
    <effect id="ShapeBounds">
      <profile_COMMON>
        <technique sid="common">
          <blinn>
            <emission>
              <color>0 0 0 1</color>
            </emission>
            <ambient>
              <color>0.1647059 1 0 1</color>
            </ambient>
            <diffuse>
              <color>0.1647059 1 0 1</color>
            </diffuse>
            <specular>
              <color>0.9 0.9 0.9 1</color>
            </specular>
            <shininess>
              <float>10</float>
            </shininess>
            <reflective>
              <color>0 0 0 1</color>
            </reflective>
            <transparent opaque="A_ONE">
              <color>1 1 1 1</color>
            </transparent>
            <transparency>
              <float>1</float>
            </transparency>
          </blinn>
        </technique>
      </profile_COMMON>
      <extra>
        <technique profile="OpenCOLLADA3dsMax">
          <extended_shader>
            <apply_reflection_dimming>0</apply_reflection_dimming>
            <dim_level>0</dim_level>
            <falloff_type>0</falloff_type>
            <index_of_refraction>1.5</index_of_refraction>
            <opacity_type>0</opacity_type>
            <reflection_level>3</reflection_level>
            <wire_size>1</wire_size>
            <wire_units>0</wire_units>
          </extended_shader>
          <shader>
            <ambient_diffuse_lock>1</ambient_diffuse_lock>
            <ambient_diffuse_texture_lock>1</ambient_diffuse_texture_lock>
            <diffuse_specular_lock>0</diffuse_specular_lock>
            <soften>0.1</soften>
            <use_self_illum_color>0</use_self_illum_color>
          </shader>
        </technique>
      </extra>
    </effect>
  </library_effects>
  <library_materials>
    <material id="ShapeBounds-material" name="ShapeBounds">
      <instance_effect url="#ShapeBounds"/>
    </material>
  </library_materials>
  <library_geometries>
    <geometry id="geom-Bounds" name="Bounds">
      <mesh>
        <source id="geom-Bounds-positions">
          <float_array id="geom-Bounds-positions-array" count="24">-0.425 -0.425 0 0.425 -0.425 0 -0.425 0.425 0 0.425 0.425 0 -0.425 -0.425 1.84 0.425 -0.425 1.84 -0.425 0.425 1.84 0.425 0.425 1.84</float_array>
          <technique_common>
            <accessor source="#geom-Bounds-positions-array" count="8" stride="3">
              <param name="X" type="float"/>
              <param name="Y" type="float"/>
              <param name="Z" type="float"/>
            </accessor>
          </technique_common>
        </source>
        <source id="geom-Bounds-normals">
          <float_array id="geom-Bounds-normals-array" count="72">0 0 -1 0 0 -1 0 0 -1 0 0 -1 0 0 1 0 0 1 0 0 1 0 0 1 0 -1 0 0 -1 0 0 -1 0 0 -1 0 1 0 0 1 0 0 1 0 0 1 0 0 0 1 0 0 1 0 0 1 0 0 1 0 -1 0 0 -1 0 0 -1 0 0 -1 0 0</float_array>
          <technique_common>
            <accessor source="#geom-Bounds-normals-array" count="24" stride="3">
              <param name="X" type="float"/>
              <param name="Y" type="float"/>
              <param name="Z" type="float"/>
            </accessor>
          </technique_common>
        </source>
        <source id="geom-Bounds-map1">
          <float_array id="geom-Bounds-map1-array" count="36">0 0 0 1 0 0 0 1 0 1 1 0 0 0 0 1 0 0 0 1 0 1 1 0 0 0 0 1 0 0 0 1 0 1 1 0</float_array>
          <technique_common>
            <accessor source="#geom-Bounds-map1-array" count="12" stride="3">
              <param name="S" type="float"/>
              <param name="T" type="float"/>
              <param name="P" type="float"/>
            </accessor>
          </technique_common>
        </source>
        <vertices id="geom-Bounds-vertices">
          <input semantic="POSITION" source="#geom-Bounds-positions"/>
        </vertices>
        <triangles material="ShapeBounds" count="12">
          <input semantic="VERTEX" source="#geom-Bounds-vertices" offset="0"/>
          <input semantic="NORMAL" source="#geom-Bounds-normals" offset="1"/>
          <input semantic="TEXCOORD" source="#geom-Bounds-map1" offset="2" set="0"/>
          <p>0 0 9 2 1 11 3 2 10 3 2 10 1 3 8 0 0 9 4 4 8 5 5 9 7 6 11 7 6 11 6 7 10 4 4 8 0 8 4 1 9 5 5 10 7 5 10 7 4 11 6 0 8 4 1 12 0 3 13 1 7 14 3 7 14 3 5 15 2 1 12 0 3 16 4 2 17 5 6 18 7 6 18 7 7 19 6 3 16 4 2 20 0 0 21 1 4 22 3 4 22 3 6 23 2 2 20 0</p>
        </triangles>
      </mesh>
      <extra>
        <technique profile="OpenCOLLADA3dsMax">
          <max_box>
            <generateuvs>1</generateuvs>
            <height>1.84</height>
            <heightsegments>1</heightsegments>
            <length>0.85</length>
            <lengthsegments>1</lengthsegments>
            <width>0.85</width>
            <widthsegments>1</widthsegments>
          </max_box>
        </technique>
      </extra>
    </geometry>
  </library_geometries>
  <library_lights>
    <light id="EnvironmentAmbientLight" name="EnvironmentAmbientLight">
      <technique_common>
        <ambient>
          <color>0 0 0</color>
        </ambient>
      </technique_common>
    </light>
  </library_lights>
  <library_visual_scenes>
    <visual_scene id="MaxScene">
      <node name="EnvironmentAmbientLight">
        <instance_light url="#EnvironmentAmbientLight"/>
      </node>
      <node id="node-Bip01" name="Bip01">
        <matrix sid="matrix">0.7792376 -0.6267173 0.003750267 -8.10623e-5 0.6267178 0.7792454 0.001183462 0.009366653 -0.003664074 0.001428161 0.9999923 0.5107236 0 0 0 1</matrix>
        <node id="node-Bip01_Pelvis" name="Bip01_Pelvis">
          <matrix>-0.009626727 0.991236 0.1317526 0 -0.1217413 -0.1319404 0.9837534 0 0.9925151 -0.006569401 0.1219445 0 0 0 0 1</matrix>
          <node id="node-Bip01_Spine" name="Bip01_Spine">
            <matrix>0.974003 -0.1713646 -0.1481635 0.1975133 0.0649147 0.8377451 -0.5421895 0.0250054 0.2170352 0.5184764 0.8270903 0.02776153 0 0 0 1</matrix>
            <node id="node-Bip01_Spine1" name="Bip01_Spine1">
              <matrix>0.9940996 -0.1082492 -0.00693207 0.1022407 0.1067967 0.9879401 -0.1121098 -9.9808e-5 0.0189843 0.1107081 0.9936717 -1.1187e-5 0 0 0 1</matrix>
              <node id="node-Bip01_Spine2" name="Bip01_Spine2">
                <matrix>0.983237 -0.177375 0.04222756 0.1268965 0.1810741 0.9770653 -0.1120531 -1.67355e-4 -0.02138368 0.117821 0.9928046 -2.01799e-5 0 0 0 1</matrix>
                <node id="node-Bip01_Neck" name="Bip01_Neck">
                  <matrix>0.9021776 -0.4308736 0.02058497 0.2151071 0.4312886 0.9018875 -0.02426414 -4.97103e-5 -0.00811054 0.03076866 0.9994936 -1.68756e-6 0 0 0 1</matrix>
                  <node id="node-Bip01_Head" name="Bip01_Head">
                    <matrix>0.8383279 0.5202501 -0.1629291 0.07051814 -0.5361 0.8409864 -0.07306501 -0.01395911 0.09900907 0.1485988 0.9839286 -3.72529e-9 0 0 0 1</matrix>
                    <node id="node-ALTEYE" name="ALTEYE">
                      <matrix>0.0234562 0.2813333 0.9593238 0.06454706 0.0489449 0.9581138 -0.282175 0.2214611 -0.9985262 0.05357232 0.008703794 0.04716256 0 0 0 1</matrix>
                    </node>
                  </node>
                  <node id="node-Bip01_L_Clavicle" name="Bip01_L_Clavicle">
                    <matrix>-0.3164032 -0.4320403 0.8445294 -0.02496195 0.2105159 -0.9000475 -0.3815721 -0.01206523 0.9249714 0.05705635 0.3757294 0.06855242 0 0 0 1</matrix>
                    <node id="node-Bip01_L_UpperArm" name="Bip01_L_UpperArm">
                      <matrix sid="matrix">0.5757458 0.2630607 0.7741548 0.1824007 -0.4115179 0.9113944 -0.003645688 -2.98023e-8 -0.7065195 -0.3164796 0.6329857 0 0 0 0 1</matrix>
                      <node id="node-Bip01_L_Forearm" name="Bip01_L_Forearm">
                        <matrix sid="matrix">-0.05860221 0.9982814 0 0.2843689 -0.9982814 -0.05860225 -2.44472e-8 -2.23517e-8 2.32831e-8 0 0.9999999 0 0 0 0 1</matrix>
                        <node id="node-Bip01_L_Hand" name="Bip01_L_Hand">
                          <matrix sid="matrix">0.9895771 0.0496987 -0.1351562 0.281068 0.1404256 -0.1251062 0.9821553 0 0.03190304 -0.9908978 -0.1307812 0 0 0 0 1</matrix>
                          <node id="node-Bip01_L_Finger0" name="Bip01_L_Finger0">
                            <matrix>0.345179 0.6252525 0.6999363 0.02119678 0.5973266 0.4288768 -0.6776914 -0.004734278 -0.7239147 0.6520153 -0.2254408 -0.02572191 0 0 0 1</matrix>
                            <node id="node-Bip01_L_Finger01" name="Bip01_L_Finger01">
                              <matrix>0.9455187 -0.3255681 0 0.04982853 0.3255681 0.9455187 0 0 -3.72529e-8 0 1 0 0 0 0 1</matrix>
                              <node id="node-Bip01_L_Finger02" name="Bip01_L_Finger02">
                                <matrix>0.9203135 0.3911814 -2.23517e-8 0.05202237 -0.3911815 0.9203135 -2.98023e-8 0 5.96046e-8 -1.49012e-8 0.9999999 -5.96046e-8 0 0 0 1</matrix>
                              </node>
                            </node>
                          </node>
                          <node id="node-Bip01_L_Finger1" name="Bip01_L_Finger1">
                            <matrix>0.9541454 -0.2819768 -0.1004766 0.1199947 0.2718616 0.9567645 -0.1034069 -0.008367568 0.1252908 0.07134953 0.9895512 -0.0410139 0 0 0 1</matrix>
                            <node id="node-Bip01_L_Finger11" name="Bip01_L_Finger11">
                              <matrix>0.9363124 -0.3511682 1.49012e-8 0.03644174 0.3511683 0.9363126 -1.49012e-8 0 0 -2.23517e-8 1 -5.96046e-8 0 0 0 1</matrix>
                              <node id="node-Bip01_L_Finger12" name="Bip01_L_Finger12">
                                <matrix>0.7785826 -0.6275422 0 0.03117542 0.627542 0.7785827 -2.23517e-8 5.96046e-8 0 4.47035e-8 1 5.96046e-8 0 0 0 1</matrix>
                              </node>
                            </node>
                          </node>
                          <node id="node-Bip01_L_Finger2" name="Bip01_L_Finger2">
                            <matrix>0.7812487 -0.6233677 -0.0326092 0.1229538 0.6235425 0.7769018 0.08728346 -0.008802056 -0.02907553 -0.08852331 0.9956497 -0.01328236 0 0 0 1</matrix>
                            <node id="node-Bip01_L_Finger21" name="Bip01_L_Finger21">
                              <matrix>0.7620707 -0.6474938 0 0.03895521 0.6474939 0.7620706 -1.02445e-8 -5.96046e-8 1.49012e-8 -7.45058e-9 1 0 0 0 0 1</matrix>
                              <node id="node-Bip01_L_Finger22" name="Bip01_L_Finger22">
                                <matrix>0.976296 -0.2164397 0 0.03800535 0.2164397 0.976296 0 0 -1.49012e-8 0 1 0 0 0 0 1</matrix>
                              </node>
                            </node>
                          </node>
                          <node id="node-Bip01_L_Finger3" name="Bip01_L_Finger3">
                            <matrix>0.4124631 -0.9064789 -0.0903885 0.1211882 0.9061533 0.3980612 0.1429456 -0.001191258 -0.09359706 -0.1408657 0.9855945 0.01196867 0 0 0 1</matrix>
                            <node id="node-Bip01_L_Finger31" name="Bip01_L_Finger31">
                              <matrix>0.9381478 -0.3462351 0 0.03155847 0.3462351 0.9381478 0 5.96046e-8 7.45058e-9 1.49012e-8 1 0 0 0 0 1</matrix>
                              <node id="node-Bip01_L_Finger32" name="Bip01_L_Finger32">
                                <matrix>0.9636304 -0.2672384 3.72529e-9 0.03366596 0.2672384 0.9636303 0 0 6.51926e-9 -1.49012e-8 1 5.96046e-8 0 0 0 1</matrix>
                              </node>
                            </node>
                          </node>
                          <node id="node-Bip01_L_Finger4" name="Bip01_L_Finger4">
                            <matrix>0.0712057 -0.9696806 0.2337719 0.1136797 0.9750155 0.1171045 0.1887629 0.005147398 -0.2104155 0.2144902 0.9537921 0.03886575 0 0 0 1</matrix>
                            <node id="node-Bip01_L_Finger41" name="Bip01_L_Finger41">
                              <matrix>0.9790112 -0.203807 0 0.03661619 0.2038069 0.9790111 -1.49012e-8 0 -8.3819e-9 -2.98023e-8 0.9999999 5.96046e-8 0 0 0 1</matrix>
                              <node id="node-Bip01_L_Finger42" name="Bip01_L_Finger42">
                                <matrix>0.9645151 0.2640274 3.72529e-9 0.0177263 -0.2640274 0.9645151 0 0 -3.72529e-9 1.49012e-8 0.9999999 0 0 0 0 1</matrix>
                              </node>
                            </node>
                          </node>
                        </node>
                      </node>
                    </node>
                  </node>
                  <node id="node-Bip01_R_Clavicle" name="Bip01_R_Clavicle">
                    <matrix>-0.3137373 -0.431816 -0.845638 -0.02385318 0.06845215 -0.8985736 0.4334506 -0.0162707 -0.9470391 0.07810403 0.3114749 -0.06807299 0 0 0 1</matrix>
                    <node id="node-Bip01_R_UpperArm" name="Bip01_R_UpperArm">
                      <matrix sid="matrix">0.3635172 0.6836719 -0.6328097 0.1824007 -0.7556953 0.6136384 0.228851 -2.98023e-8 0.5447754 0.39502 0.7397156 0 0 0 0 1</matrix>
                      <node id="node-Bip01_R_Forearm" name="Bip01_R_Forearm">
                        <matrix>0.2277989 0.9737082 0 0.2843689 -0.9737082 0.227799 0 -2.98023e-8 1.49012e-8 5.96046e-8 0.9999999 0 0 0 0 1</matrix>
                        <node id="node-Bip01_R_Hand" name="Bip01_R_Hand">
                          <matrix sid="matrix">0.9493868 0.3127496 0.02919329 0.281068 0.1178799 -0.2685998 -0.9560116 0 -0.291151 0.9110662 -0.2918721 0 0 0 0 1</matrix>
                          <node id="node-Bip01_R_Finger0" name="Bip01_R_Finger0">
                            <matrix>0.466874 0.3554855 -0.8097274 0.02119678 0.6514513 0.4809566 0.5867637 -0.004734248 0.5980298 -0.8014429 -0.007035524 0.02572179 0 0 0 1</matrix>
                            <node id="node-Bip01_R_Finger01" name="Bip01_R_Finger01">
                              <matrix>0.8647896 -0.4978737 0.06527567 0.04982859 0.4938732 0.866828 0.06854746 5.96046e-8 -0.0907108 -0.02704121 0.9955103 0 0 0 0 1</matrix>
                              <node id="node-Bip01_R_Finger02" name="Bip01_R_Finger02">
                                <matrix>0.8489718 0.5284383 3.91155e-8 0.0520224 -0.5284381 0.8489718 0 -5.96046e-8 5.21541e-8 -3.72529e-8 1 5.96046e-8 0 0 0 1</matrix>
                              </node>
                            </node>
                          </node>
                          <node id="node-Bip01_R_Finger1" name="Bip01_R_Finger1">
                            <matrix>0.9820225 -0.1733427 -0.0747267 0.1199947 0.1795577 0.9799358 0.08651491 -0.008367568 0.05823065 -0.09837732 0.993444 0.04101384 0 0 0 1</matrix>
                            <node id="node-Bip01_R_Finger11" name="Bip01_R_Finger11">
                              <matrix>0.9425993 -0.3339258 1.49012e-8 0.03644174 0.3339258 0.9425994 0 0 -2.98023e-8 0 0.9999999 0 0 0 0 1</matrix>
                              <node id="node-Bip01_R_Finger12" name="Bip01_R_Finger12">
                                <matrix>0.9832969 -0.1810849 0.01831833 0.03117543 0.181519 0.9830509 -0.02573051 0 -0.01334843 0.02862583 0.9995013 -5.96046e-8 0 0 0 1</matrix>
                              </node>
                            </node>
                          </node>
                          <node id="node-Bip01_R_Finger2" name="Bip01_R_Finger2">
                            <matrix>0.9536399 -0.3009502 -1.52126e-4 0.1229539 0.3006933 0.9528466 -0.04082685 -0.008802027 0.01243179 0.03888837 0.9991661 0.01328248 0 0 0 1</matrix>
                            <node id="node-Bip01_R_Finger21" name="Bip01_R_Finger21">
                              <matrix>0.9579762 -0.2847232 -0.0348487 0.03895515 0.2827407 0.9577504 -0.05265062 2.98023e-8 0.04836721 0.04058489 0.9980048 -5.96046e-8 0 0 0 1</matrix>
                              <node id="node-Bip01_R_Finger22" name="Bip01_R_Finger22">
                                <matrix>0.9719918 -0.2342561 0.01886614 0.03800535 0.2315869 0.9683846 0.09272985 5.96046e-8 -0.0399922 -0.0857635 0.9955125 5.96046e-8 0 0 0 1</matrix>
                              </node>
                            </node>
                          </node>
                          <node id="node-Bip01_R_Finger3" name="Bip01_R_Finger3">
                            <matrix>0.942517 -0.3272581 0.06755453 0.1211881 0.3338162 0.9129713 -0.234627 -0.001191258 0.01510826 0.2436907 0.9697352 -0.01196867 0 0 0 1</matrix>
                            <node id="node-Bip01_R_Finger31" name="Bip01_R_Finger31">
                              <matrix>0.6606858 -0.7494742 0.04222352 0.03155845 0.7450769 0.6615804 0.08468726 5.96046e-8 -0.09140519 -0.02449191 0.9955127 1.19209e-7 0 0 0 1</matrix>
                              <node id="node-Bip01_R_Finger32" name="Bip01_R_Finger32">
                                <matrix>0.8335401 -0.5515913 -0.03095104 0.03366598 0.5520073 0.8338156 0.006297074 0 0.02233405 -0.02233405 0.999501 0 0 0 0 1</matrix>
                              </node>
                            </node>
                          </node>
                          <node id="node-Bip01_R_Finger4" name="Bip01_R_Finger4">
                            <matrix>0.7372702 -0.6748959 -0.03078974 0.1136797 0.6745099 0.7379035 -0.02312397 0.005147427 0.03832611 -0.003719307 0.9992583 -0.03886575 0 0 0 1</matrix>
                            <node id="node-Bip01_R_Finger41" name="Bip01_R_Finger41">
                              <matrix>0.4202556 -0.9064696 0.04120622 0.03661609 0.9068531 0.421151 0.01578784 5.96046e-8 -0.03166524 0.03073302 0.9990259 -5.96046e-8 0 0 0 1</matrix>
                              <node id="node-Bip01_R_Finger42" name="Bip01_R_Finger42">
                                <matrix>0.402447 -0.9138247 -0.05441486 0.0177263 0.9154232 0.4021219 0.01728319 -1.19209e-7 0.006087624 -0.05676817 0.9983689 0 0 0 0 1</matrix>
                              </node>
                            </node>
                          </node>
                          <node id="node-MOUNT0" name="MOUNT0">
                            <matrix>-6.24685e-7 1 0 0.1095391 -1 -6.48899e-7 4.76837e-7 0.02518257 4.73112e-7 -7.45058e-9 1 0.01321661 0 0 0 1</matrix>
                          </node>
                        </node>
                      </node>
                    </node>
                  </node>
                </node>
                <node id="node-Bip01_L_Pauldron_Upper" name="Bip01_L_Pauldron_Upper">
                  <matrix>0.9726135 0.1182849 0.2000786 0.1769029 0.1284547 -0.9909644 -0.03858749 -0.03908366 0.1937064 0.06323179 -0.9790197 0.2290199 0 0 0 1</matrix>
                </node>
                <node id="node-Bip01_R_Pauldron_Lower" name="Bip01_R_Pauldron_Lower">
                  <matrix>-0.3436331 -0.7757341 -0.5292951 0.1906282 0.7213452 -0.5789208 0.3801478 -0.1308314 -0.6013133 -0.2511731 0.7585081 -0.2272985 0 0 0 1</matrix>
                </node>
                <node id="node-Bip01_L_Pauldron_Lower" name="Bip01_L_Pauldron_Lower">
                  <matrix>-0.6963174 -0.3999606 0.5959645 0.1906876 0.2072264 -0.9070119 -0.3665883 -0.05679902 0.6871677 -0.1317622 0.7144505 0.2611732 0 0 0 1</matrix>
                </node>
              </node>
            </node>
            <node id="node-Bip01_L_Thigh" name="Bip01_L_Thigh">
              <matrix sid="matrix">-0.1182972 0.9911496 -0.06023502 -0.172358 0.9379029 0.1314518 0.3210269 0.06460376 0.3261037 -0.018518 -0.9451526 0.1253033 0 0 0 1</matrix>
              <node id="node-Bip01_L_Calf" name="Bip01_L_Calf">
                <matrix sid="matrix">-0.5028377 0.8643809 0 0.4629987 -0.8643808 -0.5028378 0 0 -6.70552e-8 1.49012e-8 1 1.49012e-8 0 0 0 1</matrix>
                <node id="node-Bip01_L_Foot" name="Bip01_L_Foot">
                  <matrix sid="matrix">0.7165824 -0.6847647 -0.1326908 0.3610501 0.6956876 0.7153798 0.06519429 6.70552e-8 0.05028163 -0.1390285 0.9890109 1.49012e-8 0 0 0 1</matrix>
                  <node id="node-Bip01_L_Toe0" name="Bip01_L_Toe0">
                    <matrix>4.76837e-7 -1 1.39046e-6 0.1486307 1 4.7707e-7 2.30575e-8 0.1543275 -2.30466e-8 1.38953e-6 1 0 0 0 0 1</matrix>
                  </node>
                </node>
              </node>
            </node>
            <node id="node-Bip01_R_Thigh" name="Bip01_R_Thigh">
              <matrix sid="matrix">-0.6403974 0.6344384 0.432873 -0.2276958 0.6691549 0.7375298 -0.09100166 -0.06759393 -0.3769917 0.2313819 -0.8968499 -0.08558209 0 0 0 1</matrix>
              <node id="node-Bip01_R_Calf" name="Bip01_R_Calf">
                <matrix sid="matrix">-0.734503 0.6786053 5.96046e-8 0.4629987 -0.6786053 -0.7345031 -2.98023e-8 1.49012e-8 7.45058e-9 5.96046e-8 1 -2.98023e-8 0 0 0 1</matrix>
                <node id="node-Bip01_R_Foot" name="Bip01_R_Foot">
                  <matrix sid="matrix">0.845942 -0.5104884 -0.1542219 0.3610502 0.5212073 0.8526447 0.03660804 7.45058e-9 0.1128085 -0.1113498 0.9873579 -2.98023e-8 0 0 0 1</matrix>
                  <node id="node-Bip01_R_Toe0" name="Bip01_R_Toe0">
                    <matrix>-0.6632262 -0.7481881 0.01858823 0.1486307 0.7465618 -0.6631248 -0.05395296 0.1543274 0.05269335 -0.02190572 0.9983705 0 0 0 0 1</matrix>
                  </node>
                </node>
              </node>
            </node>
          </node>
          <node id="node-Bip01_FannyPack" name="Bip01_FannyPack">
            <matrix>-0.9629918 -0.2062317 0.1735378 0.2299507 -0.2083319 0.9780385 0.006227079 -0.1378937 -0.1710108 -0.03015682 -0.9848076 0.01013964 0 0 0 1</matrix>
          </node>
        </node>
        <node id="node-EYE" name="EYE">
          <matrix sid="matrix">0.7792379 0.6267177 -0.003664111 0.05838358 -0.6267173 0.7792452 0.001428192 0.07274419 0.003750314 0.001183283 0.999992 0.5282093 0 0 0 1</matrix>
          <node id="node-CAM" name="CAM">
            <matrix>1 -6.03104e-8 3.55271e-15 4.85452e-8 6.03104e-8 1 -2.32831e-9 -0.104 -3.55271e-15 2.32832e-9 1 0.3005601 0 0 0 1</matrix>
          </node>
        </node>
      </node>
      <node id="node-Bounds" name="Bounds">
        <matrix>0.9999915 0.001706907 0.003750479 0 -0.001711356 0.9999978 0.001183292 0.1035326 -0.003748452 -0.0011897 0.9999923 -8.93474e-5 0 0 0 1</matrix>
        <instance_geometry url="#geom-Bounds">
          <bind_material>
            <technique_common>
              <instance_material symbol="ShapeBounds" target="#ShapeBounds-material"/>
            </technique_common>
          </bind_material>
        </instance_geometry>
      </node>
    </visual_scene>
  </library_visual_scenes>
  <library_animations>
    <animation>
      <source id="node-Bip01_matrix-input">
        <float_array id="node-Bip01_matrix-input-array" count="61">9.333333 9.366667 9.4 9.433333 9.466666 9.5 9.533334 9.566667 9.6 9.633333 9.666667 9.7 9.733334 9.766666 9.8 9.833333 9.866667 9.9 9.933333 9.966666 10 10.03333 10.06667 10.1 10.13333 10.16667 10.2 10.23333 10.26667 10.3 10.33333 10.36667 10.4 10.43333 10.46667 10.5 10.53333 10.56667 10.6 10.63333 10.66667 10.7 10.73333 10.76667 10.8 10.83333 10.86667 10.9 10.93333 10.96667 11 11.03333 11.06667 11.1 11.13333 11.16667 11.2 11.23333 11.26667 11.3 11.33333</float_array>
        <technique_common>
          <accessor source="#node-Bip01_matrix-input-array" count="61" stride="1">
            <param name="TIME" type="float"/>
          </accessor>
        </technique_common>
      </source>
      <source id="node-Bip01_matrix-output">
        <float_array id="node-Bip01_matrix-output-array" count="976">0.7792376 -0.6267173 0.003750264 -8.10623e-5 0.6267178 0.7792454 0.00118345 0.009366631 -0.003664016 0.001428127 0.9999923 0.5107236 0 0 0 1 0.7792376 -0.6267173 0.003750264 -8.10623e-5 0.6267178 0.7792454 0.00118345 0.009471476 -0.003664016 0.001428127 0.9999923 0.5107056 0 0 0 1 0.7792376 -0.6267173 0.003750264 -8.10623e-5 0.6267178 0.7792454 0.00118345 0.00958544 -0.003664016 0.001428127 0.9999923 0.5106533 0 0 0 1 0.7792376 -0.6267173 0.003750264 -8.10623e-5 0.6267178 0.7792454 0.00118345 0.009707629 -0.003664016 0.001428127 0.9999923 0.510569 0 0 0 1 0.7792376 -0.6267173 0.003750264 -8.10623e-5 0.6267178 0.7792454 0.00118345 0.00983715 -0.003664016 0.001428127 0.9999923 0.5104554 0 0 0 1 0.7792376 -0.6267173 0.003750264 -8.10623e-5 0.6267178 0.7792454 0.00118345 0.009973108 -0.003664016 0.001428127 0.9999923 0.5103148 0 0 0 1 0.7792377 -0.6267173 0.003750264 -8.10623e-5 0.6267178 0.7792454 0.00118345 0.01011466 -0.003664016 0.001428127 0.9999923 0.5101497 0 0 0 1 0.7792376 -0.6267173 0.003750264 -8.10623e-5 0.6267178 0.7792454 0.00118345 0.01026082 -0.003664016 0.001428127 0.9999923 0.5099624 0 0 0 1 0.7792376 -0.6267173 0.003750264 -8.10623e-5 0.6267178 0.7792454 0.00118345 0.01041078 -0.003664016 0.001428127 0.9999923 0.5097556 0 0 0 1 0.7792376 -0.6267173 0.003750264 -8.10623e-5 0.6267178 0.7792454 0.00118345 0.01056367 -0.003664016 0.001428127 0.9999923 0.5095316 0 0 0 1 0.7792376 -0.6267173 0.003750264 -8.10623e-5 0.6267178 0.7792454 0.00118345 0.01071852 -0.003664016 0.001428127 0.9999923 0.5092929 0 0 0 1 0.7792376 -0.6267173 0.003750264 -8.10623e-5 0.6267178 0.7792454 0.00118345 0.01087445 -0.003664016 0.001428127 0.9999923 0.5090419 0 0 0 1 0.7792376 -0.6267173 0.003750264 -8.10623e-5 0.6267178 0.7792454 0.00118345 0.01103067 -0.003664016 0.001428127 0.9999923 0.5087811 0 0 0 1 0.7792376 -0.6267173 0.003750264 -8.10623e-5 0.6267178 0.7792454 0.00118345 0.01118618 -0.003664016 0.001428127 0.9999923 0.5085129 0 0 0 1 0.7792376 -0.6267173 0.003750264 -8.10623e-5 0.6267178 0.7792454 0.00118345 0.01134014 -0.003664016 0.001428127 0.9999923 0.5082399 0 0 0 1 0.7792376 -0.6267173 0.003750264 -8.10623e-5 0.6267178 0.7792454 0.00118345 0.01149171 -0.003664016 0.001428127 0.9999923 0.5079643 0 0 0 1 0.7792376 -0.6267173 0.003750264 -8.10623e-5 0.6267178 0.7792454 0.00118345 0.01163989 -0.003664016 0.001428127 0.9999923 0.5076888 0 0 0 1 0.7792376 -0.6267173 0.003750264 -8.10623e-5 0.6267178 0.7792454 0.00118345 0.01178383 -0.003664016 0.001428127 0.9999923 0.5074157 0 0 0 1 0.7792376 -0.6267173 0.003750264 -8.10623e-5 0.6267178 0.7792454 0.00118345 0.01192271 -0.003664016 0.001428127 0.9999923 0.5071476 0 0 0 1 0.7792376 -0.6267173 0.003750264 -8.10623e-5 0.6267178 0.7792454 0.00118345 0.01205557 -0.003664016 0.001428127 0.9999923 0.5068868 0 0 0 1 0.7792376 -0.6267173 0.003750264 -8.10623e-5 0.6267178 0.7792454 0.00118345 0.01218152 -0.003664016 0.001428127 0.9999923 0.5066357 0 0 0 1 0.7792376 -0.6267173 0.003750264 -8.10623e-5 0.6267178 0.7792454 0.00118345 0.01229971 -0.003664016 0.001428127 0.9999923 0.5063971 0 0 0 1 0.7792376 -0.6267173 0.003750264 -8.10623e-5 0.6267178 0.7792454 0.00118345 0.01240921 -0.003664016 0.001428127 0.9999923 0.5061731 0 0 0 1 0.7792376 -0.6267173 0.003750264 -8.10623e-5 0.6267178 0.7792454 0.00118345 0.01250922 -0.003664016 0.001428127 0.9999923 0.5059662 0 0 0 1 0.7792377 -0.6267173 0.003750264 -8.10623e-5 0.6267178 0.7792454 0.00118345 0.01259869 -0.003664016 0.001428127 0.9999923 0.5057789 0 0 0 1 0.7792376 -0.6267173 0.003750264 -8.10623e-5 0.6267178 0.7792454 0.00118345 0.01267689 -0.003664016 0.001428127 0.9999923 0.5056138 0 0 0 1 0.7792376 -0.6267173 0.003750264 -8.10623e-5 0.6267178 0.7792454 0.00118345 0.01274287 -0.003664016 0.001428127 0.9999923 0.5054732 0 0 0 1 0.7792376 -0.6267173 0.003750264 -8.10623e-5 0.6267178 0.7792454 0.00118345 0.01279574 -0.003664016 0.001428127 0.9999923 0.5053595 0 0 0 1 0.7792376 -0.6267173 0.003750264 -8.10623e-5 0.6267178 0.7792454 0.00118345 0.0128346 -0.003664016 0.001428127 0.9999923 0.5052754 0 0 0 1 0.7792376 -0.6267173 0.003750264 -8.10623e-5 0.6267178 0.7792454 0.00118345 0.01285856 -0.003664016 0.001428127 0.9999923 0.505223 0 0 0 1 0.7792376 -0.6267173 0.003750264 -8.10623e-5 0.6267178 0.7792454 0.00118345 0.01286673 -0.003664016 0.001428127 0.9999923 0.505205 0 0 0 1 0.7792376 -0.6267173 0.003750264 -8.10623e-5 0.6267178 0.7792454 0.00118345 0.01285856 -0.003664016 0.001428127 0.9999923 0.5052177 0 0 0 1 0.7792376 -0.6267173 0.003750264 -8.10623e-5 0.6267178 0.7792454 0.00118345 0.0128346 -0.003664016 0.001428127 0.9999923 0.5052546 0 0 0 1 0.7792376 -0.6267173 0.003750264 -8.10623e-5 0.6267178 0.7792454 0.00118345 0.01279574 -0.003664016 0.001428127 0.9999923 0.5053144 0 0 0 1 0.7792376 -0.6267173 0.003750264 -8.10623e-5 0.6267178 0.7792454 0.00118345 0.01274287 -0.003664016 0.001428127 0.9999923 0.505396 0 0 0 1 0.7792376 -0.6267173 0.003750264 -8.10623e-5 0.6267178 0.7792454 0.00118345 0.01267689 -0.003664016 0.001428127 0.9999923 0.5054978 0 0 0 1 0.7792377 -0.6267173 0.003750264 -8.10623e-5 0.6267178 0.7792454 0.00118345 0.01259869 -0.003664016 0.001428127 0.9999923 0.5056186 0 0 0 1 0.7792376 -0.6267173 0.003750264 -8.10623e-5 0.6267178 0.7792454 0.00118345 0.01250922 -0.003664016 0.001428127 0.9999923 0.5057569 0 0 0 1 0.7792376 -0.6267173 0.003750264 -8.10623e-5 0.6267178 0.7792454 0.00118345 0.01240921 -0.003664016 0.001428127 0.9999923 0.5059116 0 0 0 1 0.7792376 -0.6267173 0.003750264 -8.10623e-5 0.6267178 0.7792454 0.00118345 0.01229971 -0.003664016 0.001428127 0.9999923 0.5060813 0 0 0 1 0.7792376 -0.6267173 0.003750264 -8.10623e-5 0.6267178 0.7792454 0.00118345 0.01218152 -0.003664016 0.001428127 0.9999923 0.5062645 0 0 0 1 0.7792376 -0.6267173 0.003750264 -8.10623e-5 0.6267178 0.7792454 0.00118345 0.01205557 -0.003664016 0.001428127 0.9999923 0.5064599 0 0 0 1 0.7792376 -0.6267173 0.003750264 -8.10623e-5 0.6267178 0.7792454 0.00118345 0.01192271 -0.003664016 0.001428127 0.9999923 0.5066664 0 0 0 1 0.7792376 -0.6267173 0.003750264 -8.10623e-5 0.6267178 0.7792454 0.00118345 0.01178383 -0.003664016 0.001428127 0.9999923 0.5068823 0 0 0 1 0.7792376 -0.6267173 0.003750264 -8.10623e-5 0.6267178 0.7792454 0.00118345 0.01163989 -0.003664016 0.001428127 0.9999923 0.5071066 0 0 0 1 0.7792376 -0.6267173 0.003750264 -8.10623e-5 0.6267178 0.7792454 0.00118345 0.01149171 -0.003664016 0.001428127 0.9999923 0.5073377 0 0 0 1 0.7792376 -0.6267173 0.003750264 -8.10623e-5 0.6267178 0.7792454 0.00118345 0.01134014 -0.003664016 0.001428127 0.9999923 0.5075744 0 0 0 1 0.7792376 -0.6267173 0.003750264 -8.10623e-5 0.6267178 0.7792454 0.00118345 0.01118618 -0.003664016 0.001428127 0.9999923 0.5078154 0 0 0 1 0.7792376 -0.6267173 0.003750264 -8.10623e-5 0.6267178 0.7792454 0.00118345 0.01103067 -0.003664016 0.001428127 0.9999923 0.5080592 0 0 0 1 0.7792376 -0.6267173 0.003750264 -8.10623e-5 0.6267178 0.7792454 0.00118345 0.01087445 -0.003664016 0.001428127 0.9999923 0.5083046 0 0 0 1 0.7792376 -0.6267173 0.003750264 -8.10623e-5 0.6267178 0.7792454 0.00118345 0.01071852 -0.003664016 0.001428127 0.9999923 0.5085502 0 0 0 1 0.7792376 -0.6267173 0.003750264 -8.10623e-5 0.6267178 0.7792454 0.00118345 0.01056367 -0.003664016 0.001428127 0.9999923 0.5087947 0 0 0 1 0.7792376 -0.6267173 0.003750264 -8.10623e-5 0.6267178 0.7792454 0.00118345 0.01041078 -0.003664016 0.001428127 0.9999923 0.5090367 0 0 0 1 0.7792376 -0.6267173 0.003750264 -8.10623e-5 0.6267178 0.7792454 0.00118345 0.01026082 -0.003664016 0.001428127 0.9999923 0.5092749 0 0 0 1 0.7792377 -0.6267173 0.003750264 -8.10623e-5 0.6267178 0.7792454 0.00118345 0.01011466 -0.003664016 0.001428127 0.9999923 0.5095081 0 0 0 1 0.7792376 -0.6267173 0.003750264 -8.10623e-5 0.6267178 0.7792454 0.00118345 0.009973108 -0.003664016 0.001428127 0.9999923 0.5097346 0 0 0 1 0.7792376 -0.6267173 0.003750264 -8.10623e-5 0.6267178 0.7792454 0.00118345 0.00983715 -0.003664016 0.001428127 0.9999923 0.5099534 0 0 0 1 0.7792376 -0.6267173 0.003750264 -8.10623e-5 0.6267178 0.7792454 0.00118345 0.009707629 -0.003664016 0.001428127 0.9999923 0.5101631 0 0 0 1 0.7792376 -0.6267173 0.003750264 -8.10623e-5 0.6267178 0.7792454 0.00118345 0.00958544 -0.003664016 0.001428127 0.9999923 0.5103622 0 0 0 1 0.7792376 -0.6267173 0.003750264 -8.10623e-5 0.6267178 0.7792454 0.00118345 0.009471476 -0.003664016 0.001428127 0.9999923 0.5105495 0 0 0 1 0.7792376 -0.6267173 0.003750264 -8.10623e-5 0.6267178 0.7792454 0.00118345 0.009366631 -0.003664016 0.001428127 0.9999923 0.5107236 0 0 0 1</float_array>
        <technique_common>
          <accessor source="#node-Bip01_matrix-output-array" count="61" stride="16">
            <param name="TRANSFORM" type="float4x4"/>
          </accessor>
        </technique_common>
      </source>
      <source id="node-Bip01_matrix-interpolation">
        <Name_array id="node-Bip01_matrix-interpolation-array" count="61">LINEAR LINEAR LINEAR LINEAR LINEAR LINEAR LINEAR LINEAR LINEAR LINEAR LINEAR LINEAR LINEAR LINEAR LINEAR LINEAR LINEAR LINEAR LINEAR LINEAR LINEAR LINEAR LINEAR LINEAR LINEAR LINEAR LINEAR LINEAR LINEAR LINEAR LINEAR LINEAR LINEAR LINEAR LINEAR LINEAR LINEAR LINEAR LINEAR LINEAR LINEAR LINEAR LINEAR LINEAR LINEAR LINEAR LINEAR LINEAR LINEAR LINEAR LINEAR LINEAR LINEAR LINEAR LINEAR LINEAR LINEAR LINEAR LINEAR LINEAR LINEAR</Name_array>
        <technique_common>
          <accessor source="#node-Bip01_matrix-interpolation-array" count="61" stride="1">
            <param name="INTERPOLATION" type="name"/>
          </accessor>
        </technique_common>
      </source>
      <source id="node-Bip01_L_UpperArm_matrix-input">
        <float_array id="node-Bip01_L_UpperArm_matrix-input-array" count="61">9.333333 9.366667 9.4 9.433333 9.466666 9.5 9.533334 9.566667 9.6 9.633333 9.666667 9.7 9.733334 9.766666 9.8 9.833333 9.866667 9.9 9.933333 9.966666 10 10.03333 10.06667 10.1 10.13333 10.16667 10.2 10.23333 10.26667 10.3 10.33333 10.36667 10.4 10.43333 10.46667 10.5 10.53333 10.56667 10.6 10.63333 10.66667 10.7 10.73333 10.76667 10.8 10.83333 10.86667 10.9 10.93333 10.96667 11 11.03333 11.06667 11.1 11.13333 11.16667 11.2 11.23333 11.26667 11.3 11.33333</float_array>
        <technique_common>
          <accessor source="#node-Bip01_L_UpperArm_matrix-input-array" count="61" stride="1">
            <param name="TIME" type="float"/>
          </accessor>
        </technique_common>
      </source>
      <source id="node-Bip01_L_UpperArm_matrix-output">
