<?xml version="1.0" encoding="utf-8"?>
<COLLADA xmlns="http://www.collada.org/2005/11/COLLADASchema" version="1.4.1">
  <asset>
    <contributor>
      <author>MattO</author>
      <authoring_tool>OpenCOLLADA for 3ds Max;  Version: 1.3.0;  Revision: 839M;  Platform: x64;  Configuration: Release_Max2012</authoring_tool>
      <source_data>file:///C:/Dropbox/Prj/GG/Art_Pack/Gun_Pack/ProxMine/TP_ProxMine_PlayerAnims.max</source_data>
    </contributor>
    <created>2011-09-14T10:38:16</created>
    <modified>2011-09-14T10:38:16</modified>
    <unit name="meter" meter="1"/>
    <up_axis>Z_UP</up_axis>
  </asset>
  <library_effects>
    <effect id="ShapeBounds">
      <profile_COMMON>
        <technique sid="common">
          <blinn>
            <emission>
              <color>0 0 0 1</color>
            </emission>
            <ambient>
              <color>0.1647059 1 0 1</color>
            </ambient>
            <diffuse>
              <color>0.1647059 1 0 1</color>
            </diffuse>
            <specular>
              <color>0.9 0.9 0.9 1</color>
            </specular>
            <shininess>
              <float>10</float>
            </shininess>
            <reflective>
              <color>0 0 0 1</color>
            </reflective>
            <transparent opaque="A_ONE">
              <color>1 1 1 1</color>
            </transparent>
            <transparency>
              <float>1</float>
            </transparency>
          </blinn>
        </technique>
      </profile_COMMON>
      <extra>
        <technique profile="OpenCOLLADA3dsMax">
          <extended_shader>
            <apply_reflection_dimming>0</apply_reflection_dimming>
            <dim_level>0</dim_level>
            <falloff_type>0</falloff_type>
            <index_of_refraction>1.5</index_of_refraction>
            <opacity_type>0</opacity_type>
            <reflection_level>3</reflection_level>
            <wire_size>1</wire_size>
            <wire_units>0</wire_units>
          </extended_shader>
          <shader>
            <ambient_diffuse_lock>1</ambient_diffuse_lock>
            <ambient_diffuse_texture_lock>1</ambient_diffuse_texture_lock>
            <diffuse_specular_lock>0</diffuse_specular_lock>
            <soften>0.1</soften>
            <use_self_illum_color>0</use_self_illum_color>
          </shader>
        </technique>
      </extra>
    </effect>
  </library_effects>
  <library_materials>
    <material id="ShapeBounds-material" name="ShapeBounds">
      <instance_effect url="#ShapeBounds"/>
    </material>
  </library_materials>
  <library_geometries>
    <geometry id="geom-Bounds" name="Bounds">
      <mesh>
        <source id="geom-Bounds-positions">
          <float_array id="geom-Bounds-positions-array" count="24">-0.425 -0.425 0 0.425 -0.425 0 -0.425 0.425 0 0.425 0.425 0 -0.425 -0.425 1.84 0.425 -0.425 1.84 -0.425 0.425 1.84 0.425 0.425 1.84</float_array>
          <technique_common>
            <accessor source="#geom-Bounds-positions-array" count="8" stride="3">
              <param name="X" type="float"/>
              <param name="Y" type="float"/>
              <param name="Z" type="float"/>
            </accessor>
          </technique_common>
        </source>
        <source id="geom-Bounds-normals">
          <float_array id="geom-Bounds-normals-array" count="72">0 0 -1 0 0 -1 0 0 -1 0 0 -1 0 0 1 0 0 1 0 0 1 0 0 1 0 -1 0 0 -1 0 0 -1 0 0 -1 0 1 0 0 1 0 0 1 0 0 1 0 0 0 1 0 0 1 0 0 1 0 0 1 0 -1 0 0 -1 0 0 -1 0 0 -1 0 0</float_array>
          <technique_common>
            <accessor source="#geom-Bounds-normals-array" count="24" stride="3">
              <param name="X" type="float"/>
              <param name="Y" type="float"/>
              <param name="Z" type="float"/>
            </accessor>
          </technique_common>
        </source>
        <source id="geom-Bounds-map1">
          <float_array id="geom-Bounds-map1-array" count="36">0 0 0 1 0 0 0 1 0 1 1 0 0 0 0 1 0 0 0 1 0 1 1 0 0 0 0 1 0 0 0 1 0 1 1 0</float_array>
          <technique_common>
            <accessor source="#geom-Bounds-map1-array" count="12" stride="3">
              <param name="S" type="float"/>
              <param name="T" type="float"/>
              <param name="P" type="float"/>
            </accessor>
          </technique_common>
        </source>
        <vertices id="geom-Bounds-vertices">
          <input semantic="POSITION" source="#geom-Bounds-positions"/>
        </vertices>
        <triangles material="ShapeBounds" count="12">
          <input semantic="VERTEX" source="#geom-Bounds-vertices" offset="0"/>
          <input semantic="NORMAL" source="#geom-Bounds-normals" offset="1"/>
          <input semantic="TEXCOORD" source="#geom-Bounds-map1" offset="2" set="0"/>
          <p>0 0 9 2 1 11 3 2 10 3 2 10 1 3 8 0 0 9 4 4 8 5 5 9 7 6 11 7 6 11 6 7 10 4 4 8 0 8 4 1 9 5 5 10 7 5 10 7 4 11 6 0 8 4 1 12 0 3 13 1 7 14 3 7 14 3 5 15 2 1 12 0 3 16 4 2 17 5 6 18 7 6 18 7 7 19 6 3 16 4 2 20 0 0 21 1 4 22 3 4 22 3 6 23 2 2 20 0</p>
        </triangles>
      </mesh>
      <extra>
        <technique profile="OpenCOLLADA3dsMax">
          <max_box>
            <generateuvs>1</generateuvs>
            <height>1.84</height>
            <heightsegments>1</heightsegments>
            <length>0.85</length>
            <lengthsegments>1</lengthsegments>
            <width>0.85</width>
            <widthsegments>1</widthsegments>
          </max_box>
        </technique>
      </extra>
    </geometry>
  </library_geometries>
  <library_lights>
    <light id="EnvironmentAmbientLight" name="EnvironmentAmbientLight">
      <technique_common>
        <ambient>
          <color>0 0 0</color>
        </ambient>
      </technique_common>
    </light>
  </library_lights>
  <library_visual_scenes>
    <visual_scene id="MaxScene">
      <node name="EnvironmentAmbientLight">
        <instance_light url="#EnvironmentAmbientLight"/>
      </node>
      <node id="node-Bip01" name="Bip01">
        <matrix sid="matrix">0.7792375 -0.6267175 0.003750266 -6.78957e-4 0.626718 0.7792453 0.001183461 0.01078778 -0.003664072 0.001428162 0.9999923 0.8030062 0 0 0 1</matrix>
        <node id="node-Bip01_Pelvis" name="Bip01_Pelvis">
          <matrix sid="matrix">-0.009626743 0.991236 0.1317526 0 -0.1217414 -0.1319404 0.9837534 0 0.9925151 -0.006569401 0.1219446 0 0 0 0 1</matrix>
          <node id="node-Bip01_Spine" name="Bip01_Spine">
            <matrix sid="matrix">0.974003 -0.1713646 -0.1481636 0.1975133 0.0649147 0.8377451 -0.5421896 0.02500539 0.2170354 0.5184763 0.8270903 0.02776152 0 0 0 1</matrix>
            <node id="node-Bip01_Spine1" name="Bip01_Spine1">
              <matrix sid="matrix">0.9940998 -0.1082491 -0.00693208 0.1022409 0.1067966 0.9879403 -0.1121098 -9.98229e-5 0.01898431 0.1107081 0.9936718 -1.1187e-5 0 0 0 1</matrix>
              <node id="node-Bip01_Spine2" name="Bip01_Spine2">
                <matrix sid="matrix">0.9832368 -0.177375 0.04222756 0.1268963 0.1810741 0.9770651 -0.1120531 -1.67355e-4 -0.02138369 0.117821 0.9928045 -2.01799e-5 0 0 0 1</matrix>
                <node id="node-Bip01_Neck" name="Bip01_Neck">
                  <matrix sid="matrix">0.9021776 -0.4308736 0.02058499 0.2151072 0.4312887 0.9018877 -0.02426415 -4.97401e-5 -0.008110583 0.03076863 0.9994937 -1.69128e-6 0 0 0 1</matrix>
                  <node id="node-Bip01_Head" name="Bip01_Head">
                    <matrix sid="matrix">0.8383279 0.5202501 -0.1629291 0.07051814 -0.5361 0.8409864 -0.07306503 -0.01395917 0.0990091 0.1485988 0.9839286 7.45058e-9 0 0 0 1</matrix>
                    <node id="node-AltEye" name="AltEye">
                      <matrix sid="matrix">0.02345615 0.2813333 0.959324 0.06454682 0.04894473 0.958114 -0.282175 0.2214611 -0.9985262 0.05357213 0.008703775 0.04716256 0 0 0 1</matrix>
                    </node>
                  </node>
                  <node id="node-Bip01_L_Clavicle" name="Bip01_L_Clavicle">
                    <matrix sid="matrix">-0.3164032 -0.4320402 0.8445294 -0.02496195 0.2105159 -0.9000474 -0.3815721 -0.01206517 0.9249714 0.05705628 0.3757294 0.06855243 0 0 0 1</matrix>
                    <node id="node-Bip01_L_UpperArm" name="Bip01_L_UpperArm">
                      <matrix sid="matrix">0.5612576 0.2768266 0.7799721 0.1824007 -0.4069832 0.9129045 -0.03114702 -2.98023e-8 -0.7206624 -0.2999542 0.6250384 -1.19209e-7 0 0 0 1</matrix>
                      <node id="node-Bip01_L_Forearm" name="Bip01_L_Forearm">
                        <matrix sid="matrix">-0.0477085 0.9988614 0 0.2843691 -0.9988613 -0.04770849 -1.72295e-8 -1.11759e-8 5.21541e-8 -5.96046e-8 1 -5.96046e-8 0 0 0 1</matrix>
                        <node id="node-Bip01_L_Hand" name="Bip01_L_Hand">
                          <matrix sid="matrix">0.9905874 0.0661432 -0.1198405 0.281068 0.1264261 -0.1064998 0.9862425 0 0.05247023 -0.9921104 -0.1138595 -5.96046e-8 0 0 0 1</matrix>
                          <node id="node-Bip01_L_Finger0" name="Bip01_L_Finger0">
                            <matrix sid="matrix">0.345179 0.6252525 0.6999362 0.02119681 0.5973265 0.4288769 -0.6776913 -0.004734218 -0.7239147 0.6520153 -0.2254407 -0.02572191 0 0 0 1</matrix>
                            <node id="node-Bip01_L_Finger01" name="Bip01_L_Finger01">
                              <matrix sid="matrix">0.9455186 -0.3255681 0 0.04982853 0.3255681 0.9455186 -1.49012e-8 0 7.45058e-9 2.98023e-8 1 0 0 0 0 1</matrix>
                              <node id="node-Bip01_L_Finger02" name="Bip01_L_Finger02">
                                <matrix sid="matrix">0.9203137 0.3911816 0 0.05202237 -0.3911816 0.9203137 0 -5.96046e-8 0 4.47035e-8 1 5.96046e-8 0 0 0 1</matrix>
                              </node>
                            </node>
                          </node>
                          <node id="node-Bip01_L_Finger1" name="Bip01_L_Finger1">
                            <matrix sid="matrix">0.9541454 -0.2819768 -0.1004766 0.1199947 0.2718615 0.9567645 -0.1034069 -0.008367538 0.1252908 0.07134955 0.9895512 -0.04101384 0 0 0 1</matrix>
                            <node id="node-Bip01_L_Finger11" name="Bip01_L_Finger11">
                              <matrix sid="matrix">0.9363124 -0.3511682 1.49012e-8 0.03644171 0.3511682 0.9363124 -1.49012e-8 0 0 1.49012e-8 1 0 0 0 0 1</matrix>
                              <node id="node-Bip01_L_Finger12" name="Bip01_L_Finger12">
                                <matrix sid="matrix">0.7785827 -0.6275422 0 0.03117546 0.6275421 0.7785827 -7.45058e-9 0 -2.98023e-8 1.49012e-8 1 0 0 0 0 1</matrix>
                              </node>
                            </node>
                          </node>
                          <node id="node-Bip01_L_Finger2" name="Bip01_L_Finger2">
                            <matrix sid="matrix">0.7812487 -0.6233676 -0.03260919 0.1229539 0.6235424 0.7769018 0.08728345 -0.008802056 -0.02907555 -0.08852329 0.9956496 -0.01328254 0 0 0 1</matrix>
                            <node id="node-Bip01_L_Finger21" name="Bip01_L_Finger21">
                              <matrix sid="matrix">0.7620706 -0.647494 1.49012e-8 0.0389552 0.6474939 0.7620707 4.65661e-9 0 1.49012e-8 1.49012e-8 1 -1.19209e-7 0 0 0 1</matrix>
                              <node id="node-Bip01_L_Finger22" name="Bip01_L_Finger22">
                                <matrix>0.9762959 -0.2164396 7.45058e-9 0.03800538 0.2164396 0.9762959 0 -5.96046e-8 0 -7.45058e-9 0.9999999 0 0 0 0 1</matrix>
                              </node>
                            </node>
                          </node>
                          <node id="node-Bip01_L_Finger3" name="Bip01_L_Finger3">
                            <matrix>0.4124632 -0.9064789 -0.09038851 0.1211882 0.9061532 0.3980613 0.1429456 -0.001191258 -0.09359705 -0.1408657 0.9855945 0.01196861 0 0 0 1</matrix>
                            <node id="node-Bip01_L_Finger31" name="Bip01_L_Finger31">
                              <matrix>0.9381478 -0.3462351 7.45058e-9 0.03155845 0.3462352 0.9381479 1.49012e-8 -5.96046e-8 7.45058e-9 -1.49012e-8 1 0 0 0 0 1</matrix>
                              <node id="node-Bip01_L_Finger32" name="Bip01_L_Finger32">
                                <matrix>0.9636303 -0.2672383 3.72529e-9 0.03366596 0.2672384 0.9636304 0 -2.98023e-8 -4.65661e-10 0 1 0 0 0 0 1</matrix>
                              </node>
                            </node>
                          </node>
                          <node id="node-Bip01_L_Finger4" name="Bip01_L_Finger4">
                            <matrix>0.07120573 -0.9696806 0.2337719 0.1136796 0.9750155 0.1171046 0.1887628 0.005147398 -0.2104155 0.2144902 0.953792 0.03886557 0 0 0 1</matrix>
                            <node id="node-Bip01_L_Finger41" name="Bip01_L_Finger41">
                              <matrix>0.9790111 -0.203807 -1.86265e-9 0.03661618 0.2038069 0.9790111 -1.49012e-8 -5.96046e-8 -6.0536e-9 1.49012e-8 1 1.78814e-7 0 0 0 1</matrix>
                              <node id="node-Bip01_L_Finger42" name="Bip01_L_Finger42">
                                <matrix>0.9645151 0.2640274 -9.31323e-10 0.0177263 -0.2640275 0.9645153 0 0 3.72529e-9 -1.49012e-8 1 -1.19209e-7 0 0 0 1</matrix>
                              </node>
                            </node>
                          </node>
                        </node>
                      </node>
                    </node>
                  </node>
                  <node id="node-Bip01_R_Clavicle" name="Bip01_R_Clavicle">
                    <matrix sid="matrix">-0.3137373 -0.4318158 -0.845638 -0.02385318 0.06845213 -0.8985736 0.4334506 -0.0162707 -0.9470391 0.07810397 0.3114749 -0.06807298 0 0 0 1</matrix>
                    <node id="node-Bip01_R_UpperArm" name="Bip01_R_UpperArm">
                      <matrix sid="matrix">0.3866265 0.6698843 -0.6338571 0.1824006 -0.7407624 0.634984 0.2192408 0 0.5493551 0.3847732 0.7417266 -1.19209e-7 0 0 0 1</matrix>
                      <node id="node-Bip01_R_Forearm" name="Bip01_R_Forearm">
                        <matrix sid="matrix">0.2256223 0.9742149 0 0.2843691 -0.9742149 0.2256222 -7.45058e-9 0 -7.26432e-8 -5.96046e-8 1 0 0 0 0 1</matrix>
                        <node id="node-Bip01_R_Hand" name="Bip01_R_Hand">
                          <matrix sid="matrix">0.9538627 0.3000338 0.01121364 0.281068 0.09956434 -0.2808566 -0.9545715 0 -0.2832543 0.9116466 -0.2977713 0 0 0 0 1</matrix>
                          <node id="node-Bip01_R_Finger0" name="Bip01_R_Finger0">
                            <matrix sid="matrix">0.466874 0.3554855 -0.8097274 0.02119678 0.6514514 0.4809567 0.5867639 -0.004734248 0.5980297 -0.801443 -0.007035449 0.02572179 0 0 0 1</matrix>
                            <node id="node-Bip01_R_Finger01" name="Bip01_R_Finger01">
                              <matrix sid="matrix">0.8647895 -0.4978737 0.06527566 0.04982865 0.4938731 0.866828 0.06854743 -1.19209e-7 -0.09071079 -0.02704123 0.9955102 0 0 0 0 1</matrix>
                              <node id="node-Bip01_R_Finger02" name="Bip01_R_Finger02">
                                <matrix sid="matrix">0.8489718 0.5284383 5.58794e-9 0.05202237 -0.5284383 0.8489717 0 0 -2.23517e-8 0 1 -5.96046e-8 0 0 0 1</matrix>
                              </node>
                            </node>
                          </node>
                          <node id="node-Bip01_R_Finger1" name="Bip01_R_Finger1">
                            <matrix>0.9820225 -0.1733427 -0.0747267 0.1199946 0.1795577 0.9799358 0.08651488 -0.008367598 0.05823065 -0.09837733 0.9934441 0.04101396 0 0 0 1</matrix>
                            <node id="node-Bip01_R_Finger11" name="Bip01_R_Finger11">
                              <matrix sid="matrix">0.9425993 -0.3339258 1.49012e-8 0.03644186 0.3339258 0.9425994 -1.49012e-8 0 -1.49012e-8 0 1 0 0 0 0 1</matrix>
                              <node id="node-Bip01_R_Finger12" name="Bip01_R_Finger12">
                                <matrix sid="matrix">0.9832969 -0.181085 0.01831833 0.03117543 0.181519 0.9830508 -0.02573051 5.96046e-8 -0.01334845 0.02862583 0.9995011 0 0 0 0 1</matrix>
                              </node>
                            </node>
                          </node>
                          <node id="node-Bip01_R_Finger2" name="Bip01_R_Finger2">
                            <matrix sid="matrix">0.9536399 -0.3009502 -1.52126e-4 0.1229538 0.3006934 0.9528467 -0.04082685 -0.008802086 0.01243179 0.03888838 0.9991661 0.01328266 0 0 0 1</matrix>
                            <node id="node-Bip01_R_Finger21" name="Bip01_R_Finger21">
                              <matrix sid="matrix">0.9579762 -0.2847232 -0.03484872 0.03895521 0.2827407 0.9577504 -0.05265062 -2.98023e-8 0.04836719 0.0405849 0.9980047 -1.19209e-7 0 0 0 1</matrix>
                              <node id="node-Bip01_R_Finger22" name="Bip01_R_Finger22">
                                <matrix sid="matrix">0.9719918 -0.234256 0.01886613 0.03800541 0.2315868 0.9683846 0.09272985 -5.96046e-8 -0.03999218 -0.08576352 0.9955126 1.19209e-7 0 0 0 1</matrix>
                              </node>
                            </node>
                          </node>
                          <node id="node-Bip01_R_Finger3" name="Bip01_R_Finger3">
                            <matrix sid="matrix">0.9425171 -0.3272583 0.06755453 0.1211882 0.3338163 0.9129714 -0.234627 -0.001191258 0.01510826 0.2436907 0.9697351 -0.01196861 0 0 0 1</matrix>
                            <node id="node-Bip01_R_Finger31" name="Bip01_R_Finger31">
                              <matrix sid="matrix">0.6606858 -0.7494743 0.04222351 0.03155845 0.7450769 0.6615804 0.0846873 -4.47035e-8 -0.09140517 -0.02449189 0.9955126 0 0 0 0 1</matrix>
                              <node id="node-Bip01_R_Finger32" name="Bip01_R_Finger32">
                                <matrix sid="matrix">0.8335401 -0.5515911 -0.03095105 0.03366591 0.5520073 0.8338155 0.006297067 5.96046e-8 0.02233405 -0.02233406 0.999501 1.19209e-7 0 0 0 1</matrix>
                              </node>
                            </node>
                          </node>
                          <node id="node-Bip01_R_Finger4" name="Bip01_R_Finger4">
                            <matrix sid="matrix">0.7372702 -0.6748959 -0.03078972 0.1136796 0.6745099 0.7379035 -0.02312395 0.005147427 0.03832612 -0.003719307 0.9992583 -0.03886569 0 0 0 1</matrix>
                            <node id="node-Bip01_R_Finger41" name="Bip01_R_Finger41">
                              <matrix>0.4202555 -0.9064697 0.0412062 0.0366163 0.906853 0.4211511 0.01578784 0 -0.03166524 0.03073305 0.999026 0 0 0 0 1</matrix>
                              <node id="node-Bip01_R_Finger42" name="Bip01_R_Finger42">
                                <matrix>0.402447 -0.9138246 -0.05441486 0.0177263 0.9154231 0.4021218 0.01728316 0 0.006087601 -0.05676816 0.9983689 1.19209e-7 0 0 0 1</matrix>
                              </node>
                            </node>
                          </node>
                          <node id="node-mount0" name="mount0">
                            <matrix>-6.06524e-7 1 7.45058e-9 0.1095391 -0.9999999 -6.44242e-7 4.73112e-7 0.02518257 4.65661e-7 0 1 0.01321673 0 0 0 1</matrix>
                          </node>
                        </node>
                      </node>
                    </node>
                  </node>
                </node>
                <node id="node-Bip01_L_Pauldron_Upper" name="Bip01_L_Pauldron_Upper">
                  <matrix sid="matrix">0.9726136 0.1182849 0.2000785 0.176903 0.1284547 -0.9909647 -0.03858753 -0.03908369 0.1937063 0.06323178 -0.9790199 0.2290199 0 0 0 1</matrix>
                </node>
                <node id="node-Bip01_R_Pauldron_Lower" name="Bip01_R_Pauldron_Lower">
                  <matrix>-0.1156724 -0.9403759 -0.3198652 0.1729059 0.909775 -0.2295502 0.3458564 -0.1133293 -0.3986599 -0.2509994 0.8820826 -0.2351094 0 0 0 1</matrix>
                </node>
                <node id="node-Bip01_L_Pauldron_Lower" name="Bip01_L_Pauldron_Lower">
                  <matrix>-0.2099969 -0.76872 0.6041283 0.1529202 0.4002343 -0.6313504 -0.6642357 -0.1054225 0.892028 0.1023055 0.4402497 0.2344801 0 0 0 1</matrix>
                </node>
              </node>
            </node>
            <node id="node-Bip01_L_Thigh" name="Bip01_L_Thigh">
              <matrix sid="matrix">-0.6120716 0.7898712 -0.03836846 -0.1723581 0.7450172 0.5922247 0.3069516 0.06460377 0.265175 0.1592913 -0.9509515 0.1253033 0 0 0 1</matrix>
              <node id="node-Bip01_L_Calf" name="Bip01_L_Calf">
                <matrix sid="matrix">0.3972497 0.9177107 5.58794e-9 0.4629987 -0.9177104 0.3972498 5.58794e-9 0 6.70552e-8 -2.98023e-8 0.9999999 0 0 0 0 1</matrix>
                <node id="node-Bip01_L_Foot" name="Bip01_L_Foot">
                  <matrix sid="matrix">0.9300336 -0.3586479 -0.08006002 0.3610502 0.3665047 0.9211181 0.1312083 2.98023e-8 0.02668708 -0.1513704 0.9881168 0 0 0 0 1</matrix>
                  <node id="node-Bip01_L_Toe0" name="Bip01_L_Toe0">
                    <matrix sid="matrix">7.1479e-7 -1 1.8673e-6 0.1486307 1 7.1479e-7 -1.00772e-7 0.1543275 1.0119e-7 1.8673e-6 1 3.72529e-9 0 0 0 1</matrix>
                  </node>
                </node>
              </node>
            </node>
            <node id="node-Bip01_R_Thigh" name="Bip01_R_Thigh">
              <matrix sid="matrix">-0.9360003 0.1982433 0.2908664 -0.2276958 0.1456879 0.9704075 -0.1925727 -0.06759395 -0.3204351 -0.1378723 -0.9371835 -0.08558211 0 0 0 1</matrix>
              <node id="node-Bip01_R_Calf" name="Bip01_R_Calf">
                <matrix sid="matrix">0.4428694 0.8965863 0 0.4629988 -0.8965861 0.4428694 2.98023e-8 3.72529e-9 5.96046e-8 -8.9407e-8 0.9999999 0 0 0 0 1</matrix>
                <node id="node-Bip01_R_Foot" name="Bip01_R_Foot">
                  <matrix sid="matrix">0.6450173 -0.7377881 0.1990517 0.3610501 0.7133521 0.6747404 0.1893526 2.98023e-8 -0.2740103 0.0198583 0.9615217 0 0 0 0 1</matrix>
                  <node id="node-Bip01_R_Toe0" name="Bip01_R_Toe0">
                    <matrix sid="matrix">-0.1805805 -0.9786913 0.09774483 0.1486307 0.9833315 -0.1817876 -0.003513799 0.1543274 0.02120771 0.09548107 0.9952052 -2.98023e-8 0 0 0 1</matrix>
                  </node>
                </node>
              </node>
            </node>
          </node>
          <node id="node-Bip01_FannyPack" name="Bip01_FannyPack">
            <matrix sid="matrix">-0.9963488 -0.08416112 -0.0143587 0.1842488 -0.08428406 0.9964083 0.008181069 -0.1717735 0.0136186 0.009361421 -0.9998636 0.00796771 0 0 0 1</matrix>
          </node>
        </node>
        <node id="node-Eye" name="Eye">
          <matrix sid="matrix">0.7792377 0.6267179 -0.00366411 0.05898431 -0.6267175 0.7792451 0.001428192 0.07086235 0.003750313 0.001183282 0.999992 0.7673892 0 0 0 1</matrix>
          <node id="node-cam" name="cam">
            <matrix>1 -6.03104e-8 3.55271e-15 4.84288e-8 6.03104e-8 1 -2.32831e-9 -0.104 -3.55271e-15 2.32832e-9 1 0.3005601 0 0 0 1</matrix>
          </node>
        </node>
      </node>
      <node id="node-Bounds" name="Bounds">
        <matrix>0.9999915 0.001706907 0.003750479 0 -0.001711356 0.9999978 0.001183292 0.1035326 -0.003748452 -0.0011897 0.9999923 -8.93474e-5 0 0 0 1</matrix>
        <instance_geometry url="#geom-Bounds">
          <bind_material>
            <technique_common>
              <instance_material symbol="ShapeBounds" target="#ShapeBounds-material"/>
            </technique_common>
          </bind_material>
        </instance_geometry>
      </node>
    </visual_scene>
  </library_visual_scenes>
  <library_animations>
    <animation>
      <source id="node-Bip01_matrix-input">
        <float_array id="node-Bip01_matrix-input-array" count="41">46 46.03333 46.06667 46.1 46.13334 46.16667 46.2 46.23333 46.26667 46.3 46.33333 46.36666 46.4 46.43333 46.46667 46.5 46.53333 46.56667 46.6 46.63334 46.66667 46.7 46.73333 46.76667 46.8 46.83333 46.86666 46.9 46.93333 46.96667 47 47.03333 47.06667 47.1 47.13334 47.16667 47.2 47.23333 47.26667 47.3 47.33333</float_array>
        <technique_common>
          <accessor source="#node-Bip01_matrix-input-array" count="41" stride="1">
            <param name="TIME" type="float"/>
          </accessor>
        </technique_common>
      </source>
      <source id="node-Bip01_matrix-output">
        <float_array id="node-Bip01_matrix-output-array" count="656">0.7792375 -0.6267175 0.003750264 -6.78956e-4 0.626718 0.7792453 0.00118345 0.01078778 -0.003664016 0.001428127 0.9999923 0.8030062 0 0 0 1 0.8621825 -0.5028757 -0.06129807 -0.08312541 0.5043801 0.8634106 0.01108586 0.005249857 0.04735058 -0.04047554 0.998058 0.793449 0 0 0 1 0.9408935 -0.2810732 -0.1889899 -0.1820996 0.2847546 0.9585675 -0.007957458 -3.31723e-4 0.1833962 -0.04632854 0.9819468 0.7838283 0 0 0 1 0.9086475 -0.03810554 -0.4158217 -0.1952188 -4.33298e-4 0.9957408 -0.09219574 0.004946589 0.4175638 0.08395361 0.9047609 0.7862027 0 0 0 1 0.7463924 0.1666454 -0.644304 -0.2368146 -0.3333991 0.931523 -0.1452925 0.00522834 0.5759717 0.3232556 0.7508412 0.7911124 0 0 0 1 0.5584759 0.2913911 -0.7766569 -0.3770031 -0.6348249 0.7527979 -0.1740482 -0.006979167 0.5339497 0.5902428 0.6054018 0.7987077 0 0 0 1 0.3387236 0.326892 -0.8822743 -0.5480975 -0.8634325 0.4805641 -0.1534358 -0.02209699 0.3738324 0.8137566 0.4450275 0.8097111 0 0 0 1 0.05663686 0.2313262 -0.9712263 -0.7238526 -0.9856466 0.1679142 -0.01748406 -0.04201674 0.1590383 0.9582762 0.2375159 0.8127397 0 0 0 1 -0.1613833 0.08066058 -0.98359 -0.8780232 -0.983224 -0.0989871 0.1532058 -0.06863039 -0.08500498 0.9918143 0.09528231 0.7964105 0 0 0 1 -0.2923451 -0.02549022 -0.955973 -1.008662 -0.9079006 -0.3066323 0.2858202 -0.104802 -0.3004179 0.9514867 0.06649988 0.7574733 0 0 0 1 -0.398361 -0.1345945 -0.9072996 -1.132213 -0.7703707 -0.4877858 0.4106019 -0.1487426 -0.4978327 0.8625249 0.09062731 0.704814 0 0 0 1 -0.4680221 -0.2498168 -0.8476715 -1.25007 -0.5885486 -0.6274185 0.5098595 -0.1953819 -0.6592162 0.7375214 0.1466163 0.6452326 0 0 0 1 -0.4923965 -0.3692234 -0.788175 -1.363594 -0.3893657 -0.7164505 0.5788722 -0.2396379 -0.7784215 0.5919229 0.2090147 0.5855438 0 0 0 1 -0.4666066 -0.4872716 -0.7381359 -1.474144 -0.2019922 -0.7537935 0.6252955 -0.2764289 -0.8610908 0.4408648 0.2533 0.532562 0 0 0 1 -0.3895493 -0.5968773 -0.7014192 -1.583114 -0.05295294 -0.745805 0.6640564 -0.3006836 -0.9194821 0.2958248 0.2589213 0.4930874 0 0 0 1 -0.2243735 -0.6847988 -0.6933305 -1.687304 -0.004621148 -0.7107151 0.7034649 -0.3003565 -0.9744923 0.1610428 0.156301 0.4751605 0 0 0 1 0.01001149 -0.736454 -0.6764135 -1.784091 -0.06589525 -0.675463 0.7344437 -0.2777582 -0.9977763 0.03721958 -0.05529117 0.4756336 0 0 0 1 0.2238064 -0.7621147 -0.6075294 -1.875686 -0.1672311 -0.644125 0.746416 -0.2493374 -0.9601793 -0.06545484 -0.2716086 0.484546 0 0 0 1 0.3381863 -0.7886943 -0.5134114 -1.964301 -0.236052 -0.5992069 0.7650036 -0.2315425 -0.9109937 -0.1375219 -0.3888164 0.4919366 0 0 0 1 0.3579224 -0.8333849 -0.4211427 -2.053638 -0.2637668 -0.5228921 0.8105621 -0.226677 -0.8957224 -0.1790348 -0.4069741 0.4995068 0 0 0 1 0.3344735 -0.8853356 -0.3229683 -2.144076 -0.2831408 -0.4212785 0.8616006 -0.2252865 -0.8988653 -0.196737 -0.3915811 0.5125081 0 0 0 1 0.2837246 -0.9324725 -0.2235964 -2.232869 -0.2883392 -0.3053503 0.907536 -0.2261816 -0.9145277 -0.1930186 -0.3555038 0.52631 0 0 0 1 0.2220945 -0.9664163 -0.129281 -2.317249 -0.2775756 -0.1897747 0.9417735 -0.2281738 -0.9346795 -0.1732775 -0.3104014 0.5362781 0 0 0 1 0.1659851 -0.9849148 -0.04890698 -2.394448 -0.2549598 -0.09077072 0.9626819 -0.2300738 -0.9525989 -0.1473217 -0.2661803 0.5377796 0 0 0 1 0.1306332 -0.9914067 0.006903529 -2.46172 -0.2296636 -0.02348649 0.9729867 -0.230693 -0.9644634 -0.1286899 -0.2307581 0.526182 0 0 0 1 0.1138624 -0.992905 0.0342791 -2.520073 -0.2033722 0.01047861 0.9790455 -0.2301809 -0.9724584 -0.1184479 -0.2007362 0.4982261 0 0 0 1 0.102639 -0.9938915 0.04055672 -2.572638 -0.1718901 0.02243709 0.9848606 -0.22952 -0.9797546 -0.1080564 -0.1685373 0.4571719 0 0 0 1 0.09469532 -0.9950069 0.03152871 -2.619795 -0.1372718 0.01831746 0.9903641 -0.2287715 -0.9859966 -0.09811079 -0.1348518 0.4081836 0 0 0 1 0.0879898 -0.9960355 0.01308 -2.661944 -0.1012733 0.004117965 0.9948502 -0.2279958 -0.9909599 -0.08886134 -0.1005096 0.3564123 0 0 0 1 0.08089959 -0.9966835 -0.008795022 -2.699478 -0.06556314 -0.01412618 0.9977485 -0.2272538 -0.9945637 -0.08014082 -0.0664885 0.3070131 0 0 0 1 0.07228887 -0.9969905 -0.02800959 -2.732792 -0.03176939 -0.03037059 0.9990338 -0.2266063 -0.9968777 -0.07132923 -0.03386938 0.2651373 0 0 0 1 0.06148564 -0.9973677 -0.0384311 -2.762272 -0.001452624 -0.03859329 0.9992539 -0.226114 -0.9981068 -0.06138384 -0.003821611 0.2359491 0 0 0 1 0.04680758 -0.9980465 -0.04137796 -2.778408 0.02509993 -0.04023528 0.9988749 -0.2259247 -0.9985885 -0.04779344 0.02316761 0.2330294 0 0 0 1 0.02952414 -0.9986565 -0.04258477 -2.777948 0.04785692 -0.04114222 0.9980065 -0.2260236 -0.9984177 -0.03150326 0.04657799 0.2541102 0 0 0 1 0.01364231 -0.998993 -0.04274338 -2.770678 0.06577897 -0.04175817 0.9969602 -0.2262279 -0.9977411 -0.01641249 0.06514304 0.2805636 0 0 0 1 0.003135681 -0.9990817 -0.04272925 -2.766385 0.07783311 -0.04235601 0.9960662 -0.2263544 -0.9969615 -0.006449043 0.07762885 0.2937621 0 0 0 1 -0.01189422 -0.9984633 -0.05412632 -2.81164 0.06104254 -0.05475425 0.9966322 -0.2297949 -0.9980643 0.008550167 0.06160002 0.2806013 0 0 0 1 -0.03336739 -0.9964447 -0.07736134 -2.901603 0.01646494 -0.07794213 0.996822 -0.2366438 -0.9993076 0.03198748 0.01900702 0.2516632 0 0 0 1 -0.04673993 -0.9943546 -0.09525907 -2.968943 -0.01990091 -0.09441745 0.9953338 -0.2417728 -0.9987089 0.04841756 -0.01537561 0.2238478 0 0 0 1 -0.03966009 -0.9952306 -0.08912473 -2.946313 -0.01121854 -0.08874583 0.9959911 -0.2400524 -0.9991502 0.04050093 -0.007645368 0.2140618 0 0 0 1 0.003135681 -0.9990817 -0.04272925 -2.766385 0.07783311 -0.04235601 0.9960662 -0.2263544 -0.9969615 -0.006449043 0.07762885 0.2392047 0 0 0 1</float_array>
        <technique_common>
          <accessor source="#node-Bip01_matrix-output-array" count="41" stride="16">
            <param name="TRANSFORM" type="float4x4"/>
          </accessor>
        </technique_common>
      </source>
      <source id="node-Bip01_matrix-interpolation">
        <Name_array id="node-Bip01_matrix-interpolation-array" count="41">LINEAR LINEAR LINEAR LINEAR LINEAR LINEAR LINEAR LINEAR LINEAR LINEAR LINEAR LINEAR LINEAR LINEAR LINEAR LINEAR LINEAR LINEAR LINEAR LINEAR LINEAR LINEAR LINEAR LINEAR LINEAR LINEAR LINEAR LINEAR LINEAR LINEAR LINEAR LINEAR LINEAR LINEAR LINEAR LINEAR LINEAR LINEAR LINEAR LINEAR LINEAR</Name_array>
        <technique_common>
          <accessor source="#node-Bip01_matrix-interpolation-array" count="41" stride="1">
            <param name="INTERPOLATION" type="name"/>
          </accessor>
        </technique_common>
      </source>
      <source id="node-Bip01_Pelvis_matrix-input">
        <float_array id="node-Bip01_Pelvis_matrix-input-array" count="41">46 46.03333 46.06667 46.1 46.13334 46.16667 46.2 46.23333 46.26667 46.3 46.33333 46.36666 46.4 46.43333 46.46667 46.5 46.53333 46.56667 46.6 46.63334 46.66667 46.7 46.73333 46.76667 46.8 46.83333 46.86666 46.9 46.93333 46.96667 47 47.03333 47.06667 47.1 47.13334 47.16667 47.2 47.23333 47.26667 47.3 47.33333</float_array>
        <technique_common>
          <accessor source="#node-Bip01_Pelvis_matrix-input-array" count="41" stride="1">
            <param name="TIME" type="float"/>
          </accessor>
        </technique_common>
      </source>
      <source id="node-Bip01_Pelvis_matrix-output">
        <float_array id="node-Bip01_Pelvis_matrix-output-array" count="656">-0.009626686 0.991236 0.1317526 0 -0.1217414 -0.1319403 0.9837535 0 0.9925152 -0.006569385 0.1219446 0 0 0 0 1 0.01419407 0.9931569 0.1159229 0 -0.1798231 -0.1115088 0.9773586 0 0.9835966 -0.03471827 0.1770097 0 0 0 0 1 0.05230528 0.9943193 0.09270149 0 -0.2667017 -0.07554811 0.9608136 0 0.9623589 -0.0749793 0.2612351 0 0 0 0 1 0.09084582 0.991925 0.08849918 0 -0.346382 -0.05184489 0.9366598 0 0.9336845 -0.1157462 0.338875 0 0 0 0 1 0.1119309 0.9858531 0.1247602 0 -0.38849 -0.07214438 0.9186245 0 0.9146295 -0.1512905 0.3749188 0 0 0 0 1 0.1173389 0.9748057 0.1896977 0 -0.4007996 -0.1282849 0.9071398 0 0.9086205 -0.1824735 0.375649 0 0 0 0 1 0.1203904 0.95849 0.2584627 0 -0.4099265 -0.1891245 0.892296 0 0.9041385 -0.2133746 0.3701418 0 0 0 0 1 0.1215391 0.9361813 0.3298375 0 -0.4160889 -0.253641 0.8732332 0 0.901165 -0.2433737 0.3587074 0 0 0 0 1 0.1212559 0.9073244 0.4025663 0 -0.4195282 -0.3207111 0.8492 0 0.8996072 -0.2718585 0.3417601 0 0 0 0 1 0.1200042 0.871596 0.4753098 0 -0.4205205 -0.3890704 0.8196261 0 0.8993116 -0.2982361 0.3198338 0 0 0 0 1 0.1182155 0.8288955 0.54677 0 -0.4193918 -0.4574313 0.7841346 0 0.9000753 -0.3220078 0.2935566 0 0 0 0 1 0.116268 0.7793828 0.6156657 0 -0.4165201 -0.5244679 0.7425932 0 0.9016612 -0.3427769 0.2636497 0 0 0 0 1 0.1144676 0.7234748 0.6807946 0 -0.4123358 -0.588879 0.6951264 0 0.9038121 -0.3602855 0.2309069 0 0 0 0 1 0.1130329 0.6618323 0.7410815 0 -0.4073185 -0.6494423 0.6421187 0 0.9062643 -0.3744367 0.1961682 0 0 0 0 1 0.1120839 0.595333 0.7956229 0 -0.4019867 -0.705064 0.5842016 0 0.9087595 -0.3853094 0.1602897 0 0 0 0 1 0.1116364 0.5250187 0.8437374 0 -0.3968843 -0.754836 0.522212 0 0.9110544 -0.393164 0.1241046 0 0 0 0 1 0.1116018 0.4521089 0.8849535 0 -0.3925698 -0.7980289 0.4572075 0 0.912926 -0.3984313 0.08842289 0 0 0 0 1 0.1117919 0.3778586 0.9190894 0 -0.3895942 -0.834178 0.3903373 0 0.9141765 -0.4017085 0.05395716 0 0 0 0 1 0.1119297 0.3035687 0.9462124 0 -0.3884892 -0.8630464 0.3228423 0 0.9146299 -0.4037288 0.02133262 0 0 0 0 1 0.1119297 0.2276666 0.9672846 0 -0.3884891 -0.8859066 0.253467 0 0.9146299 -0.40415 -0.01071327 0 0 0 0 1 0.1119297 0.1507667 0.9822124 0 -0.3884888 -0.9031195 0.1828972 0 0.9146301 -0.4020501 -0.04251468 0 0 0 0 1 0.1119298 0.07762104 0.99068 0 -0.3884888 -0.9141836 0.11552 0 0.9146302 -0.3977981 -0.07216942 0 0 0 0 1 0.1119298 0.01303666 0.9936307 0 -0.3884887 -0.9197607 0.0558297 0 0.9146302 -0.3922632 -0.09788405 0 0 0 0 1 0.1119298 -0.03836256 0.9929753 0 -0.3884884 -0.9214171 0.008193075 0 0.9146302 -0.3866765 -0.1180375 0 0 0 0 1 0.1119298 -0.05761045 0.9920449 0 -0.3884885 -0.9214028 -0.00967592 0 0.9146303 -0.384315 -0.1255134 0 0 0 0 1 0.1119298 -0.04798853 0.9925566 0 -0.3884885 -0.9214533 -7.41221e-4 0 0.9146301 -0.3855139 -0.1217811 0 0 0 0 1 0.1119298 -0.03836256 0.9929754 0 -0.3884885 -0.921417 0.008193075 0 0.9146302 -0.3866765 -0.1180374 0 0 0 0 1 0.1119298 -0.0383625 0.9929752 0 -0.3884885 -0.9214171 0.008193075 0 0.9146302 -0.3866765 -0.1180375 0 0 0 0 1 0.1119299 -0.03836256 0.9929755 0 -0.3884885 -0.9214172 0.008193075 0 0.9146302 -0.3866766 -0.1180375 0 0 0 0 1 0.1119298 -0.0383625 0.9929752 0 -0.3884885 -0.9214171 0.008193075 0 0.9146301 -0.3866766 -0.1180375 0 0 0 0 1 0.1119298 -0.0383625 0.9929754 0 -0.3884885 -0.9214172 0.008193075 0 0.9146303 -0.3866766 -0.1180375 0 0 0 0 1 0.1119298 -0.03836256 0.9929754 0 -0.3884884 -0.921417 0.008193075 0 0.9146302 -0.3866766 -0.1180375 0 0 0 0 1 0.1111612 -0.04877418 0.9926047 0 -0.3905647 -0.9205741 -0.001495659 0 0.9138392 -0.3875101 -0.1213817 0 0 0 0 1 0.1091388 -0.07477456 0.9912103 0 -0.3957175 -0.9180133 -0.02568155 0 0.9118644 -0.3894363 -0.1297804 0 0 0 0 1 0.106296 -0.1084831 0.988399 0 -0.4023291 -0.913718 -0.05701851 0 0.9093034 -0.3916008 -0.1407704 0 0 0 0 1 0.1032139 -0.1420624 0.9844618 0 -0.4088374 -0.9083338 -0.08821308 0 0.9067518 -0.3933801 -0.1518331 0 0 0 0 1 0.1006829 -0.1677769 0.9806702 0 -0.4137685 -0.9034558 -0.1120862 0 0.9047975 -0.3944852 -0.1603832 0 0 0 0 1 0.0996319 -0.1780292 0.9789684 0 -0.4157214 -0.9013262 -0.1216008 0 0.9040184 -0.3948628 -0.1638115 0 0 0 0 1 0.100942 -0.1652119 0.9810789 0 -0.4132787 -0.9039721 -0.1097055 0 0.9049925 -0.394385 -0.1595273 0 0 0 0 1 0.1051383 -0.1214193 0.9870176 0 -0.4048456 -0.9117752 -0.06903862 0 0.9083204 -0.3923311 -0.1450186 0 0 0 0 1 0.1119298 -0.0383625 0.9929752 0 -0.3884885 -0.9214171 0.008193075 0 0.9146302 -0.3866764 -0.1180375 0 0 0 0 1</float_array>
        <technique_common>
          <accessor source="#node-Bip01_Pelvis_matrix-output-array" count="41" stride="16">
            <param name="TRANSFORM" type="float4x4"/>
          </accessor>
        </technique_common>
      </source>
      <source id="node-Bip01_Pelvis_matrix-interpolation">
        <Name_array id="node-Bip01_Pelvis_matrix-interpolation-array" count="41">LINEAR LINEAR LINEAR LINEAR LINEAR LINEAR LINEAR LINEAR LINEAR LINEAR LINEAR LINEAR LINEAR LINEAR LINEAR LINEAR LINEAR LINEAR LINEAR LINEAR LINEAR LINEAR LINEAR LINEAR LINEAR LINEAR LINEAR LINEAR LINEAR LINEAR LINEAR LINEAR LINEAR LINEAR LINEAR LINEAR LINEAR LINEAR LINEAR LINEAR LINEAR</Name_array>
        <technique_common>
          <accessor source="#node-Bip01_Pelvis_matrix-interpolation-array" count="41" stride="1">
            <param name="INTERPOLATION" type="name"/>
          </accessor>
        </technique_common>
      </source>
      <source id="node-Bip01_Spine_matrix-input">
        <float_array id="node-Bip01_Spine_matrix-input-array" count="41">46 46.03333 46.06667 46.1 46.13334 46.16667 46.2 46.23333 46.26667 46.3 46.33333 46.36666 46.4 46.43333 46.46667 46.5 46.53333 46.56667 46.6 46.63334 46.66667 46.7 46.73333 46.76667 46.8 46.83333 46.86666 46.9 46.93333 46.96667 47 47.03333 47.06667 47.1 47.13334 47.16667 47.2 47.23333 47.26667 47.3 47.33333</float_array>
        <technique_common>
          <accessor source="#node-Bip01_Spine_matrix-input-array" count="41" stride="1">
            <param name="TIME" type="float"/>
          </accessor>
        </technique_common>
      </source>
      <source id="node-Bip01_Spine_matrix-output">
