<?xml version="1.0" encoding="utf-8"?>
<COLLADA xmlns="http://www.collada.org/2005/11/COLLADASchema" version="1.4.1">
  <asset>
    <contributor>
      <author>MattO</author>
      <authoring_tool>OpenCOLLADA for 3ds Max;  Version: 1.3.0;  Revision: 839M;  Platform: x64;  Configuration: Release_Max2012</authoring_tool>
      <source_data>file:///C:/Dropbox/Prj/GGStout/Turret/TP_ProxMine_PlayerAnims.max</source_data>
    </contributor>
    <created>2011-09-30T17:59:40</created>
    <modified>2011-09-30T17:59:40</modified>
    <unit name="meter" meter="1"/>
    <up_axis>Z_UP</up_axis>
  </asset>
  <library_effects>
    <effect id="ShapeBounds">
      <profile_COMMON>
        <technique sid="common">
          <blinn>
            <emission>
              <color>0 0 0 1</color>
            </emission>
            <ambient>
              <color>0.1647059 1 0 1</color>
            </ambient>
            <diffuse>
              <color>0.1647059 1 0 1</color>
            </diffuse>
            <specular>
              <color>0.9 0.9 0.9 1</color>
            </specular>
            <shininess>
              <float>10</float>
            </shininess>
            <reflective>
              <color>0 0 0 1</color>
            </reflective>
            <transparent opaque="A_ONE">
              <color>1 1 1 1</color>
            </transparent>
            <transparency>
              <float>1</float>
            </transparency>
          </blinn>
        </technique>
      </profile_COMMON>
      <extra>
        <technique profile="OpenCOLLADA3dsMax">
          <extended_shader>
            <apply_reflection_dimming>0</apply_reflection_dimming>
            <dim_level>0</dim_level>
            <falloff_type>0</falloff_type>
            <index_of_refraction>1.5</index_of_refraction>
            <opacity_type>0</opacity_type>
            <reflection_level>3</reflection_level>
            <wire_size>1</wire_size>
            <wire_units>0</wire_units>
          </extended_shader>
          <shader>
            <ambient_diffuse_lock>1</ambient_diffuse_lock>
            <ambient_diffuse_texture_lock>1</ambient_diffuse_texture_lock>
            <diffuse_specular_lock>0</diffuse_specular_lock>
            <soften>0.1</soften>
            <use_self_illum_color>0</use_self_illum_color>
          </shader>
        </technique>
      </extra>
    </effect>
  </library_effects>
  <library_materials>
    <material id="ShapeBounds-material" name="ShapeBounds">
      <instance_effect url="#ShapeBounds"/>
    </material>
  </library_materials>
  <library_geometries>
    <geometry id="geom-Bounds" name="Bounds">
      <mesh>
        <source id="geom-Bounds-positions">
          <float_array id="geom-Bounds-positions-array" count="24">-0.425 -0.425 0 0.425 -0.425 0 -0.425 0.425 0 0.425 0.425 0 -0.425 -0.425 1.84 0.425 -0.425 1.84 -0.425 0.425 1.84 0.425 0.425 1.84</float_array>
          <technique_common>
            <accessor source="#geom-Bounds-positions-array" count="8" stride="3">
              <param name="X" type="float"/>
              <param name="Y" type="float"/>
              <param name="Z" type="float"/>
            </accessor>
          </technique_common>
        </source>
        <source id="geom-Bounds-normals">
          <float_array id="geom-Bounds-normals-array" count="72">0 0 -1 0 0 -1 0 0 -1 0 0 -1 0 0 1 0 0 1 0 0 1 0 0 1 0 -1 0 0 -1 0 0 -1 0 0 -1 0 1 0 0 1 0 0 1 0 0 1 0 0 0 1 0 0 1 0 0 1 0 0 1 0 -1 0 0 -1 0 0 -1 0 0 -1 0 0</float_array>
          <technique_common>
            <accessor source="#geom-Bounds-normals-array" count="24" stride="3">
              <param name="X" type="float"/>
              <param name="Y" type="float"/>
              <param name="Z" type="float"/>
            </accessor>
          </technique_common>
        </source>
        <source id="geom-Bounds-map1">
          <float_array id="geom-Bounds-map1-array" count="36">0 0 0 1 0 0 0 1 0 1 1 0 0 0 0 1 0 0 0 1 0 1 1 0 0 0 0 1 0 0 0 1 0 1 1 0</float_array>
          <technique_common>
            <accessor source="#geom-Bounds-map1-array" count="12" stride="3">
              <param name="S" type="float"/>
              <param name="T" type="float"/>
              <param name="P" type="float"/>
            </accessor>
          </technique_common>
        </source>
        <vertices id="geom-Bounds-vertices">
          <input semantic="POSITION" source="#geom-Bounds-positions"/>
        </vertices>
        <triangles material="ShapeBounds" count="12">
          <input semantic="VERTEX" source="#geom-Bounds-vertices" offset="0"/>
          <input semantic="NORMAL" source="#geom-Bounds-normals" offset="1"/>
          <input semantic="TEXCOORD" source="#geom-Bounds-map1" offset="2" set="0"/>
          <p>0 0 9 2 1 11 3 2 10 3 2 10 1 3 8 0 0 9 4 4 8 5 5 9 7 6 11 7 6 11 6 7 10 4 4 8 0 8 4 1 9 5 5 10 7 5 10 7 4 11 6 0 8 4 1 12 0 3 13 1 7 14 3 7 14 3 5 15 2 1 12 0 3 16 4 2 17 5 6 18 7 6 18 7 7 19 6 3 16 4 2 20 0 0 21 1 4 22 3 4 22 3 6 23 2 2 20 0</p>
        </triangles>
      </mesh>
      <extra>
        <technique profile="OpenCOLLADA3dsMax">
          <max_box>
            <generateuvs>1</generateuvs>
            <height>1.84</height>
            <heightsegments>1</heightsegments>
            <length>0.85</length>
            <lengthsegments>1</lengthsegments>
            <width>0.85</width>
            <widthsegments>1</widthsegments>
          </max_box>
        </technique>
      </extra>
    </geometry>
  </library_geometries>
  <library_lights>
    <light id="EnvironmentAmbientLight" name="EnvironmentAmbientLight">
      <technique_common>
        <ambient>
          <color>0 0 0</color>
        </ambient>
      </technique_common>
    </light>
  </library_lights>
  <library_visual_scenes>
    <visual_scene id="MaxScene">
      <node name="EnvironmentAmbientLight">
        <instance_light url="#EnvironmentAmbientLight"/>
      </node>
      <node id="node-Bip01" name="Bip01">
        <matrix>0.7792376 -0.6267173 0.003750267 -0.002273232 0.6267178 0.7792454 0.001183462 0.01291391 -0.003664074 0.001428161 0.9999923 0.801132 0 0 0 1</matrix>
        <node id="node-Bip01_Pelvis" name="Bip01_Pelvis">
          <matrix>-0.009626727 0.991236 0.1317526 0 -0.1217413 -0.1319404 0.9837534 0 0.9925151 -0.006569401 0.1219445 0 0 0 0 1</matrix>
          <node id="node-Bip01_Spine" name="Bip01_Spine">
            <matrix>0.974003 -0.1713646 -0.1481635 0.1975133 0.0649147 0.8377451 -0.5421895 0.02500539 0.2170352 0.5184764 0.8270903 0.02776151 0 0 0 1</matrix>
            <node id="node-Bip01_Spine1" name="Bip01_Spine1">
              <matrix sid="matrix">0.9940996 -0.1082492 -0.00693207 0.1022407 0.1067967 0.9879401 -0.1121098 -9.98154e-5 0.0189843 0.1107081 0.9936717 -1.11908e-5 0 0 0 1</matrix>
              <node id="node-Bip01_Spine2" name="Bip01_Spine2">
                <matrix sid="matrix">0.983237 -0.177375 0.04222756 0.1268963 0.181074 0.9770653 -0.1120531 -1.6734e-4 -0.02138368 0.117821 0.9928046 -2.01762e-5 0 0 0 1</matrix>
                <node id="node-Bip01_Neck" name="Bip01_Neck">
                  <matrix sid="matrix">0.9021776 -0.4308736 0.02058497 0.2151072 0.4312887 0.9018877 -0.02426417 -4.97401e-5 -0.008110534 0.03076865 0.9994936 -1.69128e-6 0 0 0 1</matrix>
                  <node id="node-Bip01_Head" name="Bip01_Head">
                    <matrix sid="matrix">0.8383279 0.5202501 -0.162929 0.07051814 -0.5361 0.8409864 -0.07306501 -0.01395917 0.09900908 0.1485988 0.9839286 0 0 0 0 1</matrix>
                    <node id="node-ALTEYE" name="ALTEYE">
                      <matrix sid="matrix">0.0234562 0.2813333 0.9593238 0.06454682 0.0489449 0.9581138 -0.282175 0.2214611 -0.9985262 0.05357232 0.008703794 0.04716256 0 0 0 1</matrix>
                    </node>
                  </node>
                  <node id="node-Bip01_L_Clavicle" name="Bip01_L_Clavicle">
                    <matrix sid="matrix">-0.3164032 -0.4320403 0.8445293 -0.02496183 0.2105159 -0.9000475 -0.3815721 -0.01206523 0.9249714 0.05705632 0.3757294 0.06855242 0 0 0 1</matrix>
                    <node id="node-Bip01_L_UpperArm" name="Bip01_L_UpperArm">
                      <matrix sid="matrix">0.5791326 0.2642177 0.7712292 0.1824007 -0.4118845 0.9112315 -0.002888709 2.98023e-8 -0.7035316 -0.3159844 0.6365511 0 0 0 0 1</matrix>
                      <node id="node-Bip01_L_Forearm" name="Bip01_L_Forearm">
                        <matrix sid="matrix">-0.05935831 0.9982367 -2.98023e-8 0.2843689 -0.9982368 -0.05935832 -3.95812e-9 0 -6.51926e-9 -2.98023e-8 1 0 0 0 0 1</matrix>
                        <node id="node-Bip01_L_Hand" name="Bip01_L_Hand">
                          <matrix sid="matrix">0.9893872 0.0514215 -0.1358995 0.281068 0.1415303 -0.1293149 0.9814513 -5.96046e-8 0.03289386 -0.9902693 -0.1352203 0 0 0 0 1</matrix>
                          <node id="node-Bip01_L_Finger0" name="Bip01_L_Finger0">
                            <matrix>0.3451789 0.6252524 0.6999361 0.02119675 0.5973265 0.4288768 -0.6776913 -0.004734278 -0.7239146 0.6520151 -0.2254407 -0.02572203 0 0 0 1</matrix>
                            <node id="node-Bip01_L_Finger01" name="Bip01_L_Finger01">
                              <matrix>0.9455186 -0.3255681 0 0.04982847 0.3255681 0.9455187 1.49012e-8 5.96046e-8 2.98023e-8 2.98023e-8 1 0 0 0 0 1</matrix>
                              <node id="node-Bip01_L_Finger02" name="Bip01_L_Finger02">
                                <matrix>0.9203136 0.3911815 -7.45058e-9 0.05202237 -0.3911815 0.9203136 -2.98023e-8 -5.96046e-8 -1.49012e-8 0 0.9999999 5.96046e-8 0 0 0 1</matrix>
                              </node>
                            </node>
                          </node>
                          <node id="node-Bip01_L_Finger1" name="Bip01_L_Finger1">
                            <matrix>0.9541453 -0.2819768 -0.1004766 0.1199946 0.2718614 0.9567644 -0.1034069 -0.008367598 0.1252908 0.0713495 0.9895509 -0.04101408 0 0 0 1</matrix>
                            <node id="node-Bip01_L_Finger11" name="Bip01_L_Finger11">
                              <matrix>0.9363124 -0.3511683 0 0.03644171 0.3511683 0.9363125 0 5.96046e-8 0 0 1 0 0 0 0 1</matrix>
                              <node id="node-Bip01_L_Finger12" name="Bip01_L_Finger12">
                                <matrix>0.7785827 -0.627542 -2.98023e-8 0.03117552 0.6275421 0.7785828 -1.49012e-8 -5.96046e-8 -2.98023e-8 0 0.9999999 0 0 0 0 1</matrix>
                              </node>
                            </node>
                          </node>
                          <node id="node-Bip01_L_Finger2" name="Bip01_L_Finger2">
                            <matrix>0.7812486 -0.6233676 -0.03260919 0.1229538 0.6235423 0.7769018 0.08728344 -0.008802056 -0.02907553 -0.08852328 0.9956495 -0.01328242 0 0 0 1</matrix>
                            <node id="node-Bip01_L_Finger21" name="Bip01_L_Finger21">
                              <matrix>0.7620707 -0.6474938 0 0.03895521 0.6474939 0.7620706 3.72529e-9 0 -1.49012e-8 -1.49012e-8 1 -1.19209e-7 0 0 0 1</matrix>
                              <node id="node-Bip01_L_Finger22" name="Bip01_L_Finger22">
                                <matrix>0.9762959 -0.2164396 7.45058e-9 0.03800535 0.2164397 0.9762959 7.45058e-9 2.98023e-8 7.45058e-9 -1.49012e-8 1 1.19209e-7 0 0 0 1</matrix>
                              </node>
                            </node>
                          </node>
                          <node id="node-Bip01_L_Finger3" name="Bip01_L_Finger3">
                            <matrix>0.412463 -0.9064788 -0.09038849 0.1211881 0.9061531 0.3980611 0.1429456 -0.001191258 -0.09359702 -0.1408656 0.9855943 0.01196873 0 0 0 1</matrix>
                            <node id="node-Bip01_L_Finger31" name="Bip01_L_Finger31">
                              <matrix>0.9381478 -0.3462352 -1.49012e-8 0.03155845 0.3462352 0.9381479 1.49012e-8 5.96046e-8 -3.72529e-9 1.49012e-8 1 0 0 0 0 1</matrix>
                              <node id="node-Bip01_L_Finger32" name="Bip01_L_Finger32">
                                <matrix>0.9636304 -0.2672384 -3.72529e-9 0.03366596 0.2672383 0.9636304 0 0 1.86265e-9 -1.49012e-8 1 0 0 0 0 1</matrix>
                              </node>
                            </node>
                          </node>
                          <node id="node-Bip01_L_Finger4" name="Bip01_L_Finger4">
                            <matrix>0.07120568 -0.9696805 0.2337718 0.1136797 0.9750153 0.1171044 0.1887628 0.005147398 -0.2104154 0.2144901 0.9537919 0.03886557 0 0 0 1</matrix>
                            <node id="node-Bip01_L_Finger41" name="Bip01_L_Finger41">
                              <matrix>0.9790111 -0.2038069 1.86265e-9 0.03661622 0.2038069 0.9790111 0 0 -1.86265e-8 -4.47035e-8 0.9999999 -5.96046e-8 0 0 0 1</matrix>
                              <node id="node-Bip01_L_Finger42" name="Bip01_L_Finger42">
                                <matrix>0.9645151 0.2640274 -9.31323e-10 0.01772633 -0.2640274 0.9645151 -1.49012e-8 0 0 1.49012e-8 0.9999999 0 0 0 0 1</matrix>
                              </node>
                            </node>
                          </node>
                        </node>
                      </node>
                    </node>
                  </node>
                  <node id="node-Bip01_R_Clavicle" name="Bip01_R_Clavicle">
                    <matrix sid="matrix">-0.3137373 -0.4318159 -0.845638 -0.02385306 0.06845213 -0.8985736 0.4334506 -0.0162707 -0.9470391 0.07810401 0.3114749 -0.068073 0 0 0 1</matrix>
                    <node id="node-Bip01_R_UpperArm" name="Bip01_R_UpperArm">
                      <matrix sid="matrix">0.3616539 0.6847513 -0.63271 0.1824007 -0.7568714 0.6119031 0.2296088 2.98023e-8 0.5443823 0.3958412 0.7395657 0 0 0 0 1</matrix>
                      <node id="node-Bip01_R_Forearm" name="Bip01_R_Forearm">
                        <matrix sid="matrix">0.2280499 0.9736496 2.98023e-8 0.2843689 -0.9736495 0.2280499 0 0 -6.70552e-8 -2.98023e-8 1 0 0 0 0 1</matrix>
                        <node id="node-Bip01_R_Hand" name="Bip01_R_Hand">
                          <matrix sid="matrix">0.9490179 0.3137354 0.03057736 0.281068 0.1192842 -0.2676385 -0.9561073 -5.96046e-8 -0.291781 0.9110102 -0.2914175 5.96046e-8 0 0 0 1</matrix>
                          <node id="node-Bip01_R_Finger0" name="Bip01_R_Finger0">
                            <matrix>0.466874 0.3554854 -0.8097274 0.02119672 0.6514514 0.4809566 0.5867638 -0.004734278 0.5980298 -0.8014429 -0.007035471 0.02572179 0 0 0 1</matrix>
                            <node id="node-Bip01_R_Finger01" name="Bip01_R_Finger01">
                              <matrix>0.8647897 -0.4978737 0.06527562 0.04982847 0.4938732 0.8668281 0.0685474 1.19209e-7 -0.09071079 -0.02704114 0.99551 0 0 0 0 1</matrix>
                              <node id="node-Bip01_R_Finger02" name="Bip01_R_Finger02">
                                <matrix>0.8489718 0.5284382 1.86265e-8 0.0520224 -0.5284382 0.8489717 -7.45058e-9 -2.38419e-7 -2.23517e-8 0 1 0 0 0 0 1</matrix>
                              </node>
                            </node>
                          </node>
                          <node id="node-Bip01_R_Finger1" name="Bip01_R_Finger1">
                            <matrix>0.9820224 -0.1733427 -0.07472669 0.1199946 0.1795577 0.9799358 0.08651491 -0.008367598 0.05823064 -0.09837732 0.9934439 0.04101396 0 0 0 1</matrix>
                            <node id="node-Bip01_R_Finger11" name="Bip01_R_Finger11">
                              <matrix>0.9425994 -0.3339258 0 0.03644174 0.3339258 0.9425994 -1.49012e-8 0 7.45058e-9 -4.47035e-8 1 1.19209e-7 0 0 0 1</matrix>
                              <node id="node-Bip01_R_Finger12" name="Bip01_R_Finger12">
                                <matrix>0.9832969 -0.181085 0.01831832 0.03117549 0.181519 0.9830507 -0.02573049 0 -0.01334845 0.02862583 0.9995011 0 0 0 0 1</matrix>
                              </node>
                            </node>
                          </node>
                          <node id="node-Bip01_R_Finger2" name="Bip01_R_Finger2">
                            <matrix>0.9536398 -0.3009501 -1.52111e-4 0.1229538 0.3006933 0.9528466 -0.04082684 -0.008802027 0.01243179 0.03888837 0.9991661 0.01328242 0 0 0 1</matrix>
                            <node id="node-Bip01_R_Finger21" name="Bip01_R_Finger21">
                              <matrix>0.9579761 -0.2847232 -0.03484873 0.03895515 0.2827407 0.9577503 -0.05265062 2.98023e-8 0.04836722 0.04058489 0.9980049 1.19209e-7 0 0 0 1</matrix>
                              <node id="node-Bip01_R_Finger22" name="Bip01_R_Finger22">
                                <matrix>0.9719918 -0.2342561 0.01886611 0.03800535 0.2315868 0.9683847 0.09272986 0 -0.0399922 -0.08576351 0.9955125 1.19209e-7 0 0 0 1</matrix>
                              </node>
                            </node>
                          </node>
                          <node id="node-Bip01_R_Finger3" name="Bip01_R_Finger3">
                            <matrix>0.942517 -0.3272581 0.06755453 0.1211882 0.3338162 0.9129714 -0.234627 -0.001191318 0.01510825 0.2436907 0.9697351 -0.01196861 0 0 0 1</matrix>
                            <node id="node-Bip01_R_Finger31" name="Bip01_R_Finger31">
                              <matrix>0.6606858 -0.7494742 0.04222352 0.03155851 0.7450768 0.6615804 0.08468728 -2.98023e-8 -0.09140517 -0.0244919 0.9955126 1.19209e-7 0 0 0 1</matrix>
                              <node id="node-Bip01_R_Finger32" name="Bip01_R_Finger32">
                                <matrix>0.8335402 -0.5515913 -0.03095102 0.03366598 0.5520073 0.8338156 0.006297074 5.96046e-8 0.02233406 -0.02233406 0.9995011 -1.19209e-7 0 0 0 1</matrix>
                              </node>
                            </node>
                          </node>
                          <node id="node-Bip01_R_Finger4" name="Bip01_R_Finger4">
                            <matrix>0.7372702 -0.6748959 -0.03078973 0.1136796 0.67451 0.7379035 -0.02312396 0.005147368 0.03832612 -0.003719337 0.9992582 -0.03886569 0 0 0 1</matrix>
                            <node id="node-Bip01_R_Finger41" name="Bip01_R_Finger41">
                              <matrix>0.4202556 -0.9064697 0.0412062 0.03661624 0.9068531 0.421151 0.01578783 -5.96046e-8 -0.03166524 0.03073304 0.9990259 0 0 0 0 1</matrix>
                              <node id="node-Bip01_R_Finger42" name="Bip01_R_Finger42">
                                <matrix>0.402447 -0.9138246 -0.05441484 0.01772627 0.915423 0.4021218 0.01728317 -5.96046e-8 0.006087616 -0.05676817 0.9983688 1.19209e-7 0 0 0 1</matrix>
                              </node>
                            </node>
                          </node>
                          <node id="node-MOUNT0" name="MOUNT0">
                            <matrix>-6.17001e-7 1 7.45058e-9 0.1095391 -1 -6.5146e-7 4.69387e-7 0.02518257 4.73112e-7 0 1 0.01321673 0 0 0 1</matrix>
                          </node>
                        </node>
                      </node>
                    </node>
                  </node>
                </node>
                <node id="node-Bip01_L_Pauldron_Upper" name="Bip01_L_Pauldron_Upper">
                  <matrix sid="matrix">0.9726136 0.1182849 0.2000786 0.176903 0.1284547 -0.9909647 -0.03858756 -0.03908369 0.1937063 0.06323177 -0.9790198 0.2290199 0 0 0 1</matrix>
                </node>
                <node id="node-Bip01_R_Pauldron_Lower" name="Bip01_R_Pauldron_Lower">
                  <matrix sid="matrix">-0.3436331 -0.7757341 -0.5292951 0.1906283 0.7213452 -0.5789208 0.3801477 -0.1308313 -0.6013133 -0.2511731 0.7585081 -0.2272985 0 0 0 1</matrix>
                </node>
                <node id="node-Bip01_L_Pauldron_Lower" name="Bip01_L_Pauldron_Lower">
                  <matrix sid="matrix">-0.6963174 -0.3999605 0.5959646 0.1906877 0.2072263 -0.9070119 -0.3665883 -0.05679908 0.6871678 -0.1317622 0.7144505 0.2611732 0 0 0 1</matrix>
                </node>
              </node>
            </node>
            <node id="node-Bip01_L_Thigh" name="Bip01_L_Thigh">
              <matrix>-0.6100853 0.7915199 -0.03594616 -0.172358 0.7472751 0.5898783 0.305979 0.06460375 0.2633924 0.1598117 -0.9513595 0.1253033 0 0 0 1</matrix>
              <node id="node-Bip01_L_Calf" name="Bip01_L_Calf">
                <matrix>0.3873816 0.9219195 1.86265e-9 0.4629987 -0.9219193 0.3873815 -1.86265e-8 0 7.45058e-8 -2.98023e-8 0.9999999 -7.45058e-9 0 0 0 1</matrix>
                <node id="node-Bip01_L_Foot" name="Bip01_L_Foot">
                  <matrix>0.9270843 -0.3664186 -0.07907089 0.3610502 0.3740741 0.9179317 0.1321727 -1.49012e-8 0.02415108 -0.1521136 0.9880679 0 0 0 0 1</matrix>
                  <node id="node-Bip01_L_Toe0" name="Bip01_L_Toe0">
                    <matrix>4.76837e-7 -1 1.39046e-6 0.1486307 1 4.7707e-7 2.30575e-8 0.1543275 -2.30466e-8 1.38953e-6 1 0 0 0 0 1</matrix>
                  </node>
                </node>
              </node>
            </node>
            <node id="node-Bip01_R_Thigh" name="Bip01_R_Thigh">
              <matrix>-0.9349886 0.1971563 0.2948318 -0.2276959 0.1444329 0.9708679 -0.1911921 -0.06759393 -0.3239374 -0.1361791 -0.9362264 -0.08558209 0 0 0 1</matrix>
              <node id="node-Bip01_R_Calf" name="Bip01_R_Calf">
                <matrix>0.4407879 0.8976113 0 0.4629987 -0.8976111 0.4407879 6.70552e-8 1.49012e-8 2.98023e-8 2.98023e-8 0.9999999 -2.98023e-8 0 0 0 1</matrix>
                <node id="node-Bip01_R_Foot" name="Bip01_R_Foot">
                  <matrix>0.6420171 -0.7396435 0.2018446 0.36105 0.7144893 0.67268 0.1923705 0 -0.2780625 0.02071072 0.9603396 -2.98023e-8 0 0 0 1</matrix>
                  <node id="node-Bip01_R_Toe0" name="Bip01_R_Toe0">
                    <matrix>-0.1805802 -0.9786913 0.09774529 0.1486307 0.9833316 -0.1817873 -0.003513819 0.1543275 0.02120782 0.09548151 0.9952052 5.96046e-8 0 0 0 1</matrix>
                  </node>
                </node>
              </node>
            </node>
          </node>
          <node id="node-Bip01_FannyPack" name="Bip01_FannyPack">
            <matrix>-0.9629918 -0.2062317 0.1735378 0.2299506 -0.2083319 0.9780385 0.006227079 -0.1378937 -0.1710108 -0.03015682 -0.9848076 0.01013962 0 0 0 1</matrix>
          </node>
        </node>
        <node id="node-EYE" name="EYE">
          <matrix>0.7792379 0.6267177 -0.003664111 0.05888727 -0.6267173 0.7792452 0.001428192 0.0682091 0.003750314 0.001183283 0.999992 0.7692668 0 0 0 1</matrix>
          <node id="node-CAM" name="CAM">
            <matrix>1 -6.03104e-8 3.55271e-15 4.84288e-8 6.03104e-8 1 -2.32831e-9 -0.104 -3.55271e-15 2.32832e-9 1 0.3005601 0 0 0 1</matrix>
          </node>
        </node>
      </node>
      <node id="node-Bounds" name="Bounds">
        <matrix>0.9999915 0.001706907 0.003750479 0 -0.001711356 0.9999978 0.001183292 0.1035326 -0.003748452 -0.0011897 0.9999923 -8.93474e-5 0 0 0 1</matrix>
        <instance_geometry url="#geom-Bounds">
          <bind_material>
            <technique_common>
              <instance_material symbol="ShapeBounds" target="#ShapeBounds-material"/>
            </technique_common>
          </bind_material>
        </instance_geometry>
      </node>
    </visual_scene>
  </library_visual_scenes>
  <library_animations>
    <animation>
      <source id="node-Bip01_Spine1_matrix-input">
        <float_array id="node-Bip01_Spine1_matrix-input-array" count="24">66.66666 66.7 66.73333 66.76667 66.8 66.83334 66.86667 66.9 66.93333 66.96667 67 67.03333 67.06667 67.1 67.13333 67.16666 67.2 67.23333 67.26667 67.3 67.33334 67.36667 67.4 67.43333</float_array>
        <technique_common>
          <accessor source="#node-Bip01_Spine1_matrix-input-array" count="24" stride="1">
            <param name="TIME" type="float"/>
          </accessor>
        </technique_common>
      </source>
      <source id="node-Bip01_Spine1_matrix-output">
        <float_array id="node-Bip01_Spine1_matrix-output-array" count="384">0.9940996 -0.1082491 -0.00693202 0.1022407 0.1067967 0.9879401 -0.1121098 -9.98154e-5 0.01898425 0.110708 0.9936717 -1.11908e-5 0 0 0 1 0.9941216 -0.1081075 -0.005917489 0.1022407 0.1069543 0.9890723 -0.1014738 -9.99272e-5 0.01682293 0.1002444 0.9948208 -1.01291e-5 0 0 0 1 0.9941805 -0.1076996 -0.002407133 0.1022407 0.1072257 0.9914633 -0.07418215 -1.00195e-4 0.01037603 0.07349246 0.9972417 -7.43568e-6 0 0 0 1 0.9942355 -0.1071317 0.004301607 0.1022405 0.1072176 0.9935399 -0.03718292 -1.00389e-4 -2.90371e-4 0.03742986 0.9992992 -3.78862e-6 0 0 0 1 0.9941939 -0.1065654 0.01490235 0.1022405 0.1065401 0.9943052 0.002483248 -1.00464e-4 -0.01508206 -8.81189e-4 0.9998859 0 0 0 0 1 0.9938995 -0.1061122 0.03006935 0.1022405 0.1049566 0.9937616 0.03771221 -1.00397e-4 -0.03388345 -0.03432607 0.9988362 3.47197e-6 0 0 0 1 0.992787 -0.1057377 0.05651241 0.1022406 0.101583 0.9922232 0.07193189 -1.00248e-4 -0.0636788 -0.06567227 0.9958074 6.63102e-6 0 0 0 1 0.989997 -0.1060913 0.09300917 0.1022406 0.09583175 0.9894569 0.1085876 -9.99644e-5 -0.1035488 -0.09858822 0.9897264 9.9577e-6 0 0 0 1 0.9859006 -0.1073884 0.1283256 0.1022407 0.08908015 0.9860273 0.1407651 -9.96292e-5 -0.1416491 -0.1273491 0.9816913 1.28634e-5 0 0 0 1 0.9824632 -0.1088178 0.1514091 0.1022408 0.0839492 0.9832271 0.1619163 -9.93386e-5 -0.166489 -0.146366 0.9751198 1.47894e-5 0 0 0 1 0.9810319 -0.1098722 0.1597014 0.1022409 0.08181554 0.9815674 0.1727176 -9.91672e-5 -0.1757345 -0.1563754 0.9719383 1.5799e-5 0 0 0 1 0.9808496 -0.1106472 0.1602853 0.1022409 0.08151954 0.9806311 0.1780925 -9.90629e-5 -0.1768862 -0.1616155 0.9708715 1.63354e-5 0 0 0 1 0.9813995 -0.1108622 0.1567305 0.102241 0.08232885 0.9805663 0.178078 -9.90778e-5 -0.1734267 -0.1618621 0.9714545 1.6354e-5 0 0 0 1 0.9821131 -0.1103203 0.1525897 0.1022409 0.08341479 0.9814388 0.1726841 -9.91449e-5 -0.1688081 -0.1568672 0.9730862 1.58511e-5 0 0 0 1 0.9824633 -0.1088178 0.1514092 0.1022408 0.0839492 0.9832273 0.1619163 -9.93311e-5 -0.166489 -0.1463661 0.9751198 1.4782e-5 0 0 0 1 0.9822086 -0.1068226 0.1544517 0.1022407 0.08316022 0.984831 0.1522901 -9.9495e-5 -0.1683769 -0.1367365 0.9761928 1.38134e-5 0 0 0 1 0.9816284 -0.1046689 0.1595313 0.1022403 0.08144241 0.985962 0.1457603 -9.96068e-5 -0.1725484 -0.1300897 0.9763729 1.31503e-5 0 0 0 1 0.9810208 -0.1018738 0.1649845 0.1022401 0.07977199 0.9875658 0.1354622 -9.97633e-5 -0.1767331 -0.11973 0.9769495 1.20923e-5 0 0 0 1 0.9807226 -0.0979191 0.1691008 0.1022397 0.07912898 0.9902665 0.1145021 -1.00061e-4 -0.1786668 -0.09891402 0.978925 9.99868e-6 0 0 0 1 0.9810969 -0.09233117 0.1700705 0.1022391 0.08037418 0.9938699 0.07591128 -1.00419e-4 -0.176037 -0.06080704 0.9825035 6.14673e-6 0 0 0 1 0.9824823 -0.08489203 0.1658971 0.1022384 0.08395957 0.996389 0.01263833 -1.00657e-4 -0.166371 0.001511693 0.9860622 -1.41561e-7 0 0 0 1 0.9853082 -0.07441687 0.1537196 0.1022374 0.08956176 0.9915294 -0.09406352 -1.00173e-4 -0.1454176 0.1064489 0.9836271 -1.07549e-5 0 0 0 1 0.9890781 -0.0627759 0.1333558 0.1022362 0.09374099 0.9661195 -0.2404701 -9.76101e-5 -0.1137419 0.2503446 0.9614524 -2.5291e-5 0 0 0 1 0.9927081 -0.05411714 0.107714 0.1022353 0.09293484 0.9126861 -0.3979539 -9.22158e-5 -0.07677292 0.4050625 0.9110601 -4.09186e-5 0 0 0 1</float_array>
        <technique_common>
          <accessor source="#node-Bip01_Spine1_matrix-output-array" count="24" stride="16">
            <param name="TRANSFORM" type="float4x4"/>
          </accessor>
        </technique_common>
      </source>
      <source id="node-Bip01_Spine1_matrix-interpolation">
        <Name_array id="node-Bip01_Spine1_matrix-interpolation-array" count="24">LINEAR LINEAR LINEAR LINEAR LINEAR LINEAR LINEAR LINEAR LINEAR LINEAR LINEAR LINEAR LINEAR LINEAR LINEAR LINEAR LINEAR LINEAR LINEAR LINEAR LINEAR LINEAR LINEAR LINEAR</Name_array>
        <technique_common>
          <accessor source="#node-Bip01_Spine1_matrix-interpolation-array" count="24" stride="1">
            <param name="INTERPOLATION" type="name"/>
          </accessor>
        </technique_common>
      </source>
      <source id="node-Bip01_Spine2_matrix-input">
        <float_array id="node-Bip01_Spine2_matrix-input-array" count="24">66.66666 66.7 66.73333 66.76667 66.8 66.83334 66.86667 66.9 66.93333 66.96667 67 67.03333 67.06667 67.1 67.13333 67.16666 67.2 67.23333 67.26667 67.3 67.33334 67.36667 67.4 67.43333</float_array>
        <technique_common>
          <accessor source="#node-Bip01_Spine2_matrix-input-array" count="24" stride="1">
            <param name="TIME" type="float"/>
          </accessor>
        </technique_common>
      </source>
      <source id="node-Bip01_Spine2_matrix-output">
        <float_array id="node-Bip01_Spine2_matrix-output-array" count="384">0.983237 -0.177375 0.0422275 0.1268962 0.181074 0.9770653 -0.112053 -1.6734e-4 -0.02138364 0.117821 0.9928047 -2.01762e-5 0 0 0 1 0.9829755 -0.1771823 0.04864001 0.1268963 0.1813305 0.9781973 -0.1012384 -1.67549e-4 -0.02964186 0.1083347 0.9936725 -1.85482e-5 0 0 0 1 0.9820998 -0.177054 0.06428128 0.1268962 0.1816079 0.9806064 -0.07368874 -1.67921e-4 -0.04998773 0.08404362 0.9952076 -1.43833e-5 0 0 0 1 0.9805262 -0.1776441 0.08373278 0.1268965 0.1811897 0.9827603 -0.03677958 -1.68309e-4 -0.07575559 0.0512349 0.9958093 -8.76188e-6 0 0 0 1 0.9785552 -0.1792036 0.1015676 0.1268967 0.1799319 0.983677 0.002019345 -1.68473e-4 -0.1002716 0.01629912 0.9948266 -2.79397e-6 0 0 0 1 0.9769622 -0.1814017 0.1124203 0.1268972 0.1785278 0.9833046 0.03520941 -1.68443e-4 -0.1169305 -0.01432818 0.9930369 2.45124e-6 0 0 0 1 0.9763587 -0.1843023 0.1129446 0.1268975 0.1778377 0.9819143 0.06494849 -1.6816e-4 -0.1228721 -0.04332721 0.9914764 7.43382e-6 0 0 0 1 0.9764401 -0.1876461 0.1065542 0.1268981 0.1778319 0.9794429 0.09522306 -1.67742e-4 -0.122232 -0.07403087 0.9897368 1.26883e-5 0 0 0 1 0.9767695 -0.190488 0.09816205 0.1268985 0.1782364 0.9764773 0.1213424 -1.67236e-4 -0.1189672 -0.1010274 0.987745 1.73002e-5 0 0 0 1 0.9769537 -0.1922464 0.09275299 0.126899 0.1785205 0.9741133 0.1386859 -1.66833e-4 -0.1170137 -0.1189313 0.9859833 2.03699e-5 0 0 0 1 0.9771418 -0.1911099 0.09311622 0.1268988 0.1755957 0.9724674 0.1532093 -1.6658e-4 -0.1198323 -0.1333565 0.9837968 2.28509e-5 0 0 0 1 0.9774898 -0.1875765 0.09658449 0.1268982 0.1696795 0.9709875 0.1685004 -1.66312e-4 -0.1253891 -0.1483191 0.9809585 2.54139e-5 0 0 0 1 0.9777184 -0.1846329 0.09988838 0.1268976 0.1652048 0.9703349 0.1765162 -1.66163e-4 -0.1295158 -0.156081 0.9792162 2.67401e-5 0 0 0 1 0.9776375 -0.1851746 0.0996747 0.1268978 0.1667257 0.9713613 0.1692925 -1.66416e-4 -0.1281688 -0.1488883 0.9805126 2.55182e-5 0 0 0 1 0.9769536 -0.1922464 0.09275293 0.1268991 0.1785205 0.9741132 0.1386858 -1.66848e-4 -0.1170138 -0.1189313 0.9859834 2.03699e-5 0 0 0 1 0.9746657 -0.2106647 0.07514971 0.1269022 0.2050184 0.9757761 0.07634311 -1.67161e-4 -0.08941203 -0.0590018 0.9942456 1.00955e-5 0 0 0 1 0.969478 -0.2399546 0.05034005 0.1269071 0.2408559 0.9704793 -0.01258474 -1.66237e-4 -0.04583424 0.02432525 0.9986528 -4.16487e-6 0 0 0 1 0.9611687 -0.2747225 0.02612 0.1269129 0.2758802 0.9542744 -0.1151109 -1.63451e-4 0.006697833 0.117847 0.9930092 -2.01613e-5 0 0 0 1 0.9513001 -0.3081483 0.008532106 0.1269187 0.3025847 0.9281191 -0.2168819 -1.5898e-4 0.05891293 0.2089015 0.9761607 -3.57926e-5 0 0 0 1 0.9431388 -0.3323965 0.001208424 0.1269229 0.3170505 0.8984923 -0.3036289 -1.53899e-4 0.09983938 0.2867475 0.9527897 -4.90993e-5 0 0 0 1 0.9406241 -0.3394003 0.005811452 0.1269243 0.3182891 0.875907 -0.3626007 -1.5007e-4 0.1179764 0.3429206 0.9319266 -5.87106e-5 0 0 0 1 0.9469229 -0.3203741 0.02641218 0.1269209 0.3042201 0.8665606 -0.3956297 -1.48416e-4 0.1038617 0.3826659 0.9180302 -6.55651e-5 0 0 0 1 0.9585449 -0.2784629 0.06041628 0.1269137 0.277888 0.8666768 -0.4143064 -1.48416e-4 0.06300753 0.4139203 0.9081299 -7.09072e-5 0 0 0 1 0.9692994 -0.2246611 0.09992986 0.1269044 0.2457695 0.8728579 -0.4215645 -1.49518e-4 0.007484555 0.433182 0.9012755 -7.42003e-5 0 0 0 1</float_array>
        <technique_common>
          <accessor source="#node-Bip01_Spine2_matrix-output-array" count="24" stride="16">
            <param name="TRANSFORM" type="float4x4"/>
          </accessor>
        </technique_common>
      </source>
      <source id="node-Bip01_Spine2_matrix-interpolation">
        <Name_array id="node-Bip01_Spine2_matrix-interpolation-array" count="24">LINEAR LINEAR LINEAR LINEAR LINEAR LINEAR LINEAR LINEAR LINEAR LINEAR LINEAR LINEAR LINEAR LINEAR LINEAR LINEAR LINEAR LINEAR LINEAR LINEAR LINEAR LINEAR LINEAR LINEAR</Name_array>
        <technique_common>
          <accessor source="#node-Bip01_Spine2_matrix-interpolation-array" count="24" stride="1">
            <param name="INTERPOLATION" type="name"/>
          </accessor>
        </technique_common>
      </source>
      <source id="node-Bip01_Neck_matrix-input">
        <float_array id="node-Bip01_Neck_matrix-input-array" count="24">66.66666 66.7 66.73333 66.76667 66.8 66.83334 66.86667 66.9 66.93333 66.96667 67 67.03333 67.06667 67.1 67.13333 67.16666 67.2 67.23333 67.26667 67.3 67.33334 67.36667 67.4 67.43333</float_array>
        <technique_common>
          <accessor source="#node-Bip01_Neck_matrix-input-array" count="24" stride="1">
            <param name="TIME" type="float"/>
          </accessor>
        </technique_common>
      </source>
      <source id="node-Bip01_Neck_matrix-output">
        <float_array id="node-Bip01_Neck_matrix-output-array" count="384">0.9021776 -0.4308736 0.02058494 0.2151072 0.4312887 0.9018877 -0.02426415 -4.97401e-5 -0.008110523 0.03076863 0.9994936 -1.69128e-6 0 0 0 1 0.9018495 -0.4315373 0.02105355 0.2151069 0.4319641 0.9015722 -0.02397263 -4.96805e-5 -0.008636116 0.03071415 0.9994908 -1.69501e-6 0 0 0 1 0.9009624 -0.4333232 0.02231401 0.2151072 0.4337809 0.9007201 -0.0231862 -4.96209e-5 -0.01005148 0.03056931 0.9994821 -1.68383e-6 0 0 0 1 0.8996602 -0.4359228 0.0241478 0.2151074 0.436423 0.8994719 -0.02203565 -4.95911e-5 -0.01211434 0.03036332 0.9994655 -1.68383e-6 0 0 0 1 0.8980876 -0.4390274 0.02633666 0.2151074 0.4395749 0.8979685 -0.02065247 -4.94421e-5 -0.01458251 0.03012472 0.9994398 -1.66893e-6 0 0 0 1 0.8963939 -0.4423305 0.02866363 0.2151076 0.4429239 0.8963543 -0.01917016 -4.94122e-5 -0.01721322 0.02987986 0.9994053 -1.65403e-6 0 0 0 1 0.8947348 -0.4455267 0.03091359 0.2151077 0.4461605 0.8947775 -0.01772516 -4.9293e-5 -0.0197637 0.02965176 0.9993649 -1.63913e-6 0 0 0 1 0.8932719 -0.4483127 0.03287345 0.2151077 0.4489783 0.8933911 -0.01645702 -4.92036e-5 -0.02199089 0.02946001 0.9993239 -1.63913e-6 0 0 0 1 0.8921733 -0.450387 0.03433173 0.2151081 0.451074 0.892352 -0.01550763 -4.91738e-5 -0.02365154 0.02932167 0.9992901 -1.60933e-6 0 0 0 1 0.8916076 -0.4514487 0.03507781 0.2151081 0.4521459 0.8918176 -0.01502001 -4.9144e-5 -0.02450221 0.02925217 0.9992718 -1.60933e-6 0 0 0 1 0.8917424 -0.4511959 0.03490018 0.2151083 0.4518909 0.891945 -0.01513624 -4.9144e-5 -0.02429968 0.02926868 0.9992762 -1.56462e-6 0 0 0 1 0.8927368 -0.449325 0.03358507 0.2151081 0.4500011 0.8928847 -0.01599436 -4.91738e-5 -0.02280098 0.02939218 0.9993079 -1.62423e-6 0 0 0 1 0.8947346 -0.4455268 0.03091365 0.2151077 0.4461605 0.8947773 -0.01772511 -4.93228e-5 -0.01976376 0.02965164 0.9993648 -1.62423e-6 0 0 0 1 0.8978542 -0.4394853 0.02665925 0.2151075 0.4400393 0.8977458 -0.02044779 -4.94421e-5 -0.01494675 0.03009021 0.9994355 -1.65403e-6 0 0 0 1 0.9021775 -0.4308736 0.020585 0.2151069 0.4312888 0.9018877 -0.02426409 -4.96507e-5 -0.008110582 0.03076851 0.9994937 -1.69873e-6 0 0 0 1 0.9114645 -0.4113238 0.006751775 0.215106 0.4113148 0.9109085 -0.0326516 -5.02169e-5 0.007280111 0.03253787 0.9994441 -1.78814e-6 0 0 0 1 0.9261005 -0.3768576 -0.01777952 0.2151039 0.3757424 0.9255552 -0.04652971 -5.09918e-5 0.03399103 0.03641062 0.9987586 -2.02656e-6 0 0 0 1 0.941357 -0.3338931 -0.04860651 0.2151017 0.3307822 0.941651 -0.06226539 -5.17964e-5 0.06656038 0.04253578 0.9968755 -2.36928e-6 0 0 0 1 0.9538277 -0.2892487 -0.08091819 0.2150992 0.2833663 0.955928 -0.07684594 -5.26905e-5 0.09957951 0.05036824 0.993754 -2.77162e-6 0 0 0 1 0.9620134 -0.250083 -0.1094923 0.215097 0.2412008 0.9664594 -0.08819526 -5.32866e-5 0.1278759 0.05843538 0.9900672 -3.23355e-6 0 0 0 1 0.966107 -0.223666 -0.1288834 0.2150956 0.2124655 0.9725295 -0.09510302 -5.35846e-5 0.1466143 0.06449633 0.9870888 -3.54648e-6 0 0 0 1 0.9676182 -0.2114157 -0.1379074 0.2150949 0.1990606 0.9750644 -0.09810364 -5.37336e-5 0.1552093 0.06747496 0.9855746 -3.74019e-6 0 0 0 1 0.9679976 -0.207984 -0.1404389 0.2150946 0.1952964 0.9757426 -0.09892129 -5.37336e-5 0.1576064 0.06832832 0.9851352 -3.75509e-6 0 0 0 1 0.9677286 -0.2104353 -0.1386304 0.2150949 0.1979856 0.9752596 -0.0983383 -5.37038e-5 0.1558946 0.0677179 0.9854497 -3.72529e-6 0 0 0 1</float_array>
        <technique_common>
          <accessor source="#node-Bip01_Neck_matrix-output-array" count="24" stride="16">
            <param name="TRANSFORM" type="float4x4"/>
          </accessor>
        </technique_common>
      </source>
      <source id="node-Bip01_Neck_matrix-interpolation">
        <Name_array id="node-Bip01_Neck_matrix-interpolation-array" count="24">LINEAR LINEAR LINEAR LINEAR LINEAR LINEAR LINEAR LINEAR LINEAR LINEAR LINEAR LINEAR LINEAR LINEAR LINEAR LINEAR LINEAR LINEAR LINEAR LINEAR LINEAR LINEAR LINEAR LINEAR</Name_array>
        <technique_common>
          <accessor source="#node-Bip01_Neck_matrix-interpolation-array" count="24" stride="1">
            <param name="INTERPOLATION" type="name"/>
          </accessor>
        </technique_common>
      </source>
      <source id="node-Bip01_Head_matrix-input">
        <float_array id="node-Bip01_Head_matrix-input-array" count="24">66.66666 66.7 66.73333 66.76667 66.8 66.83334 66.86667 66.9 66.93333 66.96667 67 67.03333 67.06667 67.1 67.13333 67.16666 67.2 67.23333 67.26667 67.3 67.33334 67.36667 67.4 67.43333</float_array>
        <technique_common>
          <accessor source="#node-Bip01_Head_matrix-input-array" count="24" stride="1">
            <param name="TIME" type="float"/>
          </accessor>
        </technique_common>
      </source>
      <source id="node-Bip01_Head_matrix-output">
