<?xml version="1.0" encoding="utf-8"?>
<COLLADA xmlns="http://www.collada.org/2005/11/COLLADASchema" version="1.4.1">
  <asset>
    <contributor>
      <author>MattO</author>
      <authoring_tool>OpenCOLLADA for 3ds Max;  Version: 1.3.0;  Revision: 839M;  Platform: x64;  Configuration: Release_Max2012</authoring_tool>
      <source_data>file:///C:/Dropbox/Prj/GGStout/Turret/TP_ProxMine_PlayerAnims.max</source_data>
    </contributor>
    <created>2011-09-30T17:59:42</created>
    <modified>2011-09-30T17:59:42</modified>
    <unit name="meter" meter="1"/>
    <up_axis>Z_UP</up_axis>
  </asset>
  <library_effects>
    <effect id="ShapeBounds">
      <profile_COMMON>
        <technique sid="common">
          <blinn>
            <emission>
              <color>0 0 0 1</color>
            </emission>
            <ambient>
              <color>0.1647059 1 0 1</color>
            </ambient>
            <diffuse>
              <color>0.1647059 1 0 1</color>
            </diffuse>
            <specular>
              <color>0.9 0.9 0.9 1</color>
            </specular>
            <shininess>
              <float>10</float>
            </shininess>
            <reflective>
              <color>0 0 0 1</color>
            </reflective>
            <transparent opaque="A_ONE">
              <color>1 1 1 1</color>
            </transparent>
            <transparency>
              <float>1</float>
            </transparency>
          </blinn>
        </technique>
      </profile_COMMON>
      <extra>
        <technique profile="OpenCOLLADA3dsMax">
          <extended_shader>
            <apply_reflection_dimming>0</apply_reflection_dimming>
            <dim_level>0</dim_level>
            <falloff_type>0</falloff_type>
            <index_of_refraction>1.5</index_of_refraction>
            <opacity_type>0</opacity_type>
            <reflection_level>3</reflection_level>
            <wire_size>1</wire_size>
            <wire_units>0</wire_units>
          </extended_shader>
          <shader>
            <ambient_diffuse_lock>1</ambient_diffuse_lock>
            <ambient_diffuse_texture_lock>1</ambient_diffuse_texture_lock>
            <diffuse_specular_lock>0</diffuse_specular_lock>
            <soften>0.1</soften>
            <use_self_illum_color>0</use_self_illum_color>
          </shader>
        </technique>
      </extra>
    </effect>
  </library_effects>
  <library_materials>
    <material id="ShapeBounds-material" name="ShapeBounds">
      <instance_effect url="#ShapeBounds"/>
    </material>
  </library_materials>
  <library_geometries>
    <geometry id="geom-Bounds" name="Bounds">
      <mesh>
        <source id="geom-Bounds-positions">
          <float_array id="geom-Bounds-positions-array" count="24">-0.425 -0.425 0 0.425 -0.425 0 -0.425 0.425 0 0.425 0.425 0 -0.425 -0.425 1.84 0.425 -0.425 1.84 -0.425 0.425 1.84 0.425 0.425 1.84</float_array>
          <technique_common>
            <accessor source="#geom-Bounds-positions-array" count="8" stride="3">
              <param name="X" type="float"/>
              <param name="Y" type="float"/>
              <param name="Z" type="float"/>
            </accessor>
          </technique_common>
        </source>
        <source id="geom-Bounds-normals">
          <float_array id="geom-Bounds-normals-array" count="72">0 0 -1 0 0 -1 0 0 -1 0 0 -1 0 0 1 0 0 1 0 0 1 0 0 1 0 -1 0 0 -1 0 0 -1 0 0 -1 0 1 0 0 1 0 0 1 0 0 1 0 0 0 1 0 0 1 0 0 1 0 0 1 0 -1 0 0 -1 0 0 -1 0 0 -1 0 0</float_array>
          <technique_common>
            <accessor source="#geom-Bounds-normals-array" count="24" stride="3">
              <param name="X" type="float"/>
              <param name="Y" type="float"/>
              <param name="Z" type="float"/>
            </accessor>
          </technique_common>
        </source>
        <source id="geom-Bounds-map1">
          <float_array id="geom-Bounds-map1-array" count="36">0 0 0 1 0 0 0 1 0 1 1 0 0 0 0 1 0 0 0 1 0 1 1 0 0 0 0 1 0 0 0 1 0 1 1 0</float_array>
          <technique_common>
            <accessor source="#geom-Bounds-map1-array" count="12" stride="3">
              <param name="S" type="float"/>
              <param name="T" type="float"/>
              <param name="P" type="float"/>
            </accessor>
          </technique_common>
        </source>
        <vertices id="geom-Bounds-vertices">
          <input semantic="POSITION" source="#geom-Bounds-positions"/>
        </vertices>
        <triangles material="ShapeBounds" count="12">
          <input semantic="VERTEX" source="#geom-Bounds-vertices" offset="0"/>
          <input semantic="NORMAL" source="#geom-Bounds-normals" offset="1"/>
          <input semantic="TEXCOORD" source="#geom-Bounds-map1" offset="2" set="0"/>
          <p>0 0 9 2 1 11 3 2 10 3 2 10 1 3 8 0 0 9 4 4 8 5 5 9 7 6 11 7 6 11 6 7 10 4 4 8 0 8 4 1 9 5 5 10 7 5 10 7 4 11 6 0 8 4 1 12 0 3 13 1 7 14 3 7 14 3 5 15 2 1 12 0 3 16 4 2 17 5 6 18 7 6 18 7 7 19 6 3 16 4 2 20 0 0 21 1 4 22 3 4 22 3 6 23 2 2 20 0</p>
        </triangles>
      </mesh>
      <extra>
        <technique profile="OpenCOLLADA3dsMax">
          <max_box>
            <generateuvs>1</generateuvs>
            <height>1.84</height>
            <heightsegments>1</heightsegments>
            <length>0.85</length>
            <lengthsegments>1</lengthsegments>
            <width>0.85</width>
            <widthsegments>1</widthsegments>
          </max_box>
        </technique>
      </extra>
    </geometry>
  </library_geometries>
  <library_lights>
    <light id="EnvironmentAmbientLight" name="EnvironmentAmbientLight">
      <technique_common>
        <ambient>
          <color>0 0 0</color>
        </ambient>
      </technique_common>
    </light>
  </library_lights>
  <library_visual_scenes>
    <visual_scene id="MaxScene">
      <node name="EnvironmentAmbientLight">
        <instance_light url="#EnvironmentAmbientLight"/>
      </node>
      <node id="node-Bip01" name="Bip01">
        <matrix sid="matrix">0.7792375 -0.6267175 0.003750266 -9.99123e-5 0.626718 0.7792453 0.001183461 0.009409874 -0.003664073 0.001428162 0.9999923 0.8041042 0 0 0 1</matrix>
        <node id="node-Bip01_Pelvis" name="Bip01_Pelvis">
          <matrix sid="matrix">-0.009626743 0.991236 0.1317526 0 -0.1217414 -0.1319404 0.9837534 0 0.9925151 -0.0065694 0.1219446 0 0 0 0 1</matrix>
          <node id="node-Bip01_Spine" name="Bip01_Spine">
            <matrix sid="matrix">0.974003 -0.1713646 -0.1481636 0.1975132 0.0649147 0.8377451 -0.5421896 0.02500539 0.2170354 0.5184763 0.8270903 0.02776153 0 0 0 1</matrix>
            <node id="node-Bip01_Spine1" name="Bip01_Spine1">
              <matrix sid="matrix">0.9940997 -0.1082492 -0.006932076 0.1022408 0.1067967 0.9879403 -0.1121098 -9.98229e-5 0.0189843 0.1107081 0.9936718 -1.11945e-5 0 0 0 1</matrix>
              <node id="node-Bip01_Spine2" name="Bip01_Spine2">
                <matrix sid="matrix">0.983237 -0.177375 0.04222758 0.1268964 0.1810741 0.9770653 -0.112053 -1.6731e-4 -0.02138365 0.117821 0.9928047 -2.01873e-5 0 0 0 1</matrix>
                <node id="node-Bip01_Neck" name="Bip01_Neck">
                  <matrix sid="matrix">0.9021777 -0.4308737 0.020585 0.2151072 0.4312887 0.9018878 -0.02426415 -4.97401e-5 -0.008110575 0.03076864 0.9994938 -1.68569e-6 0 0 0 1</matrix>
                  <node id="node-Bip01_Head" name="Bip01_Head">
                    <matrix sid="matrix">0.8383279 0.5202503 -0.1629291 0.07051814 -0.5361 0.8409865 -0.07306501 -0.01395923 0.0990091 0.1485988 0.9839287 -7.45058e-9 0 0 0 1</matrix>
                    <node id="node-ALTEYE" name="ALTEYE">
                      <matrix sid="matrix">0.02345615 0.2813333 0.959324 0.06454682 0.04894473 0.958114 -0.282175 0.2214611 -0.9985262 0.05357213 0.008703775 0.04716257 0 0 0 1</matrix>
                    </node>
                  </node>
                  <node id="node-Bip01_L_Clavicle" name="Bip01_L_Clavicle">
                    <matrix sid="matrix">-0.3164032 -0.4320404 0.8445294 -0.02496195 0.2105159 -0.9000475 -0.381572 -0.01206529 0.9249714 0.05705629 0.3757294 0.06855242 0 0 0 1</matrix>
                    <node id="node-Bip01_L_UpperArm" name="Bip01_L_UpperArm">
                      <matrix sid="matrix">0.5625743 0.2755678 0.7794693 0.1824006 -0.407383 0.9128069 -0.02868235 -5.96046e-8 -0.7194091 -0.3014065 0.6257832 -1.19209e-7 0 0 0 1</matrix>
                      <node id="node-Bip01_L_Forearm" name="Bip01_L_Forearm">
                        <matrix sid="matrix">-0.04871637 0.9988127 0 0.284369 -0.9988126 -0.04871638 -1.86265e-9 0 9.12696e-8 0 1 5.96046e-8 0 0 0 1</matrix>
                        <node id="node-Bip01_L_Hand" name="Bip01_L_Hand">
                          <matrix sid="matrix">0.9905208 0.06465076 -0.1211972 0.2810681 0.127691 -0.1081551 0.9858994 -5.96046e-8 0.05063105 -0.9920296 -0.1153852 0 0 0 0 1</matrix>
                          <node id="node-Bip01_L_Finger0" name="Bip01_L_Finger0">
                            <matrix sid="matrix">0.345179 0.6252525 0.6999362 0.02119678 0.5973265 0.4288768 -0.6776915 -0.004734248 -0.7239147 0.6520153 -0.2254407 -0.02572203 0 0 0 1</matrix>
                            <node id="node-Bip01_L_Finger01" name="Bip01_L_Finger01">
                              <matrix sid="matrix">0.9455186 -0.3255681 0 0.04982859 0.325568 0.9455187 1.49012e-8 5.96046e-8 1.49012e-8 0 1 0 0 0 0 1</matrix>
                              <node id="node-Bip01_L_Finger02" name="Bip01_L_Finger02">
                                <matrix sid="matrix">0.9203136 0.3911815 -1.49012e-8 0.05202234 -0.3911814 0.9203135 0 5.96046e-8 -4.47035e-8 -2.98023e-8 0.9999999 0 0 0 0 1</matrix>
                              </node>
                            </node>
                          </node>
                          <node id="node-Bip01_L_Finger1" name="Bip01_L_Finger1">
                            <matrix sid="matrix">0.9541454 -0.2819768 -0.1004766 0.1199946 0.2718616 0.9567645 -0.1034069 -0.008367568 0.1252908 0.07134958 0.9895511 -0.04101396 0 0 0 1</matrix>
                            <node id="node-Bip01_L_Finger11" name="Bip01_L_Finger11">
                              <matrix sid="matrix">0.9363124 -0.3511683 -1.49012e-8 0.03644174 0.3511681 0.9363123 0 0 -2.98023e-8 -2.98023e-8 0.9999999 0 0 0 0 1</matrix>
                              <node id="node-Bip01_L_Finger12" name="Bip01_L_Finger12">
                                <matrix sid="matrix">0.7785828 -0.627542 -2.98023e-8 0.03117555 0.627542 0.7785826 0 -1.19209e-7 5.96046e-8 -1.49012e-8 1 0 0 0 0 1</matrix>
                              </node>
                            </node>
                          </node>
                          <node id="node-Bip01_L_Finger2" name="Bip01_L_Finger2">
                            <matrix sid="matrix">0.7812487 -0.6233677 -0.03260919 0.1229538 0.6235425 0.7769018 0.0872835 -0.008802027 -0.02907555 -0.08852328 0.9956497 -0.01328242 0 0 0 1</matrix>
                            <node id="node-Bip01_L_Finger21" name="Bip01_L_Finger21">
                              <matrix sid="matrix">0.7620706 -0.6474939 1.49012e-8 0.03895517 0.6474938 0.7620706 5.12227e-9 -5.96046e-8 7.45058e-9 -7.45058e-9 1 0 0 0 0 1</matrix>
                              <node id="node-Bip01_L_Finger22" name="Bip01_L_Finger22">
                                <matrix>0.9762961 -0.2164396 0 0.03800541 0.2164396 0.9762961 -7.45058e-9 8.9407e-8 0 7.45058e-9 1 1.19209e-7 0 0 0 1</matrix>
                              </node>
                            </node>
                          </node>
                          <node id="node-Bip01_L_Finger3" name="Bip01_L_Finger3">
                            <matrix>0.4124631 -0.9064789 -0.09038849 0.1211883 0.9061532 0.3980613 0.1429456 -0.001191258 -0.09359702 -0.1408656 0.9855945 0.01196873 0 0 0 1</matrix>
                            <node id="node-Bip01_L_Finger31" name="Bip01_L_Finger31">
                              <matrix>0.9381478 -0.3462351 0 0.03155844 0.3462351 0.9381478 0 0 -1.11759e-8 1.49012e-8 0.9999999 0 0 0 0 1</matrix>
                              <node id="node-Bip01_L_Finger32" name="Bip01_L_Finger32">
                                <matrix>0.9636304 -0.2672384 0 0.03366598 0.2672384 0.9636305 0 5.96046e-8 -9.31323e-9 -1.49012e-8 1 0 0 0 0 1</matrix>
                              </node>
                            </node>
                          </node>
                          <node id="node-Bip01_L_Finger4" name="Bip01_L_Finger4">
                            <matrix>0.07120571 -0.9696806 0.2337719 0.1136797 0.9750155 0.1171046 0.1887628 0.005147398 -0.2104154 0.2144902 0.953792 0.0388658 0 0 0 1</matrix>
                            <node id="node-Bip01_L_Finger41" name="Bip01_L_Finger41">
                              <matrix>0.9790112 -0.203807 -5.58794e-9 0.03661624 0.203807 0.9790112 0 5.96046e-8 -1.21072e-8 -1.49012e-8 1 0 0 0 0 1</matrix>
                              <node id="node-Bip01_L_Finger42" name="Bip01_L_Finger42">
                                <matrix>0.9645151 0.2640275 -4.65661e-10 0.0177263 -0.2640275 0.9645153 0 5.96046e-8 0 -1.49012e-8 1 1.19209e-7 0 0 0 1</matrix>
                              </node>
                            </node>
                          </node>
                        </node>
                      </node>
                    </node>
                  </node>
                  <node id="node-Bip01_R_Clavicle" name="Bip01_R_Clavicle">
                    <matrix sid="matrix">-0.3137373 -0.4318159 -0.845638 -0.02385318 0.06845209 -0.8985736 0.4334505 -0.0162707 -0.9470391 0.07810397 0.3114749 -0.068073 0 0 0 1</matrix>
                    <node id="node-Bip01_R_UpperArm" name="Bip01_R_UpperArm">
                      <matrix sid="matrix">0.3845657 0.6711438 -0.6337786 0.1824007 -0.7421199 0.6330941 0.2201137 2.98023e-8 0.5489695 0.3856915 0.7415354 0 0 0 0 1</matrix>
                      <node id="node-Bip01_R_Forearm" name="Bip01_R_Forearm">
                        <matrix sid="matrix">0.2257436 0.9741867 0 0.2843688 -0.9741868 0.2257435 1.49012e-8 0 -4.65661e-8 -5.96046e-8 0.9999999 -1.19209e-7 0 0 0 1</matrix>
                        <node id="node-Bip01_R_Hand" name="Bip01_R_Hand">
                          <matrix sid="matrix">0.9534719 0.3012065 0.01288161 0.281068 0.101269 -0.2797379 -0.9547206 5.96046e-8 -0.2839645 0.9116037 -0.2972251 5.96046e-8 0 0 0 1</matrix>
                          <node id="node-Bip01_R_Finger0" name="Bip01_R_Finger0">
                            <matrix sid="matrix">0.4668741 0.3554855 -0.8097275 0.02119672 0.6514514 0.4809566 0.5867638 -0.004734248 0.5980298 -0.8014429 -0.007035479 0.02572191 0 0 0 1</matrix>
                            <node id="node-Bip01_R_Finger01" name="Bip01_R_Finger01">
                              <matrix sid="matrix">0.8647895 -0.4978737 0.06527568 0.04982865 0.4938732 0.866828 0.06854744 -5.96046e-8 -0.09071074 -0.02704117 0.9955101 0 0 0 0 1</matrix>
                              <node id="node-Bip01_R_Finger02" name="Bip01_R_Finger02">
                                <matrix sid="matrix">0.8489717 0.5284383 1.49012e-8 0.0520224 -0.5284382 0.8489718 -7.45058e-9 0 3.72529e-8 0 1 0 0 0 0 1</matrix>
                              </node>
                            </node>
                          </node>
                          <node id="node-Bip01_R_Finger1" name="Bip01_R_Finger1">
                            <matrix>0.9820225 -0.1733427 -0.0747267 0.1199946 0.1795577 0.9799358 0.08651488 -0.008367509 0.05823063 -0.09837735 0.993444 0.04101384 0 0 0 1</matrix>
                            <node id="node-Bip01_R_Finger11" name="Bip01_R_Finger11">
                              <matrix sid="matrix">0.9425994 -0.3339258 1.49012e-8 0.03644174 0.3339258 0.9425994 0 5.96046e-8 7.45058e-9 1.49012e-8 1 -1.19209e-7 0 0 0 1</matrix>
                              <node id="node-Bip01_R_Finger12" name="Bip01_R_Finger12">
                                <matrix sid="matrix">0.983297 -0.1810849 0.01831832 0.03117543 0.181519 0.9830509 -0.02573048 0 -0.01334845 0.02862582 0.9995012 0 0 0 0 1</matrix>
                              </node>
                            </node>
                          </node>
                          <node id="node-Bip01_R_Finger2" name="Bip01_R_Finger2">
                            <matrix sid="matrix">0.9536399 -0.3009502 -1.52119e-4 0.1229538 0.3006933 0.9528466 -0.04082685 -0.008802086 0.01243179 0.03888837 0.9991662 0.01328254 0 0 0 1</matrix>
                            <node id="node-Bip01_R_Finger21" name="Bip01_R_Finger21">
                              <matrix sid="matrix">0.9579763 -0.2847232 -0.03484871 0.03895515 0.2827407 0.9577504 -0.05265062 0 0.04836721 0.0405849 0.9980049 1.19209e-7 0 0 0 1</matrix>
                              <node id="node-Bip01_R_Finger22" name="Bip01_R_Finger22">
                                <matrix sid="matrix">0.9719918 -0.234256 0.01886611 0.03800529 0.2315868 0.9683846 0.09272985 5.96046e-8 -0.0399922 -0.08576353 0.9955125 0 0 0 0 1</matrix>
                              </node>
                            </node>
                          </node>
                          <node id="node-Bip01_R_Finger3" name="Bip01_R_Finger3">
                            <matrix sid="matrix">0.942517 -0.3272582 0.06755453 0.1211882 0.3338162 0.9129713 -0.234627 -0.001191199 0.01510825 0.2436908 0.9697352 -0.01196861 0 0 0 1</matrix>
                            <node id="node-Bip01_R_Finger31" name="Bip01_R_Finger31">
                              <matrix sid="matrix">0.6606858 -0.7494742 0.04222352 0.03155839 0.7450768 0.6615804 0.08468728 2.98023e-8 -0.09140517 -0.02449191 0.9955126 0 0 0 0 1</matrix>
                              <node id="node-Bip01_R_Finger32" name="Bip01_R_Finger32">
                                <matrix sid="matrix">0.8335402 -0.5515912 -0.03095102 0.03366594 0.5520073 0.8338156 0.006297078 0 0.02233404 -0.02233406 0.9995011 -1.19209e-7 0 0 0 1</matrix>
                              </node>
                            </node>
                          </node>
                          <node id="node-Bip01_R_Finger4" name="Bip01_R_Finger4">
                            <matrix sid="matrix">0.7372704 -0.6748959 -0.03078973 0.1136796 0.6745099 0.7379035 -0.02312396 0.005147427 0.03832611 -0.003719352 0.9992583 -0.0388658 0 0 0 1</matrix>
                            <node id="node-Bip01_R_Finger41" name="Bip01_R_Finger41">
                              <matrix>0.4202556 -0.9064697 0.0412062 0.03661627 0.9068531 0.4211509 0.01578784 -5.96046e-8 -0.03166525 0.03073303 0.999026 0 0 0 0 1</matrix>
                              <node id="node-Bip01_R_Finger42" name="Bip01_R_Finger42">
                                <matrix>0.402447 -0.9138246 -0.05441486 0.01772633 0.9154232 0.4021218 0.01728317 -5.96046e-8 0.006087616 -0.05676818 0.9983688 1.19209e-7 0 0 0 1</matrix>
                              </node>
                            </node>
                          </node>
                          <node id="node-MOUNT0" name="MOUNT0">
                            <matrix>-6.20959e-7 1 7.45058e-9 0.109539 -1 -6.70552e-7 4.69387e-7 0.02518257 4.73112e-7 7.45058e-9 1 0.01321661 0 0 0 1</matrix>
                          </node>
                        </node>
                      </node>
                    </node>
                  </node>
                </node>
                <node id="node-Bip01_L_Pauldron_Upper" name="Bip01_L_Pauldron_Upper">
                  <matrix sid="matrix">0.9726137 0.118285 0.2000786 0.176903 0.1284548 -0.9909648 -0.03858756 -0.03908369 0.1937064 0.06323186 -0.9790201 0.2290199 0 0 0 1</matrix>
                </node>
                <node id="node-Bip01_R_Pauldron_Lower" name="Bip01_R_Pauldron_Lower">
                  <matrix sid="matrix">-0.3436332 -0.7757342 -0.5292952 0.1906283 0.7213452 -0.5789209 0.3801479 -0.1308313 -0.6013135 -0.2511733 0.7585081 -0.2272986 0 0 0 1</matrix>
                </node>
                <node id="node-Bip01_L_Pauldron_Lower" name="Bip01_L_Pauldron_Lower">
                  <matrix sid="matrix">-0.6963173 -0.3999607 0.5959646 0.1906878 0.2072264 -0.9070117 -0.3665883 -0.05679914 0.6871678 -0.1317622 0.7144505 0.2611732 0 0 0 1</matrix>
                </node>
              </node>
            </node>
            <node id="node-Bip01_L_Thigh" name="Bip01_L_Thigh">
              <matrix sid="matrix">-0.6131225 0.7890081 -0.03933908 -0.172358 0.7439148 0.5934052 0.3073451 0.06460378 0.2658417 0.1591752 -0.9507849 0.1253033 0 0 0 1</matrix>
              <node id="node-Bip01_L_Calf" name="Bip01_L_Calf">
                <matrix sid="matrix">0.403221 0.9151026 -7.45058e-9 0.4629987 -0.9151025 0.4032211 1.86265e-9 5.96046e-8 -5.96046e-8 -5.21541e-8 0.9999999 -7.45058e-9 0 0 0 1</matrix>
                <node id="node-Bip01_L_Foot" name="Bip01_L_Foot">
                  <matrix sid="matrix">0.9318819 -0.3537826 -0.08021336 0.3610501 0.3617027 0.9230473 0.1309774 2.98023e-8 0.02770313 -0.1510689 0.988135 -1.49012e-8 0 0 0 1</matrix>
                  <node id="node-Bip01_L_Toe0" name="Bip01_L_Toe0">
                    <matrix sid="matrix">7.13626e-7 -1 1.74996e-6 0.1486307 1 7.13859e-7 -1.00208e-7 0.1543275 1.00517e-7 1.74902e-6 1 -7.45058e-9 0 0 0 1</matrix>
                  </node>
                </node>
              </node>
            </node>
            <node id="node-Bip01_R_Thigh" name="Bip01_R_Thigh">
              <matrix sid="matrix">-0.9364082 0.1993436 0.2887944 -0.2276958 0.1469009 0.9700825 -0.193288 -0.06759394 -0.3186851 -0.1385723 -0.9376767 -0.08558211 0 0 0 1</matrix>
              <node id="node-Bip01_R_Calf" name="Bip01_R_Calf">
                <matrix sid="matrix">0.4439467 0.8960533 0 0.4629988 -0.8960532 0.4439468 -3.72529e-8 2.6077e-8 4.47035e-8 -2.98023e-8 1 2.98023e-8 0 0 0 1</matrix>
                <node id="node-Bip01_R_Foot" name="Bip01_R_Foot">
                  <matrix sid="matrix">0.6469792 -0.7364341 0.1976941 0.3610501 0.7123846 0.6762307 0.1876699 0 -0.2718932 0.01941574 0.9621317 0 0 0 0 1</matrix>
                  <node id="node-Bip01_R_Toe0" name="Bip01_R_Toe0">
                    <matrix sid="matrix">-0.1805813 -0.9786911 0.09774493 0.1486307 0.9833314 -0.1817885 -0.003514536 0.1543275 0.02120845 0.09548099 0.9952053 0 0 0 0 1</matrix>
                  </node>
                </node>
              </node>
            </node>
          </node>
          <node id="node-Bip01_FannyPack" name="Bip01_FannyPack">
            <matrix sid="matrix">-0.9629919 -0.2062316 0.1735378 0.2299507 -0.2083319 0.9780385 0.00622708 -0.1378937 -0.1710108 -0.03015684 -0.9848077 0.01013963 0 0 0 1</matrix>
          </node>
        </node>
        <node id="node-EYE" name="EYE">
          <matrix sid="matrix">0.7792377 0.6267179 -0.00366411 0.05940068 -0.6267175 0.7792451 0.001428192 0.07229741 0.003750313 0.001183282 0.999992 0.7662907 0 0 0 1</matrix>
          <node id="node-CAM" name="CAM">
            <matrix>1 -6.03104e-8 3.55271e-15 4.84288e-8 6.03104e-8 1 -2.32831e-9 -0.104 -3.55271e-15 2.32832e-9 1 0.3005601 0 0 0 1</matrix>
          </node>
        </node>
      </node>
      <node id="node-Bounds" name="Bounds">
        <matrix>0.9999915 0.001706907 0.003750479 0 -0.001711356 0.9999978 0.001183292 0.1035326 -0.003748452 -0.0011897 0.9999923 -8.93474e-5 0 0 0 1</matrix>
        <instance_geometry url="#geom-Bounds">
          <bind_material>
            <technique_common>
              <instance_material symbol="ShapeBounds" target="#ShapeBounds-material"/>
            </technique_common>
          </bind_material>
        </instance_geometry>
      </node>
    </visual_scene>
  </library_visual_scenes>
  <library_animations>
    <animation>
      <source id="node-Bip01_matrix-input">
        <float_array id="node-Bip01_matrix-input-array" count="51">39.66667 39.7 39.73333 39.76667 39.8 39.83333 39.86666 39.9 39.93333 39.96667 40 40.03333 40.06667 40.1 40.13334 40.16667 40.2 40.23333 40.26667 40.3 40.33333 40.36666 40.4 40.43333 40.46667 40.5 40.53333 40.56667 40.6 40.63334 40.66667 40.7 40.73333 40.76667 40.8 40.83333 40.86666 40.9 40.93333 40.96667 41 41.03333 41.06667 41.1 41.13334 41.16667 41.2 41.23333 41.26667 41.3 41.33333</float_array>
        <technique_common>
          <accessor source="#node-Bip01_matrix-input-array" count="51" stride="1">
            <param name="TIME" type="float"/>
          </accessor>
        </technique_common>
      </source>
      <source id="node-Bip01_matrix-output">
        <float_array id="node-Bip01_matrix-output-array" count="816">0.7792375 -0.6267175 0.003750264 -9.99123e-5 0.626718 0.7792453 0.00118345 0.009409844 -0.003664016 0.001428127 0.9999923 0.8041042 0 0 0 1 0.6825613 -0.7305624 0.01971435 0.001331508 0.7301119 0.6828382 0.02585864 0.1029974 -0.0323531 -0.00325638 0.9994712 0.8418123 0 0 0 1 0.5088537 -0.8600866 0.03631716 0.003552496 0.8575931 0.5101434 0.06548023 0.2457398 -0.07484567 -0.002174437 0.9971928 0.8987682 0 0 0 1 0.3077922 -0.9502238 0.04836153 0.006294429 0.9418722 0.3114942 0.12589 0.4005724 -0.1346881 0.00680238 0.9908647 0.9531419 0 0 0 1 0.1589148 -0.9857274 0.05556797 0.009288668 0.9635629 0.167115 0.2088524 0.5304303 -0.2151578 0.02035349 0.9763672 0.9831035 0 0 0 1 0.1021746 -0.9926801 0.06439447 0.01326811 0.9449021 0.1170873 0.305697 0.6269229 -0.3109991 0.02961194 0.9499488 0.9814277 0 0 0 1 0.09863007 -0.9919056 0.07997119 0.01810789 0.9017801 0.123071 0.414302 0.7093204 -0.4207906 0.03125381 0.9066193 0.9602251 0 0 0 1 0.1120399 -0.9882093 0.1043526 0.02225267 0.8272066 0.1509402 0.5412451 0.7820491 -0.5506145 0.02568006 0.8343645 0.9266698 0 0 0 1 0.1054178 -0.9857273 0.1312582 0.02414727 0.7069827 0.1671148 0.6872031 0.8495358 -0.69933 0.02035385 0.7145091 0.8879357 0 0 0 1 0.06127142 -0.9857274 0.1568038 0.02153241 0.4687383 0.1671146 0.8673853 0.907965 -0.8812096 0.02035397 0.4722875 0.8368459 0 0 0 1 -6.65188e-5 -0.9857273 0.1683497 0.01583892 0.1205168 0.1671147 0.978544 0.9544505 -0.9927113 0.02035409 0.1187856 0.7722997 0 0 0 1 -0.04705238 -0.9857273 0.1616407 0.01104623 -0.1573962 0.1671148 0.9732929 0.9948183 -0.986414 0.02035415 -0.1630129 0.7105794 0 0 0 1 -0.07565784 -0.9857273 0.1503912 0.008151769 -0.3317382 0.1671148 0.9284515 1.033227 -0.9403327 0.02035409 -0.3396471 0.6538089 0 0 0 1 -0.09927392 -0.9857273 0.1359641 0.00554037 -0.4793641 0.1671146 0.8615583 1.069696 -0.8719832 0.02035397 -0.4891124 0.5956513 0 0 0 1 -0.1154606 -0.9857274 0.1225171 0.003274023 -0.5831021 0.1671145 0.7950251 1.10383 -0.8041523 0.02035409 -0.594075 0.5397151 0 0 0 1 -0.1231039 -0.9857274 0.1148344 0.001414239 -0.6330457 0.1671144 0.7558611 1.135239 -0.7642634 0.02035403 -0.644583 0.4896 0 0 0 1 -0.1210724 -0.9857273 0.1169745 2.28621e-5 -0.6196998 0.1671146 0.7668408 1.16353 -0.7754442 0.02035409 -0.631088 0.448914 0 0 0 1 -0.1058576 -0.9856155 0.1317432 -8.59049e-4 -0.5191516 0.1677772 0.8380528 1.186507 -0.8481014 0.02031952 -0.5294445 0.4184671 0 0 0 1 -0.07588672 -0.9853693 0.1526059 -0.001316547 -0.3280075 0.1691987 0.9293993 1.204343 -0.9416222 0.02047312 -0.3360485 0.3951597 0 0 0 1 -0.03433442 -0.9851357 0.1683118 -0.00147742 -0.07562315 0.1704891 0.9824534 1.220194 -0.9965452 0.02100372 -0.08035278 0.3767315 0 0 0 1 0.0106374 -0.9850602 0.1718813 -0.001469373 0.1856302 0.1708486 0.9676529 1.237221 -0.9825621 0.02161306 0.1846743 0.3609188 0 0 0 1 0.04861688 -0.9852439 0.1641063 -0.00142014 0.3986898 0.1697863 0.901232 1.258582 -0.9157963 0.0216124 0.4010611 0.3454585 0 0 0 1 0.07137703 -0.9857273 0.1524697 -0.001457452 0.524364 0.1671149 0.8349341 1.287435 -0.8484973 0.0203545 0.5288081 0.3280897 0 0 0 1 0.07268881 -0.9867496 0.1450573 -0.001525223 0.5307741 0.1614079 0.8320015 1.331418 -0.8443905 0.01651543 0.5354736 0.309193 0 0 0 1 0.05750155 -0.9883125 0.1411808 -0.001494228 0.4403014 0.1520237 0.884886 1.38879 -0.8960068 0.01127976 0.4438971 0.2909467 0 0 0 1 0.03632158 -0.9900631 0.1358521 -0.001382768 0.3083681 0.1404117 0.9408473 1.448639 -0.9505735 0.007719397 0.310404 0.2737833 0 0 0 1 0.01947104 -0.9916096 0.1277942 -0.00120902 0.2037476 0.1290715 0.970478 1.500056 -0.9788299 0.00714147 0.2045512 0.2581351 0 0 0 1 0.007221937 -0.9930146 0.1177697 -8.66123e-4 0.1485462 0.1175314 0.9818963 1.535658 -0.9888791 0.01040303 0.1483574 0.2441872 0 0 0 1 -0.004390716 -0.9942351 0.1071321 -4.0169e-4 0.1107645 0.1059904 0.9881787 1.562734 -0.993837 0.01620531 0.1096606 0.2326771 0 0 0 1 -0.01227498 -0.9949693 0.09942662 -6.57954e-5 0.08594286 0.09801626 0.991467 1.592391 -0.9962245 0.02071511 0.08430731 0.2248644 0 0 0 1 -0.01448726 -0.9951624 0.09717077 1.46659e-5 0.07710695 0.09577965 0.9924117 1.635416 -0.9969176 0.02186983 0.07534629 0.2224026 0 0 0 1 -0.0133835 -0.9950667 0.09830123 -3.34209e-5 0.08152627 0.09689688 0.9919497 1.681022 -0.9965813 0.02129 0.0798273 0.2236387 0 0 0 1 -0.01227498 -0.9949693 0.09942662 -7.94787e-5 0.08594286 0.09801626 0.991467 1.707951 -0.9962245 0.02071511 0.08430731 0.2248733 0 0 0 1 -0.01227498 -0.9949693 0.09942662 -8.08289e-5 0.08594286 0.09801626 0.991467 1.715995 -0.9962245 0.02071511 0.08430731 0.2248739 0 0 0 1 -0.01227498 -0.9949693 0.09942662 -8.18608e-5 0.08594286 0.09801626 0.991467 1.71977 -0.9962245 0.02071511 0.08430731 0.2248744 0 0 0 1 -0.01227486 -0.9949692 0.09942662 -8.25941e-5 0.0859428 0.09801638 0.9914669 1.720263 -0.9962245 0.02071505 0.08430731 0.2248746 0 0 0 1 -0.01227498 -0.9949693 0.09942662 -8.30484e-5 0.08594286 0.09801626 0.991467 1.718457 -0.9962245 0.02071511 0.08430731 0.2248746 0 0 0 1 -0.01227486 -0.9949692 0.09942662 -8.32436e-5 0.0859428 0.09801638 0.9914669 1.715338 -0.9962245 0.02071505 0.08430731 0.2248744 0 0 0 1 -0.01227498 -0.9949693 0.09942662 -8.31995e-5 0.08594286 0.09801626 0.991467 1.711891 -0.9962245 0.02071511 0.08430731 0.2248741 0 0 0 1 -0.01227498 -0.9949693 0.09942662 -8.29357e-5 0.08594286 0.09801626 0.991467 1.7091 -0.9962245 0.02071511 0.08430731 0.2248738 0 0 0 1 -0.01227498 -0.9949693 0.09942662 -8.24719e-5 0.08594286 0.09801626 0.991467 1.707951 -0.9962245 0.02071511 0.08430731 0.2248735 0 0 0 1 -0.01437807 -0.9950973 0.09784996 -7.52091e-5 0.0823931 0.09634822 0.9919316 1.712471 -0.9964962 0.02232426 0.08060383 0.2233361 0 0 0 1 -0.01856803 -0.9953354 0.09467244 -6.09419e-5 0.07527917 0.09302818 0.9928137 1.721511 -0.9969897 0.02556133 0.07320064 0.2202613 0 0 0 1 -0.02169466 -0.9954978 0.09226828 -4.9283e-5 0.06993222 0.09055292 0.9934332 1.728291 -0.9973158 0.02800476 0.06765294 0.217955 0 0 0 1 -0.02065384 -0.9954452 0.09307169 -4.98441e-5 0.07171577 0.09137666 0.9932307 1.726031 -0.9972112 0.02718865 0.06950175 0.2187223 0 0 0 1 -0.01227498 -0.9949693 0.09942662 -7.22367e-5 0.08594286 0.09801626 0.991467 1.70795 -0.9962245 0.02071511 0.08430731 0.2248685 0 0 0 1 0.001042842 -0.9940257 0.1091412 -1.09604e-4 0.1082661 0.1086119 0.988171 1.679046 -0.9941214 0.01078569 0.1077325 0.2345458 0 0 0 1 0.01464569 -0.9928344 0.1185973 -1.48563e-4 0.1308247 0.1194931 0.984178 1.648926 -0.9912973 0.001101434 0.1316373 0.2443498 0 0 0 1 0.02855253 -0.9913905 0.127788 -1.89093e-4 0.1536095 0.1306733 0.9794532 1.617605 -0.9877191 -0.008336424 0.156018 0.2542909 0 0 0 1 0.04273521 -0.9896937 0.1366755 -2.31039e-4 0.1765337 0.1421281 0.9739791 1.585202 -0.9833664 -0.01749533 0.1807881 0.2643467 0 0 0 1 0.0572108 -0.9877392 0.1452527 -2.74385e-4 0.1995863 0.1538695 0.9677239 1.551728 -0.9782088 -0.02637386 0.2059421 0.2745279 0 0 0 1</float_array>
        <technique_common>
          <accessor source="#node-Bip01_matrix-output-array" count="51" stride="16">
            <param name="TRANSFORM" type="float4x4"/>
          </accessor>
        </technique_common>
      </source>
      <source id="node-Bip01_matrix-interpolation">
        <Name_array id="node-Bip01_matrix-interpolation-array" count="51">LINEAR LINEAR LINEAR LINEAR LINEAR LINEAR LINEAR LINEAR LINEAR LINEAR LINEAR LINEAR LINEAR LINEAR LINEAR LINEAR LINEAR LINEAR LINEAR LINEAR LINEAR LINEAR LINEAR LINEAR LINEAR LINEAR LINEAR LINEAR LINEAR LINEAR LINEAR LINEAR LINEAR LINEAR LINEAR LINEAR LINEAR LINEAR LINEAR LINEAR LINEAR LINEAR LINEAR LINEAR LINEAR LINEAR LINEAR LINEAR LINEAR LINEAR LINEAR</Name_array>
        <technique_common>
          <accessor source="#node-Bip01_matrix-interpolation-array" count="51" stride="1">
            <param name="INTERPOLATION" type="name"/>
          </accessor>
        </technique_common>
      </source>
      <source id="node-Bip01_Pelvis_matrix-input">
        <float_array id="node-Bip01_Pelvis_matrix-input-array" count="51">39.66667 39.7 39.73333 39.76667 39.8 39.83333 39.86666 39.9 39.93333 39.96667 40 40.03333 40.06667 40.1 40.13334 40.16667 40.2 40.23333 40.26667 40.3 40.33333 40.36666 40.4 40.43333 40.46667 40.5 40.53333 40.56667 40.6 40.63334 40.66667 40.7 40.73333 40.76667 40.8 40.83333 40.86666 40.9 40.93333 40.96667 41 41.03333 41.06667 41.1 41.13334 41.16667 41.2 41.23333 41.26667 41.3 41.33333</float_array>
        <technique_common>
          <accessor source="#node-Bip01_Pelvis_matrix-input-array" count="51" stride="1">
            <param name="TIME" type="float"/>
          </accessor>
        </technique_common>
      </source>
      <source id="node-Bip01_Pelvis_matrix-output">
        <float_array id="node-Bip01_Pelvis_matrix-output-array" count="816">-0.009626686 0.991236 0.1317526 0 -0.1217414 -0.1319403 0.9837535 0 0.9925152 -0.006569385 0.1219446 0 0 0 0 1 -0.009626686 0.9912359 0.1317524 0 -0.1217414 -0.1319403 0.9837533 0 0.9925151 -0.006569385 0.1219446 0 0 0 0 1 -0.009626746 0.991236 0.1317526 0 -0.1217414 -0.1319403 0.9837536 0 0.9925152 -0.006569385 0.1219446 0 0 0 0 1 -0.009626686 0.9912359 0.1317526 0 -0.1217414 -0.1319403 0.9837535 0 0.9925152 -0.006569385 0.1219446 0 0 0 0 1 -0.009626746 0.9912359 0.1317526 0 -0.1217414 -0.1319404 0.9837533 0 0.9925151 -0.006569385 0.1219446 0 0 0 0 1 -0.009626746 0.991236 0.1317525 0 -0.1217414 -0.1319403 0.9837534 0 0.9925153 -0.006569385 0.1219446 0 0 0 0 1 -0.009626746 0.9912359 0.1317525 0 -0.1217414 -0.1319403 0.9837534 0 0.9925152 -0.006569325 0.1219446 0 0 0 0 1 -0.009626746 0.9912361 0.1317526 0 -0.1217414 -0.1319403 0.9837535 0 0.9925152 -0.006569325 0.1219446 0 0 0 0 1 -0.009626805 0.9912359 0.1317525 0 -0.1217414 -0.1319403 0.9837533 0 0.9925152 -0.006569445 0.1219446 0 0 0 0 1 -0.009626686 0.9912359 0.1317526 0 -0.1217414 -0.1319403 0.9837533 0 0.9925152 -0.006569385 0.1219446 0 0 0 0 1 -0.009626746 0.991236 0.1317525 0 -0.1217414 -0.1319403 0.9837534 0 0.9925152 -0.006569385 0.1219446 0 0 0 0 1 -0.009626746 0.9912358 0.1317525 0 -0.1217414 -0.1319403 0.9837533 0 0.992515 -0.006569385 0.1219446 0 0 0 0 1 -0.009626686 0.9912359 0.1317525 0 -0.1217414 -0.1319403 0.9837534 0 0.9925152 -0.006569385 0.1219446 0 0 0 0 1 -0.009626746 0.991236 0.1317526 0 -0.1217414 -0.1319403 0.9837533 0 0.9925151 -0.006569385 0.1219446 0 0 0 0 1 -0.009626746 0.991236 0.1317526 0 -0.1217414 -0.1319403 0.9837533 0 0.9925152 -0.006569385 0.1219446 0 0 0 0 1 -0.009626805 0.991236 0.1317526 0 -0.1217414 -0.1319403 0.9837535 0 0.9925151 -0.006569266 0.1219446 0 0 0 0 1 -0.009626805 0.9912359 0.1317525 0 -0.1217414 -0.1319403 0.9837532 0 0.992515 -0.006569325 0.1219446 0 0 0 0 1 -0.009626686 0.991236 0.1317525 0 -0.1217414 -0.1319403 0.9837535 0 0.9925151 -0.006569325 0.1219446 0 0 0 0 1 -0.009626746 0.991236 0.1317526 0 -0.1217414 -0.1319403 0.9837535 0 0.9925152 -0.006569385 0.1219446 0 0 0 0 1 -0.009626746 0.991236 0.1317526 0 -0.1217414 -0.1319403 0.9837534 0 0.9925152 -0.006569385 0.1219447 0 0 0 0 1 -0.009626746 0.991236 0.1317526 0 -0.1217414 -0.1319403 0.9837534 0 0.9925153 -0.006569385 0.1219446 0 0 0 0 1 -0.009626746 0.991236 0.1317525 0 -0.1217414 -0.1319403 0.9837535 0 0.9925152 -0.006569385 0.1219446 0 0 0 0 1 -0.009626746 0.9912361 0.1317526 0 -0.1217414 -0.1319403 0.9837535 0 0.9925152 -0.006569325 0.1219446 0 0 0 0 1 -0.009626746 0.9912359 0.1317526 0 -0.1217414 -0.1319403 0.9837535 0 0.9925152 -0.006569445 0.1219446 0 0 0 0 1 -0.009626746 0.9912359 0.1317526 0 -0.1217414 -0.1319403 0.9837534 0 0.9925152 -0.006569385 0.1219446 0 0 0 0 1 -0.009626746 0.9912359 0.1317525 0 -0.1217414 -0.1319403 0.9837534 0 0.9925152 -0.006569385 0.1219446 0 0 0 0 1 -0.009626686 0.9912359 0.1317526 0 -0.1217414 -0.1319403 0.9837534 0 0.9925151 -0.006569385 0.1219446 0 0 0 0 1 -0.009626746 0.9912359 0.1317526 0 -0.1217414 -0.1319403 0.9837535 0 0.9925152 -0.006569385 0.1219446 0 0 0 0 1 -0.009626746 0.9912359 0.1317525 0 -0.1217414 -0.1319403 0.9837534 0 0.9925152 -0.006569385 0.1219446 0 0 0 0 1 -0.009626746 0.9912359 0.1317525 0 -0.1217414 -0.1319403 0.9837533 0 0.9925152 -0.006569385 0.1219446 0 0 0 0 1 -0.009626686 0.9912358 0.1317525 0 -0.1217414 -0.1319403 0.9837534 0 0.9925152 -0.006569385 0.1219446 0 0 0 0 1 -0.009626686 0.9912359 0.1317526 0 -0.1217414 -0.1319403 0.9837536 0 0.9925152 -0.006569385 0.1219446 0 0 0 0 1 -0.009626746 0.9912359 0.1317526 0 -0.1217414 -0.1319403 0.9837533 0 0.9925152 -0.006569385 0.1219446 0 0 0 0 1 -0.009626746 0.9912359 0.1317526 0 -0.1217414 -0.1319403 0.9837533 0 0.9925152 -0.006569385 0.1219446 0 0 0 0 1 -0.009626746 0.9912359 0.1317526 0 -0.1217414 -0.1319403 0.9837533 0 0.9925152 -0.006569385 0.1219446 0 0 0 0 1 -0.009626686 0.9912357 0.1317525 0 -0.1217414 -0.1319403 0.9837534 0 0.9925152 -0.006569385 0.1219446 0 0 0 0 1 -0.009626746 0.9912359 0.1317526 0 -0.1217414 -0.1319403 0.9837533 0 0.9925152 -0.006569385 0.1219446 0 0 0 0 1 -0.009626686 0.9912357 0.1317525 0 -0.1217414 -0.1319403 0.9837534 0 0.9925152 -0.006569385 0.1219446 0 0 0 0 1 -0.009626746 0.9912359 0.1317526 0 -0.1217414 -0.1319403 0.9837533 0 0.9925152 -0.006569385 0.1219446 0 0 0 0 1 -0.009626746 0.9912359 0.1317526 0 -0.1217414 -0.1319403 0.9837533 0 0.9925152 -0.006569385 0.1219446 0 0 0 0 1 -0.009626746 0.9912359 0.1317526 0 -0.1217414 -0.1319403 0.9837533 0 0.9925152 -0.006569385 0.1219446 0 0 0 0 1 -0.009626746 0.991236 0.1317526 0 -0.1217414 -0.1319403 0.9837535 0 0.9925153 -0.006569385 0.1219446 0 0 0 0 1 -0.009626686 0.9912358 0.1317525 0 -0.1217414 -0.1319403 0.9837534 0 0.9925151 -0.006569385 0.1219446 0 0 0 0 1 -0.009626686 0.9912359 0.1317525 0 -0.1217414 -0.1319403 0.9837535 0 0.9925153 -0.006569385 0.1219446 0 0 0 0 1 -0.009626746 0.9912359 0.1317526 0 -0.1217414 -0.1319403 0.9837535 0 0.9925152 -0.006569385 0.1219446 0 0 0 0 1 -0.009626746 0.9912359 0.1317526 0 -0.1217414 -0.1319403 0.9837533 0 0.9925152 -0.006569385 0.1219446 0 0 0 0 1 -0.009635865 0.9912307 0.1317905 0 -0.1217795 -0.1319788 0.9837435 0 0.9925102 -0.0065701 0.1219833 0 0 0 0 1 -0.009662687 0.9912157 0.1319015 0 -0.121891 -0.1320915 0.9837146 0 0.9924964 -0.006572246 0.1220967 0 0 0 0 1 -0.009706139 0.9911915 0.1320812 0 -0.1220717 -0.132274 0.9836677 0 0.9924739 -0.006575703 0.1222803 0 0 0 0 1 -0.009765386 0.9911582 0.1323257 0 -0.1223174 -0.1325222 0.9836038 0 0.9924431 -0.006580471 0.12253 0 0 0 0 1 -0.009839236 0.9911167 0.1326304 0 -0.1226236 -0.1328317 0.9835238 0 0.9924044 -0.006586492 0.1228412 0 0 0 0 1</float_array>
        <technique_common>
          <accessor source="#node-Bip01_Pelvis_matrix-output-array" count="51" stride="16">
            <param name="TRANSFORM" type="float4x4"/>
          </accessor>
        </technique_common>
      </source>
      <source id="node-Bip01_Pelvis_matrix-interpolation">
        <Name_array id="node-Bip01_Pelvis_matrix-interpolation-array" count="51">LINEAR LINEAR LINEAR LINEAR LINEAR LINEAR LINEAR LINEAR LINEAR LINEAR LINEAR LINEAR LINEAR LINEAR LINEAR LINEAR LINEAR LINEAR LINEAR LINEAR LINEAR LINEAR LINEAR LINEAR LINEAR LINEAR LINEAR LINEAR LINEAR LINEAR LINEAR LINEAR LINEAR LINEAR LINEAR LINEAR LINEAR LINEAR LINEAR LINEAR LINEAR LINEAR LINEAR LINEAR LINEAR LINEAR LINEAR LINEAR LINEAR LINEAR LINEAR</Name_array>
        <technique_common>
          <accessor source="#node-Bip01_Pelvis_matrix-interpolation-array" count="51" stride="1">
