<?xml version="1.0" encoding="utf-8"?>
<COLLADA xmlns="http://www.collada.org/2005/11/COLLADASchema" version="1.4.1">
  <asset>
    <contributor>
      <author>MattO</author>
      <authoring_tool>OpenCOLLADA for 3ds Max;  Version: 1.3.0;  Revision: 839M;  Platform: x64;  Configuration: Release_Max2012</authoring_tool>
      <source_data>file:///C:/Dropbox/Prj/GGStout/Turret/TP_ProxMine_PlayerAnims.max</source_data>
    </contributor>
    <created>2011-09-30T17:59:49</created>
    <modified>2011-09-30T17:59:49</modified>
    <unit name="meter" meter="1"/>
    <up_axis>Z_UP</up_axis>
  </asset>
  <library_effects>
    <effect id="ShapeBounds">
      <profile_COMMON>
        <technique sid="common">
          <blinn>
            <emission>
              <color>0 0 0 1</color>
            </emission>
            <ambient>
              <color>0.1647059 1 0 1</color>
            </ambient>
            <diffuse>
              <color>0.1647059 1 0 1</color>
            </diffuse>
            <specular>
              <color>0.9 0.9 0.9 1</color>
            </specular>
            <shininess>
              <float>10</float>
            </shininess>
            <reflective>
              <color>0 0 0 1</color>
            </reflective>
            <transparent opaque="A_ONE">
              <color>1 1 1 1</color>
            </transparent>
            <transparency>
              <float>1</float>
            </transparency>
          </blinn>
        </technique>
      </profile_COMMON>
      <extra>
        <technique profile="OpenCOLLADA3dsMax">
          <extended_shader>
            <apply_reflection_dimming>0</apply_reflection_dimming>
            <dim_level>0</dim_level>
            <falloff_type>0</falloff_type>
            <index_of_refraction>1.5</index_of_refraction>
            <opacity_type>0</opacity_type>
            <reflection_level>3</reflection_level>
            <wire_size>1</wire_size>
            <wire_units>0</wire_units>
          </extended_shader>
          <shader>
            <ambient_diffuse_lock>1</ambient_diffuse_lock>
            <ambient_diffuse_texture_lock>1</ambient_diffuse_texture_lock>
            <diffuse_specular_lock>0</diffuse_specular_lock>
            <soften>0.1</soften>
            <use_self_illum_color>0</use_self_illum_color>
          </shader>
        </technique>
      </extra>
    </effect>
  </library_effects>
  <library_materials>
    <material id="ShapeBounds-material" name="ShapeBounds">
      <instance_effect url="#ShapeBounds"/>
    </material>
  </library_materials>
  <library_geometries>
    <geometry id="geom-Bounds" name="Bounds">
      <mesh>
        <source id="geom-Bounds-positions">
          <float_array id="geom-Bounds-positions-array" count="24">-0.425 -0.425 0 0.425 -0.425 0 -0.425 0.425 0 0.425 0.425 0 -0.425 -0.425 1.84 0.425 -0.425 1.84 -0.425 0.425 1.84 0.425 0.425 1.84</float_array>
          <technique_common>
            <accessor source="#geom-Bounds-positions-array" count="8" stride="3">
              <param name="X" type="float"/>
              <param name="Y" type="float"/>
              <param name="Z" type="float"/>
            </accessor>
          </technique_common>
        </source>
        <source id="geom-Bounds-normals">
          <float_array id="geom-Bounds-normals-array" count="72">0 0 -1 0 0 -1 0 0 -1 0 0 -1 0 0 1 0 0 1 0 0 1 0 0 1 0 -1 0 0 -1 0 0 -1 0 0 -1 0 1 0 0 1 0 0 1 0 0 1 0 0 0 1 0 0 1 0 0 1 0 0 1 0 -1 0 0 -1 0 0 -1 0 0 -1 0 0</float_array>
          <technique_common>
            <accessor source="#geom-Bounds-normals-array" count="24" stride="3">
              <param name="X" type="float"/>
              <param name="Y" type="float"/>
              <param name="Z" type="float"/>
            </accessor>
          </technique_common>
        </source>
        <source id="geom-Bounds-map1">
          <float_array id="geom-Bounds-map1-array" count="36">0 0 0 1 0 0 0 1 0 1 1 0 0 0 0 1 0 0 0 1 0 1 1 0 0 0 0 1 0 0 0 1 0 1 1 0</float_array>
          <technique_common>
            <accessor source="#geom-Bounds-map1-array" count="12" stride="3">
              <param name="S" type="float"/>
              <param name="T" type="float"/>
              <param name="P" type="float"/>
            </accessor>
          </technique_common>
        </source>
        <vertices id="geom-Bounds-vertices">
          <input semantic="POSITION" source="#geom-Bounds-positions"/>
        </vertices>
        <triangles material="ShapeBounds" count="12">
          <input semantic="VERTEX" source="#geom-Bounds-vertices" offset="0"/>
          <input semantic="NORMAL" source="#geom-Bounds-normals" offset="1"/>
          <input semantic="TEXCOORD" source="#geom-Bounds-map1" offset="2" set="0"/>
          <p>0 0 9 2 1 11 3 2 10 3 2 10 1 3 8 0 0 9 4 4 8 5 5 9 7 6 11 7 6 11 6 7 10 4 4 8 0 8 4 1 9 5 5 10 7 5 10 7 4 11 6 0 8 4 1 12 0 3 13 1 7 14 3 7 14 3 5 15 2 1 12 0 3 16 4 2 17 5 6 18 7 6 18 7 7 19 6 3 16 4 2 20 0 0 21 1 4 22 3 4 22 3 6 23 2 2 20 0</p>
        </triangles>
      </mesh>
      <extra>
        <technique profile="OpenCOLLADA3dsMax">
          <max_box>
            <generateuvs>1</generateuvs>
            <height>1.84</height>
            <heightsegments>1</heightsegments>
            <length>0.85</length>
            <lengthsegments>1</lengthsegments>
            <width>0.85</width>
            <widthsegments>1</widthsegments>
          </max_box>
        </technique>
      </extra>
    </geometry>
  </library_geometries>
  <library_lights>
    <light id="EnvironmentAmbientLight" name="EnvironmentAmbientLight">
      <technique_common>
        <ambient>
          <color>0 0 0</color>
        </ambient>
      </technique_common>
    </light>
  </library_lights>
  <library_visual_scenes>
    <visual_scene id="MaxScene">
      <node name="EnvironmentAmbientLight">
        <instance_light url="#EnvironmentAmbientLight"/>
      </node>
      <node id="node-Bip01" name="Bip01">
        <matrix sid="matrix">0.7792375 -0.6267175 0.003750234 -8.10623e-5 0.626718 0.7792453 0.001183394 0.009366653 -0.003664005 0.001428194 0.9999923 0.8592638 0 0 0 1</matrix>
        <node id="node-Bip01_Pelvis" name="Bip01_Pelvis">
          <matrix sid="matrix">-0.009625616 0.7380825 -0.6746418 0 -0.121741 0.6687893 0.7334167 0 0.9925152 0.08919113 0.08341738 0 0 0 0 1</matrix>
          <node id="node-Bip01_Spine" name="Bip01_Spine">
            <matrix sid="matrix">0.9740031 -0.1713635 -0.1481636 0.1975133 0.2079841 0.9356682 0.2850752 0.03733949 0.08978043 -0.3084798 0.9469845 -0.001310393 0 0 0 1</matrix>
            <node id="node-Bip01_Spine1" name="Bip01_Spine1">
              <matrix sid="matrix">0.9940996 -0.1082492 -0.006932089 0.1022409 0.1067967 0.9879402 -0.1121099 -9.98154e-5 0.01898431 0.1107081 0.9936718 -1.1187e-5 0 0 0 1</matrix>
              <node id="node-Bip01_Spine2" name="Bip01_Spine2">
                <matrix>0.983237 -0.177375 0.04222758 0.1268963 0.1810741 0.9770653 -0.1120531 -1.67325e-4 -0.02138369 0.1178211 0.9928047 -2.01687e-5 0 0 0 1</matrix>
                <node id="node-Bip01_Neck" name="Bip01_Neck">
                  <matrix>0.9021776 -0.4308737 0.02058497 0.2151072 0.4312887 0.9018876 -0.02426415 -4.97401e-5 -0.008110587 0.03076864 0.9994937 -1.69501e-6 0 0 0 1</matrix>
                  <node id="node-Bip01_Head" name="Bip01_Head">
                    <matrix sid="matrix">0.8383279 0.5202501 -0.162929 0.07051814 -0.5361001 0.8409863 -0.07306488 -0.01395917 0.0990091 0.1485986 0.9839286 -7.45058e-9 0 0 0 1</matrix>
                    <node id="node-ALTEYE" name="ALTEYE">
                      <matrix>0.02345617 0.2813332 0.9593239 0.06454694 0.04894472 0.9581139 -0.2821751 0.221461 -0.9985261 0.05357213 0.008703768 0.04716256 0 0 0 1</matrix>
                    </node>
                  </node>
                  <node id="node-Bip01_L_Clavicle" name="Bip01_L_Clavicle">
                    <matrix>-0.3164032 -0.4320402 0.8445294 -0.02496195 0.2105159 -0.9000474 -0.381572 -0.01206517 0.9249713 0.05705629 0.3757294 0.06855242 0 0 0 1</matrix>
                    <node id="node-Bip01_L_UpperArm" name="Bip01_L_UpperArm">
                      <matrix sid="matrix">0.5565023 0.2814009 0.7817406 0.1824007 -0.4056005 0.9131759 -0.03997613 2.98023e-8 -0.7251164 -0.2948276 0.6223208 1.19209e-7 0 0 0 1</matrix>
                      <node id="node-Bip01_L_Forearm" name="Bip01_L_Forearm">
                        <matrix sid="matrix">-0.04374474 0.9990427 2.98023e-8 0.284369 -0.9990428 -0.04374475 -2.32831e-8 -2.6077e-8 1.21072e-8 0 1 0 0 0 0 1</matrix>
                        <node id="node-Bip01_L_Hand" name="Bip01_L_Hand">
                          <matrix sid="matrix">0.9908206 0.07149142 -0.1147334 0.281068 0.1216038 -0.1006002 0.9874676 0 0.05905326 -0.9923551 -0.1083704 5.96046e-8 0 0 0 1</matrix>
                          <node id="node-Bip01_L_Finger0" name="Bip01_L_Finger0">
                            <matrix>0.345179 0.6252525 0.6999362 0.02119675 0.5973265 0.4288769 -0.6776915 -0.004734278 -0.7239147 0.6520153 -0.2254407 -0.02572191 0 0 0 1</matrix>
                            <node id="node-Bip01_L_Finger01" name="Bip01_L_Finger01">
                              <matrix>0.9455186 -0.325568 -1.49012e-8 0.04982853 0.3255681 0.9455187 -2.98023e-8 0 4.47035e-8 -2.98023e-8 1 0 0 0 0 1</matrix>
                              <node id="node-Bip01_L_Finger02" name="Bip01_L_Finger02">
                                <matrix>0.9203135 0.3911815 0 0.05202237 -0.3911815 0.9203135 0 -5.96046e-8 0 2.98023e-8 1 -5.96046e-8 0 0 0 1</matrix>
                              </node>
                            </node>
                          </node>
                          <node id="node-Bip01_L_Finger1" name="Bip01_L_Finger1">
                            <matrix>0.9541454 -0.2819768 -0.1004766 0.1199946 0.2718616 0.9567645 -0.1034069 -0.008367538 0.1252908 0.07134955 0.9895511 -0.04101396 0 0 0 1</matrix>
                            <node id="node-Bip01_L_Finger11" name="Bip01_L_Finger11">
                              <matrix>0.9363124 -0.3511682 0 0.03644168 0.3511682 0.9363125 -1.49012e-8 0 2.98023e-8 0 1 1.19209e-7 0 0 0 1</matrix>
                              <node id="node-Bip01_L_Finger12" name="Bip01_L_Finger12">
                                <matrix>0.7785826 -0.6275421 0 0.03117548 0.627542 0.7785826 -1.49012e-8 -5.96046e-8 -2.98023e-8 2.23517e-8 1 -1.19209e-7 0 0 0 1</matrix>
                              </node>
                            </node>
                          </node>
                          <node id="node-Bip01_L_Finger2" name="Bip01_L_Finger2">
                            <matrix>0.7812487 -0.6233677 -0.03260919 0.1229537 0.6235425 0.7769018 0.08728346 -0.008802056 -0.02907553 -0.08852329 0.9956496 -0.01328254 0 0 0 1</matrix>
                            <node id="node-Bip01_L_Finger21" name="Bip01_L_Finger21">
                              <matrix>0.7620707 -0.6474938 1.49012e-8 0.03895521 0.6474938 0.7620707 -2.79397e-9 -5.96046e-8 1.49012e-8 -7.45058e-9 1 -1.19209e-7 0 0 0 1</matrix>
                              <node id="node-Bip01_L_Finger22" name="Bip01_L_Finger22">
                                <matrix>0.9762959 -0.2164397 0 0.03800538 0.2164396 0.9762959 -7.45058e-9 -5.96046e-8 -1.49012e-8 1.49012e-8 0.9999999 0 0 0 0 1</matrix>
                              </node>
                            </node>
                          </node>
                          <node id="node-Bip01_L_Finger3" name="Bip01_L_Finger3">
                            <matrix>0.4124631 -0.9064789 -0.09038848 0.1211881 0.9061531 0.3980612 0.1429456 -0.001191288 -0.09359701 -0.1408656 0.9855945 0.01196861 0 0 0 1</matrix>
                            <node id="node-Bip01_L_Finger31" name="Bip01_L_Finger31">
                              <matrix>0.9381478 -0.3462351 -7.45058e-9 0.03155844 0.3462351 0.9381478 0 1.78814e-7 -7.45058e-9 1.49012e-8 0.9999999 0 0 0 0 1</matrix>
                              <node id="node-Bip01_L_Finger32" name="Bip01_L_Finger32">
                                <matrix>0.9636304 -0.2672384 3.72529e-9 0.03366596 0.2672384 0.9636304 0 -5.96046e-8 -4.65661e-10 -4.47035e-8 1 1.19209e-7 0 0 0 1</matrix>
                              </node>
                            </node>
                          </node>
                          <node id="node-Bip01_L_Finger4" name="Bip01_L_Finger4">
                            <matrix>0.07120571 -0.9696805 0.2337718 0.1136797 0.9750153 0.1171045 0.1887629 0.005147398 -0.2104154 0.2144901 0.953792 0.03886569 0 0 0 1</matrix>
                            <node id="node-Bip01_L_Finger41" name="Bip01_L_Finger41">
                              <matrix>0.9790112 -0.203807 0 0.03661627 0.2038069 0.9790112 -1.49012e-8 5.96046e-8 1.39698e-9 -4.47035e-8 1 -1.19209e-7 0 0 0 1</matrix>
                              <node id="node-Bip01_L_Finger42" name="Bip01_L_Finger42">
                                <matrix>0.9645151 0.2640275 2.32831e-9 0.01772633 -0.2640274 0.9645153 0 0 -3.72529e-9 -1.49012e-8 1 0 0 0 0 1</matrix>
                              </node>
                            </node>
                          </node>
                        </node>
                      </node>
                    </node>
                  </node>
                  <node id="node-Bip01_R_Clavicle" name="Bip01_R_Clavicle">
                    <matrix>-0.3137373 -0.4318158 -0.845638 -0.02385318 0.06845212 -0.8985736 0.4334505 -0.01627064 -0.9470391 0.07810396 0.3114749 -0.06807298 0 0 0 1</matrix>
                    <node id="node-Bip01_R_UpperArm" name="Bip01_R_UpperArm">
                      <matrix sid="matrix">0.3939219 0.6653782 -0.6341114 0.1824007 -0.7359163 0.6416519 0.2161255 0 0.5506843 0.3815164 0.7424234 0 0 0 0 1</matrix>
                      <node id="node-Bip01_R_Forearm" name="Bip01_R_Forearm">
                        <matrix sid="matrix">0.2253146 0.974286 -2.98023e-8 0.2843689 -0.974286 0.2253146 7.45058e-9 0 3.35276e-8 -8.9407e-8 1 0 0 0 0 1</matrix>
                        <node id="node-Bip01_R_Hand" name="Bip01_R_Hand">
                          <matrix sid="matrix">0.9552305 0.2958172 0.005200692 0.281068 0.09340913 -0.2848576 -0.9540079 -5.96046e-8 -0.2807305 0.9117831 -0.2997366 -1.19209e-7 0 0 0 1</matrix>
                          <node id="node-Bip01_R_Finger0" name="Bip01_R_Finger0">
                            <matrix>0.466874 0.3554854 -0.8097275 0.02119672 0.6514513 0.4809566 0.5867638 -0.004734278 0.5980297 -0.801443 -0.007035464 0.02572191 0 0 0 1</matrix>
                            <node id="node-Bip01_R_Finger01" name="Bip01_R_Finger01">
                              <matrix>0.8647896 -0.4978737 0.06527569 0.04982853 0.4938731 0.8668279 0.06854741 0 -0.09071085 -0.02704116 0.9955102 5.96046e-8 0 0 0 1</matrix>
                              <node id="node-Bip01_R_Finger02" name="Bip01_R_Finger02">
                                <matrix>0.8489718 0.5284382 2.42144e-8 0.0520224 -0.5284383 0.8489718 0 0 2.98023e-8 -5.21541e-8 1 0 0 0 0 1</matrix>
                              </node>
                            </node>
                          </node>
                          <node id="node-Bip01_R_Finger1" name="Bip01_R_Finger1">
                            <matrix>0.9820225 -0.1733427 -0.07472669 0.1199945 0.1795577 0.9799358 0.08651493 -0.008367538 0.05823063 -0.09837732 0.9934441 0.04101372 0 0 0 1</matrix>
                            <node id="node-Bip01_R_Finger11" name="Bip01_R_Finger11">
                              <matrix>0.9425992 -0.3339258 0 0.0364418 0.3339258 0.9425994 0 0 -2.98023e-8 -1.49012e-8 1 0 0 0 0 1</matrix>
                              <node id="node-Bip01_R_Finger12" name="Bip01_R_Finger12">
                                <matrix>0.9832969 -0.181085 0.01831834 0.03117549 0.181519 0.9830508 -0.02573051 0 -0.01334843 0.02862583 0.999501 0 0 0 0 1</matrix>
                              </node>
                            </node>
                          </node>
                          <node id="node-Bip01_R_Finger2" name="Bip01_R_Finger2">
                            <matrix>0.9536398 -0.3009501 -1.52104e-4 0.1229537 0.3006933 0.9528466 -0.04082684 -0.008802027 0.0124318 0.03888837 0.9991662 0.01328242 0 0 0 1</matrix>
                            <node id="node-Bip01_R_Finger21" name="Bip01_R_Finger21">
                              <matrix>0.9579763 -0.2847232 -0.03484873 0.03895521 0.2827407 0.9577504 -0.05265062 -2.98023e-8 0.04836719 0.04058489 0.9980049 0 0 0 0 1</matrix>
                              <node id="node-Bip01_R_Finger22" name="Bip01_R_Finger22">
                                <matrix>0.9719918 -0.234256 0.01886611 0.03800541 0.2315868 0.9683846 0.09272985 0 -0.03999218 -0.08576353 0.9955124 0 0 0 0 1</matrix>
                              </node>
                            </node>
                          </node>
                          <node id="node-Bip01_R_Finger3" name="Bip01_R_Finger3">
                            <matrix>0.942517 -0.3272582 0.06755454 0.1211882 0.3338162 0.9129714 -0.234627 -0.001191169 0.01510825 0.2436908 0.9697353 -0.01196861 0 0 0 1</matrix>
                            <node id="node-Bip01_R_Finger31" name="Bip01_R_Finger31">
                              <matrix>0.6606858 -0.7494742 0.04222351 0.03155839 0.7450768 0.6615804 0.08468725 4.47035e-8 -0.09140519 -0.02449192 0.9955125 1.19209e-7 0 0 0 1</matrix>
                              <node id="node-Bip01_R_Finger32" name="Bip01_R_Finger32">
                                <matrix>0.8335402 -0.5515912 -0.03095102 0.03366598 0.5520073 0.8338156 0.006297085 -5.96046e-8 0.02233402 -0.02233406 0.9995011 0 0 0 0 1</matrix>
                              </node>
                            </node>
                          </node>
                          <node id="node-Bip01_R_Finger4" name="Bip01_R_Finger4">
                            <matrix>0.7372702 -0.6748958 -0.03078972 0.1136796 0.6745099 0.7379035 -0.02312397 0.005147487 0.0383261 -0.00371936 0.9992583 -0.03886569 0 0 0 1</matrix>
                            <node id="node-Bip01_R_Finger41" name="Bip01_R_Finger41">
                              <matrix>0.4202556 -0.9064696 0.0412062 0.03661621 0.9068531 0.4211511 0.01578785 5.96046e-8 -0.03166523 0.03073303 0.999026 -1.19209e-7 0 0 0 1</matrix>
                              <node id="node-Bip01_R_Finger42" name="Bip01_R_Finger42">
                                <matrix>0.402447 -0.9138246 -0.05441484 0.01772633 0.915423 0.4021218 0.01728318 5.96046e-8 0.006087609 -0.05676816 0.9983689 1.19209e-7 0 0 0 1</matrix>
                              </node>
                            </node>
                          </node>
                          <node id="node-MOUNT0" name="MOUNT0">
                            <matrix>-6.11413e-7 1 1.49012e-8 0.109539 -1 -6.54254e-7 4.76837e-7 0.0251826 4.73112e-7 -7.45058e-9 1 0.01321661 0 0 0 1</matrix>
                          </node>
                        </node>
                      </node>
                    </node>
                  </node>
                </node>
                <node id="node-Bip01_L_Pauldron_Upper" name="Bip01_L_Pauldron_Upper">
                  <matrix>0.9726136 0.118285 0.2000785 0.176903 0.1284547 -0.9909647 -0.03858756 -0.03908369 0.1937064 0.06323183 -0.97902 0.2290199 0 0 0 1</matrix>
                </node>
                <node id="node-Bip01_R_Pauldron_Lower" name="Bip01_R_Pauldron_Lower">
                  <matrix sid="matrix">-0.3436331 -0.7757342 -0.5292951 0.1906282 0.7213452 -0.578921 0.3801478 -0.1308313 -0.6013133 -0.2511732 0.7585082 -0.2272985 0 0 0 1</matrix>
                </node>
                <node id="node-Bip01_L_Pauldron_Lower" name="Bip01_L_Pauldron_Lower">
                  <matrix sid="matrix">-0.6963175 -0.3999607 0.5959647 0.1906878 0.2072264 -0.907012 -0.3665883 -0.05679908 0.6871678 -0.1317622 0.7144504 0.2611732 0 0 0 1</matrix>
                </node>
              </node>
            </node>
            <node id="node-Bip01_L_Thigh" name="Bip01_L_Thigh">
              <matrix sid="matrix">-0.9549922 0.278597 0.1018506 -0.1885812 0.2964743 0.9076087 0.2972363 -0.04082186 -0.00963144 0.3140544 -0.9493563 0.1405884 0 0 0 1</matrix>
              <node id="node-Bip01_L_Calf" name="Bip01_L_Calf">
                <matrix sid="matrix">0.6010419 0.7992178 -7.45058e-9 0.4629988 -0.7992178 0.6010417 9.31323e-9 0 8.9407e-8 -6.70552e-8 1 -1.49012e-8 0 0 0 1</matrix>
                <node id="node-Bip01_L_Foot" name="Bip01_L_Foot">
                  <matrix sid="matrix">0.7150254 -0.698859 -0.01828591 0.3610501 0.6898275 0.7010565 0.1807138 -5.96046e-8 -0.1134741 -0.1418291 0.9833656 -3.72529e-9 0 0 0 1</matrix>
                  <node id="node-Bip01_L_Toe0" name="Bip01_L_Toe0">
                    <matrix sid="matrix">-1.16881e-7 -1 7.92556e-7 0.1486307 1 -1.16648e-7 -5.06843e-7 0.1543275 5.06701e-7 7.91624e-7 1 1.49012e-8 0 0 0 1</matrix>
                  </node>
                </node>
              </node>
            </node>
            <node id="node-Bip01_R_Thigh" name="Bip01_R_Thigh">
              <matrix sid="matrix">-0.4489109 0.8923533 -0.04674041 -0.2114725 0.8911761 0.4509235 0.04973003 0.03783173 0.06545305 -0.01932965 -0.9976686 -0.1008672 0 0 0 1</matrix>
              <node id="node-Bip01_R_Calf" name="Bip01_R_Calf">
                <matrix sid="matrix">-0.09656084 0.9953271 -1.21072e-8 0.4629987 -0.9953271 -0.09656084 -3.07336e-8 0 1.95578e-8 -2.79397e-9 1 0 0 0 0 1</matrix>
                <node id="node-Bip01_R_Foot" name="Bip01_R_Foot">
                  <matrix sid="matrix">0.9795611 0.1840264 0.0812057 0.3610501 -0.195663 0.9653799 0.1725036 -2.98023e-8 -0.04664909 -0.1848668 0.9816557 1.49012e-8 0 0 0 1</matrix>
                  <node id="node-Bip01_R_Toe0" name="Bip01_R_Toe0">
                    <matrix sid="matrix">-0.3051539 -0.9472734 0.09774533 0.1486306 0.9517195 -0.3069487 -0.003514022 0.1543275 0.0333315 0.09195386 0.9952053 -7.45058e-9 0 0 0 1</matrix>
                  </node>
                </node>
              </node>
            </node>
          </node>
          <node id="node-Bip01_FannyPack" name="Bip01_FannyPack">
            <matrix>-0.9629918 -0.2062316 0.1735378 0.2299506 -0.2083318 0.9780384 0.006226967 -0.1378937 -0.1710108 -0.03015691 -0.9848076 0.01013963 0 0 0 1</matrix>
          </node>
        </node>
        <node id="node-EYE" name="EYE">
          <matrix sid="matrix">0.7792377 0.626718 -0.00366393 0.05961524 -0.6267175 0.7792451 0.001428364 0.07226415 0.003750281 0.001183155 0.999992 0.7111314 0 0 0 1</matrix>
          <node id="node-CAM" name="CAM">
            <matrix>1 -6.03104e-8 0 4.84288e-8 6.03104e-8 1 -2.32832e-9 -0.104 0 2.32831e-9 1 0.3005601 0 0 0 1</matrix>
          </node>
        </node>
      </node>
      <node id="node-Bounds" name="Bounds">
        <matrix>0.9999915 0.001706907 0.003750479 0 -0.001711356 0.9999978 0.001183292 0.1035326 -0.003748452 -0.0011897 0.9999923 -8.93474e-5 0 0 0 1</matrix>
        <instance_geometry url="#geom-Bounds">
          <bind_material>
            <technique_common>
              <instance_material symbol="ShapeBounds" target="#ShapeBounds-material"/>
            </technique_common>
          </bind_material>
        </instance_geometry>
      </node>
    </visual_scene>
  </library_visual_scenes>
  <library_animations>
    <animation>
      <source id="node-Bip01_matrix-input">
        <float_array id="node-Bip01_matrix-input-array" count="21">8 8.033334 8.066667 8.1 8.133333 8.166667 8.2 8.233334 8.266666 8.3 8.333333 8.366667 8.4 8.433333 8.466666 8.5 8.533334 8.566667 8.6 8.633333 8.666667</float_array>
        <technique_common>
          <accessor source="#node-Bip01_matrix-input-array" count="21" stride="1">
            <param name="TIME" type="float"/>
          </accessor>
        </technique_common>
      </source>
      <source id="node-Bip01_matrix-output">
        <float_array id="node-Bip01_matrix-output-array" count="336">0.7792375 -0.6267175 0.003750205 -8.10623e-5 0.626718 0.7792453 0.00118339 0.009366631 -0.003663957 0.001428186 0.9999923 0.8592638 0 0 0 1 0.7792375 -0.6267175 0.003750205 -6.55012e-5 0.626718 0.7792453 0.00118339 0.009366631 -0.003663957 0.001428186 0.9999923 0.8491089 0 0 0 1 0.7792375 -0.6267175 0.003750205 -4.18179e-5 0.626718 0.7792453 0.00118339 0.009366631 -0.003663957 0.001428186 0.9999923 0.8360091 0 0 0 1 0.7792375 -0.6267175 0.003750205 -1.74911e-5 0.626718 0.7792453 0.00118339 0.009366631 -0.003663957 0.001428186 0.9999923 0.8250426 0 0 0 1 0.7792375 -0.6267175 0.003750205 0 0.626718 0.7792453 0.00118339 0.009366631 -0.003663957 0.001428186 0.9999923 0.8212879 0 0 0 1 0.7792375 -0.6267176 0.003750205 5.14681e-6 0.6267181 0.7792452 0.00118339 0.009366631 -0.003663957 0.001428186 0.9999923 0.8336182 0 0 0 1 0.7792375 -0.6267176 0.003750205 2.57341e-6 0.6267181 0.7792452 0.00118339 0.009366631 -0.003663957 0.001428186 0.9999923 0.8557597 0 0 0 1 0.7792375 -0.6267175 0.003750205 0 0.626718 0.7792453 0.00118339 0.009366631 -0.003663957 0.001428186 0.9999923 0.8700709 0 0 0 1 0.7792375 -0.6267175 0.003750205 0 0.626718 0.7792453 0.00118339 0.009366631 -0.003663957 0.001428186 0.9999923 0.867996 0 0 0 1 0.7792375 -0.6267175 0.003750205 0 0.626718 0.7792453 0.00118339 0.009366631 -0.003663957 0.001428186 0.9999923 0.8580906 0 0 0 1 0.7792375 -0.6267175 0.003750205 0 0.626718 0.7792453 0.00118339 0.009366631 -0.003663957 0.001428186 0.9999923 0.8483803 0 0 0 1 0.7792375 -0.6267175 0.003750205 0 0.626718 0.7792453 0.00118339 0.009366631 -0.003663957 0.001428186 0.9999923 0.8390628 0 0 0 1 0.7792375 -0.6267175 0.003750205 0 0.626718 0.7792453 0.00118339 0.009366631 -0.003663957 0.001428186 0.9999923 0.82994 0 0 0 1 0.7792375 -0.6267175 0.003750205 0 0.626718 0.7792453 0.00118339 0.009366631 -0.003663957 0.001428186 0.9999923 0.828444 0 0 0 1 0.7792375 -0.6267175 0.003750205 2.57339e-6 0.626718 0.7792453 0.00118339 0.009366631 -0.003663957 0.001428186 0.9999923 0.8422292 0 0 0 1 0.7792375 -0.6267175 0.003750205 5.14681e-6 0.626718 0.7792453 0.00118339 0.009366631 -0.003663957 0.001428186 0.9999923 0.8636415 0 0 0 1 0.7792375 -0.6267175 0.003750205 0 0.626718 0.7792453 0.00118339 0.009366631 -0.003663957 0.001428186 0.9999923 0.877148 0 0 0 1 0.7792375 -0.6267175 0.003750205 -1.74911e-5 0.626718 0.7792453 0.00118339 0.009366631 -0.003663957 0.001428186 0.9999923 0.8771594 0 0 0 1 0.7792375 -0.6267175 0.003750205 -4.18179e-5 0.626718 0.7792453 0.00118339 0.009366631 -0.003663957 0.001428186 0.9999923 0.8712961 0 0 0 1 0.7792375 -0.6267175 0.003750205 -6.55012e-5 0.626718 0.7792453 0.00118339 0.009366631 -0.003663957 0.001428186 0.9999923 0.8638418 0 0 0 1 0.7792375 -0.6267175 0.003750205 -8.10623e-5 0.626718 0.7792453 0.00118339 0.009366631 -0.003663957 0.001428186 0.9999923 0.8590803 0 0 0 1</float_array>
        <technique_common>
          <accessor source="#node-Bip01_matrix-output-array" count="21" stride="16">
            <param name="TRANSFORM" type="float4x4"/>
          </accessor>
        </technique_common>
      </source>
      <source id="node-Bip01_matrix-interpolation">
        <Name_array id="node-Bip01_matrix-interpolation-array" count="21">LINEAR LINEAR LINEAR LINEAR LINEAR LINEAR LINEAR LINEAR LINEAR LINEAR LINEAR LINEAR LINEAR LINEAR LINEAR LINEAR LINEAR LINEAR LINEAR LINEAR LINEAR</Name_array>
        <technique_common>
          <accessor source="#node-Bip01_matrix-interpolation-array" count="21" stride="1">
            <param name="INTERPOLATION" type="name"/>
          </accessor>
        </technique_common>
      </source>
      <source id="node-Bip01_Pelvis_matrix-input">
        <float_array id="node-Bip01_Pelvis_matrix-input-array" count="21">8 8.033334 8.066667 8.1 8.133333 8.166667 8.2 8.233334 8.266666 8.3 8.333333 8.366667 8.4 8.433333 8.466666 8.5 8.533334 8.566667 8.6 8.633333 8.666667</float_array>
        <technique_common>
          <accessor source="#node-Bip01_Pelvis_matrix-input-array" count="21" stride="1">
            <param name="TIME" type="float"/>
          </accessor>
        </technique_common>
      </source>
      <source id="node-Bip01_Pelvis_matrix-output">
        <float_array id="node-Bip01_Pelvis_matrix-output-array" count="336">-0.009625613 0.7380825 -0.6746418 0 -0.1217409 0.6687893 0.7334167 0 0.9925152 0.08919113 0.08341735 0 0 0 0 1 -0.005768179 0.690244 -0.7235538 0 -0.1052898 0.7191246 0.6868581 0 0.9944248 0.0801447 0.06852751 0 0 0 0 1 -0.001785814 0.6491638 -0.7606467 0 -0.08350813 0.7578942 0.6470108 0 0.9965054 0.06467562 0.05285692 0 0 0 0 1 0.001974284 0.6153258 -0.7882705 0 -0.0580399 0.7870137 0.6141993 0 0.9983122 0.04453849 0.03726726 0 0 0 0 1 0.005393624 0.5886415 -0.8083763 0 -0.03055489 0.8081076 0.588242 0 0.9995185 0.02152705 0.02234452 0 0 0 0 1 0.008469641 0.5686286 -0.8225508 0 -0.00273627 0.8225903 0.5686278 0 0.9999603 -0.002565324 0.008522927 0 0 0 0 1 0.01122814 0.5545364 -0.8320837 0 0.0237326 0.8317538 0.5546369 0 0.9996552 -0.02597504 -0.003821551 0 0 0 0 1 0.01365906 0.5454418 -0.8380374 0 0.04717785 0.8368307 0.5454252 0 0.998793 -0.04698681 -0.01430243 0 0 0 0 1 0.01567512 0.5403148 -0.841317 0 0.06594228 0.8390299 0.5400746 0 0.9977002 -0.0639441 -0.02247768 0 0 0 0 1 0.01709347 0.5380651 -0.8427299 0 0.07838994 0.8395375 0.537617 0 0.9967761 -0.07525128 -0.02782821 0 0 0 0 1 0.01763957 0.537569 -0.8430353 0 0.08289861 0.839477 0.5370346 0 0.9964018 -0.07935953 -0.02975571 0 0 0 0 1 0.01709347 0.5380651 -0.8427299 0 0.07838988 0.8395375 0.537617 0 0.9967761 -0.07525128 -0.02782821 0 0 0 0 1 0.01567512 0.5403148 -0.8413171 0 0.06594228 0.83903 0.5400746 0 0.9977002 -0.0639441 -0.02247768 0 0 0 0 1 0.01365906 0.5454416 -0.8380376 0 0.04717785 0.8368309 0.5454251 0 0.998793 -0.04698681 -0.01430243 0 0 0 0 1 0.01122814 0.5545364 -0.8320838 0 0.02373254 0.8317539 0.554637 0 0.9996553 -0.02597504 -0.003821492 0 0 0 0 1 0.008469641 0.5686286 -0.822551 0 -0.00273633 0.8225904 0.5686278 0 0.9999604 -0.002565264 0.008522987 0 0 0 0 1 0.005393624 0.5886416 -0.8083761 0 -0.03055495 0.8081074 0.5882421 0 0.9995185 0.02152711 0.02234458 0 0 0 0 1 0.001974284 0.6153258 -0.7882705 0 -0.05803996 0.7870136 0.6141993 0 0.9983122 0.04453855 0.03726726 0 0 0 0 1 -0.001785814 0.6491638 -0.7606467 0 -0.08350825 0.7578942 0.6470108 0 0.9965054 0.06467574 0.05285698 0 0 0 0 1 -0.005768179 0.690244 -0.7235538 0 -0.1052898 0.7191246 0.6868581 0 0.9944248 0.08014476 0.06852763 0 0 0 0 1 -0.009625613 0.7380825 -0.6746418 0 -0.1217411 0.6687893 0.7334167 0 0.9925152 0.08919119 0.08341741 0 0 0 0 1</float_array>
        <technique_common>
          <accessor source="#node-Bip01_Pelvis_matrix-output-array" count="21" stride="16">
            <param name="TRANSFORM" type="float4x4"/>
          </accessor>
        </technique_common>
      </source>
      <source id="node-Bip01_Pelvis_matrix-interpolation">
        <Name_array id="node-Bip01_Pelvis_matrix-interpolation-array" count="21">LINEAR LINEAR LINEAR LINEAR LINEAR LINEAR LINEAR LINEAR LINEAR LINEAR LINEAR LINEAR LINEAR LINEAR LINEAR LINEAR LINEAR LINEAR LINEAR LINEAR LINEAR</Name_array>
        <technique_common>
          <accessor source="#node-Bip01_Pelvis_matrix-interpolation-array" count="21" stride="1">
            <param name="INTERPOLATION" type="name"/>
          </accessor>
        </technique_common>
      </source>
      <source id="node-Bip01_Spine_matrix-input">
        <float_array id="node-Bip01_Spine_matrix-input-array" count="21">8 8.033334 8.066667 8.1 8.133333 8.166667 8.2 8.233334 8.266666 8.3 8.333333 8.366667 8.4 8.433333 8.466666 8.5 8.533334 8.566667 8.6 8.633333 8.666667</float_array>
        <technique_common>
          <accessor source="#node-Bip01_Spine_matrix-input-array" count="21" stride="1">
            <param name="TIME" type="float"/>
          </accessor>
        </technique_common>
      </source>
      <source id="node-Bip01_Spine_matrix-output">
        <float_array id="node-Bip01_Spine_matrix-output-array" count="336">0.9740031 -0.1713635 -0.1481636 0.1975132 0.207984 0.9356682 0.2850753 0.03733944 0.08978039 -0.3084798 0.9469845 -0.001310348 0 0 0 1 0.977642 -0.1611892 -0.1350331 0.1979956 0.1993529 0.9147726 0.351354 0.03426539 0.06689006 -0.3704177 0.9264536 -0.005573868 0 0 0 1 0.9819217 -0.1486808 -0.1171486 0.1985151 0.1839116 0.8958216 0.4045741 0.0300914 0.04479187 -0.4188052 0.9069707 -0.009679496 0 0 0 1 0.9862293 -0.1347919 -0.09582781 0.1989741 0.1636077 0.8798591 0.4461845 0.02517986 0.0241729 -0.4557183 0.8897957 -0.01351797 0 0 0 1 0.9900862 -0.1202945 -0.07251423 0.1993043 0.140355 0.8672866 0.4776132 0.01988565 0.00543636 -0.4830561 0.8755725 -0.01702415 0 0 0 1 0.9931846 -0.1058802 -0.04872012 0.1994729 0.1160157 0.8580633 0.5002681 0.01455342 -0.01116353 -0.5025109 0.8644988 -0.02015376 0 0 0 1 0.9953982 -0.0922352 -0.02597767 0.1994844 0.09238946 0.8518577 0.5155608 0.00951457 -0.02542358 -0.5155884 0.8564591 -0.02286601 0 0 0 1 0.9967706 -0.08009368 -0.005802631 0.1993765 0.07120847 0.8481642 0.524926 0.005086243 -0.03712165 -0.5236439 0.8511283 -0.02511209 0 0 0 1 0.9974749 -0.07026743 0.01033151 0.1992116 0.05413556 0.846378 0.5298246 0.001571238 -0.04597377 -0.5279273 0.8480443 -0.02682793 0 0 0 1 0.9977509 -0.06365376 0.02100825 0.1990645 0.04276621 0.8458362 0.5317257 -7.41467e-4 -0.05161589 -0.5296314 0.846656 -0.02793151 0 0 0 1 0.9978142 -0.06122469 0.02486336 0.1990044 0.03864109 0.8458257 0.5320582 -0.001573204 -0.05360519 -0.5299345 0.8463426 -0.02832365 0 0 0 1 0.997751 -0.06365376 0.02100825 0.1990646 0.04276621 0.8458363 0.5317258 -7.41456e-4 -0.05161589 -0.5296314 0.846656 -0.02793151 0 0 0 1 0.9974749 -0.07026743 0.01033151 0.1992115 0.05413556 0.8463779 0.5298246 0.001571238 -0.04597377 -0.5279273 0.8480443 -0.02682793 0 0 0 1 0.9967705 -0.08009368 -0.005802631 0.1993764 0.07120847 0.848164 0.524926 0.005086243 -0.03712165 -0.523644 0.851128 -0.02511209 0 0 0 1 0.9953982 -0.0922352 -0.02597773 0.1994845 0.09238952 0.8518577 0.5155608 0.00951457 -0.02542352 -0.5155884 0.8564591 -0.02286601 0 0 0 1 0.9931845 -0.1058803 -0.04872018 0.1994729 0.1160157 0.8580631 0.5002681 0.01455342 -0.01116347 -0.5025108 0.8644987 -0.02015376 0 0 0 1 0.9900863 -0.1202946 -0.07251429 0.1993042 0.1403551 0.8672869 0.4776132 0.01988571 0.00543642 -0.483056 0.8755727 -0.01702415 0 0 0 1 0.9862293 -0.1347919 -0.09582787 0.198974 0.1636078 0.8798593 0.4461845 0.02517986 0.02417296 -0.4557182 0.8897957 -0.01351791 0 0 0 1 0.9819217 -0.1486809 -0.1171488 0.198515 0.1839116 0.8958216 0.4045741 0.03009146 0.04479193 -0.4188052 0.9069707 -0.009679496 0 0 0 1 0.977642 -0.1611892 -0.1350331 0.1979956 0.199353 0.9147726 0.351354 0.03426545 0.06689012 -0.3704177 0.9264536 -0.005573868 0 0 0 1 0.974003 -0.1713635 -0.1481636 0.1975131 0.2079841 0.9356682 0.2850752 0.03733944 0.08978044 -0.3084798 0.9469844 -0.001310348 0 0 0 1</float_array>
        <technique_common>
          <accessor source="#node-Bip01_Spine_matrix-output-array" count="21" stride="16">
            <param name="TRANSFORM" type="float4x4"/>
          </accessor>
        </technique_common>
      </source>
      <source id="node-Bip01_Spine_matrix-interpolation">
        <Name_array id="node-Bip01_Spine_matrix-interpolation-array" count="21">LINEAR LINEAR LINEAR LINEAR LINEAR LINEAR LINEAR LINEAR LINEAR LINEAR LINEAR LINEAR LINEAR LINEAR LINEAR LINEAR LINEAR LINEAR LINEAR LINEAR LINEAR</Name_array>
        <technique_common>
          <accessor source="#node-Bip01_Spine_matrix-interpolation-array" count="21" stride="1">
            <param name="INTERPOLATION" type="name"/>
          </accessor>
        </technique_common>
      </source>
      <source id="node-Bip01_Spine1_matrix-input">
        <float_array id="node-Bip01_Spine1_matrix-input-array" count="21">8 8.033334 8.066667 8.1 8.133333 8.166667 8.2 8.233334 8.266666 8.3 8.333333 8.366667 8.4 8.433333 8.466666 8.5 8.533334 8.566667 8.6 8.633333 8.666667</float_array>
        <technique_common>
          <accessor source="#node-Bip01_Spine1_matrix-input-array" count="21" stride="1">
            <param name="TIME" type="float"/>
          </accessor>
        </technique_common>
      </source>
      <source id="node-Bip01_Spine1_matrix-output">
        <float_array id="node-Bip01_Spine1_matrix-output-array" count="336">0.9940996 -0.1082491 -0.006932079 0.1022409 0.1067967 0.9879402 -0.1121099 -9.98154e-5 0.01898425 0.1107081 0.9936718 -1.1187e-5 0 0 0 1 0.9940219 -0.1091339 -0.003216564 0.1022408 0.1085131 0.9907637 -0.08131468 -1.00091e-4 0.01206111 0.08047944 0.9966835 -8.13231e-6 0 0 0 1 0.9938476 -0.1107292 0.002491474 0.102241 0.1107506 0.9932883 -0.03335988 -1.00344e-4 0.001219093 0.03343063 0.9994403 -3.37511e-6 0 0 0 1 0.9935978 -0.1126682 0.008330345 0.102241 0.1125199 0.9935121 0.01652997 -1.00359e-4 -0.01013869 -0.01548689 0.9998287 1.56835e-6 0 0 0 1 0.9933711 -0.1142658 0.01253563 0.1022412 0.1134538 0.9921281 0.05301046 -1.00218e-4 -0.01849424 -0.0512368 0.9985154 5.18188e-6 0 0 0 1 0.9933176 -0.1146292 0.01343268 0.1022413 0.1136149 0.9916594 0.06085377 -1.00181e-4 -0.02029627 -0.05892097 0.9980563 5.95674e-6 0 0 0 1 0.9934379 -0.1138058 0.01137053 0.1022413 0.1132244 0.9926447 0.04285585 -1.00285e-4 -0.01616412 -0.04128736 0.9990165 4.17605e-6 0 0 0 1 0.9936136 -0.112553 0.008008599 0.1022411 0.1124364 0.9935638 0.01375806 -1.00374e-4 -0.00950551 -0.01276969 0.9998734 1.28523e-6 0 0 0 1 0.9938044 -0.1110838 0.003634333 0.1022409 0.1111389 0.9935231 -0.02366262 -1.00374e-4 -9.82296e-4 0.02391988 0.9997135 -2.41771e-6 0 0 0 1 0.9939752 -0.1095961 -0.001452147 0.1022408 0.109257 0.9917815 -0.0665754 -1.00195e-4 0.00873661 0.06601566 0.9977805 -6.66827e-6 0 0 0 1 0.9940996 -0.1082491 -0.006932079 0.1022409 0.1067967 0.9879402 -0.1121099 -9.98154e-5 0.01898425 0.1107081 0.9936718 -1.1187e-5 0 0 0 1 0.9941648 -0.1071492 -0.01246786 0.1022405 0.1038703 0.9820573 -0.1573983 -9.92119e-5 0.02910929 0.1551848 0.9874566 -1.5676e-5 0 0 0 1 0.9941719 -0.1063428 -0.01770859 0.1022405 0.1007022 0.9746828 -0.1996317 -9.84743e-5 0.03848969 0.1966849 0.9797112 -1.98744e-5 0 0 0 1 0.9941353 -0.105821 -0.02229714 0.1022405 0.09761691 0.9668112 -0.2361078 -9.76622e-5 0.04654234 0.2325464 0.9714712 -2.34917e-5 0 0 0 1 0.9940791 -0.1055318 -0.02587717 0.1022405 0.09501028 0.9597644 -0.2642449 -9.69693e-5 0.05272227 0.2602218 0.9641085 -2.62856e-5 0 0 0 1 0.9940326 -0.105404 -0.02809673 0.1022403 0.09330695 0.9549994 -0.2815492 -9.64627e-5 0.05650877 0.2772474 0.9591355 -2.8003e-5 0 0 0 1 0.994054 -0.1054549 -0.02712899 0.1022404 0.09405785 0.9571143 -0.2740176 -9.67011e-5 0.05486202 0.2698365 0.961342 -2.72691e-5 0 0 0 1 0.994131 -0.1057891 -0.02263778 0.1022403 0.0973764 0.9661749 -0.2387968 -9.76026e-5 0.04713416 0.2351908 0.9708057 -2.37562e-5 0 0 0 1 0.9941749 -0.1065056 -0.01652228 0.1022405 0.1014528 0.9765037 -0.1901255 -9.86606e-5 0.03638356 0.1873418 0.9816209 -1.89245e-5 0 0 0 1 0.9941504 -0.1074776 -0.0106731 0.1022406 0.1048668 0.9841816 -0.1427925 -9.94354e-5 0.0258513 0.1408378 0.9896953 -1.42343e-5 0 0 0 1 0.9940996 -0.1082491 -0.006932079 0.1022408 0.1067967 0.9879402 -0.1121099 -9.98229e-5 0.01898425 0.1107081 0.9936718 -1.11908e-5 0 0 0 1</float_array>
        <technique_common>
          <accessor source="#node-Bip01_Spine1_matrix-output-array" count="21" stride="16">
            <param name="TRANSFORM" type="float4x4"/>
          </accessor>
        </technique_common>
      </source>
      <source id="node-Bip01_Spine1_matrix-interpolation">
        <Name_array id="node-Bip01_Spine1_matrix-interpolation-array" count="21">LINEAR LINEAR LINEAR LINEAR LINEAR LINEAR LINEAR LINEAR LINEAR LINEAR LINEAR LINEAR LINEAR LINEAR LINEAR LINEAR LINEAR LINEAR LINEAR LINEAR LINEAR</Name_array>
        <technique_common>
          <accessor source="#node-Bip01_Spine1_matrix-interpolation-array" count="21" stride="1">
