<?xml version="1.0" encoding="utf-8"?>
<COLLADA xmlns="http://www.collada.org/2005/11/COLLADASchema" version="1.4.1">
  <asset>
    <contributor>
      <author>MattO</author>
      <authoring_tool>OpenCOLLADA for 3ds Max;  Version: 1.3.0;  Revision: 839M;  Platform: x64;  Configuration: Release_Max2012</authoring_tool>
      <source_data>file:///C:/Dropbox/Prj/GGStout/Turret/TP_ProxMine_PlayerAnims.max</source_data>
    </contributor>
    <created>2011-09-30T17:59:38</created>
    <modified>2011-09-30T17:59:38</modified>
    <unit name="meter" meter="1"/>
    <up_axis>Z_UP</up_axis>
  </asset>
  <library_effects>
    <effect id="ShapeBounds">
      <profile_COMMON>
        <technique sid="common">
          <blinn>
            <emission>
              <color>0 0 0 1</color>
            </emission>
            <ambient>
              <color>0.1647059 1 0 1</color>
            </ambient>
            <diffuse>
              <color>0.1647059 1 0 1</color>
            </diffuse>
            <specular>
              <color>0.9 0.9 0.9 1</color>
            </specular>
            <shininess>
              <float>10</float>
            </shininess>
            <reflective>
              <color>0 0 0 1</color>
            </reflective>
            <transparent opaque="A_ONE">
              <color>1 1 1 1</color>
            </transparent>
            <transparency>
              <float>1</float>
            </transparency>
          </blinn>
        </technique>
      </profile_COMMON>
      <extra>
        <technique profile="OpenCOLLADA3dsMax">
          <extended_shader>
            <apply_reflection_dimming>0</apply_reflection_dimming>
            <dim_level>0</dim_level>
            <falloff_type>0</falloff_type>
            <index_of_refraction>1.5</index_of_refraction>
            <opacity_type>0</opacity_type>
            <reflection_level>3</reflection_level>
            <wire_size>1</wire_size>
            <wire_units>0</wire_units>
          </extended_shader>
          <shader>
            <ambient_diffuse_lock>1</ambient_diffuse_lock>
            <ambient_diffuse_texture_lock>1</ambient_diffuse_texture_lock>
            <diffuse_specular_lock>0</diffuse_specular_lock>
            <soften>0.1</soften>
            <use_self_illum_color>0</use_self_illum_color>
          </shader>
        </technique>
      </extra>
    </effect>
  </library_effects>
  <library_materials>
    <material id="ShapeBounds-material" name="ShapeBounds">
      <instance_effect url="#ShapeBounds"/>
    </material>
  </library_materials>
  <library_geometries>
    <geometry id="geom-Bounds" name="Bounds">
      <mesh>
        <source id="geom-Bounds-positions">
          <float_array id="geom-Bounds-positions-array" count="24">-0.425 -0.425 0 0.425 -0.425 0 -0.425 0.425 0 0.425 0.425 0 -0.425 -0.425 1.84 0.425 -0.425 1.84 -0.425 0.425 1.84 0.425 0.425 1.84</float_array>
          <technique_common>
            <accessor source="#geom-Bounds-positions-array" count="8" stride="3">
              <param name="X" type="float"/>
              <param name="Y" type="float"/>
              <param name="Z" type="float"/>
            </accessor>
          </technique_common>
        </source>
        <source id="geom-Bounds-normals">
          <float_array id="geom-Bounds-normals-array" count="72">0 0 -1 0 0 -1 0 0 -1 0 0 -1 0 0 1 0 0 1 0 0 1 0 0 1 0 -1 0 0 -1 0 0 -1 0 0 -1 0 1 0 0 1 0 0 1 0 0 1 0 0 0 1 0 0 1 0 0 1 0 0 1 0 -1 0 0 -1 0 0 -1 0 0 -1 0 0</float_array>
          <technique_common>
            <accessor source="#geom-Bounds-normals-array" count="24" stride="3">
              <param name="X" type="float"/>
              <param name="Y" type="float"/>
              <param name="Z" type="float"/>
            </accessor>
          </technique_common>
        </source>
        <source id="geom-Bounds-map1">
          <float_array id="geom-Bounds-map1-array" count="36">0 0 0 1 0 0 0 1 0 1 1 0 0 0 0 1 0 0 0 1 0 1 1 0 0 0 0 1 0 0 0 1 0 1 1 0</float_array>
          <technique_common>
            <accessor source="#geom-Bounds-map1-array" count="12" stride="3">
              <param name="S" type="float"/>
              <param name="T" type="float"/>
              <param name="P" type="float"/>
            </accessor>
          </technique_common>
        </source>
        <vertices id="geom-Bounds-vertices">
          <input semantic="POSITION" source="#geom-Bounds-positions"/>
        </vertices>
        <triangles material="ShapeBounds" count="12">
          <input semantic="VERTEX" source="#geom-Bounds-vertices" offset="0"/>
          <input semantic="NORMAL" source="#geom-Bounds-normals" offset="1"/>
          <input semantic="TEXCOORD" source="#geom-Bounds-map1" offset="2" set="0"/>
          <p>0 0 9 2 1 11 3 2 10 3 2 10 1 3 8 0 0 9 4 4 8 5 5 9 7 6 11 7 6 11 6 7 10 4 4 8 0 8 4 1 9 5 5 10 7 5 10 7 4 11 6 0 8 4 1 12 0 3 13 1 7 14 3 7 14 3 5 15 2 1 12 0 3 16 4 2 17 5 6 18 7 6 18 7 7 19 6 3 16 4 2 20 0 0 21 1 4 22 3 4 22 3 6 23 2 2 20 0</p>
        </triangles>
      </mesh>
      <extra>
        <technique profile="OpenCOLLADA3dsMax">
          <max_box>
            <generateuvs>1</generateuvs>
            <height>1.84</height>
            <heightsegments>1</heightsegments>
            <length>0.85</length>
            <lengthsegments>1</lengthsegments>
            <width>0.85</width>
            <widthsegments>1</widthsegments>
          </max_box>
        </technique>
      </extra>
    </geometry>
  </library_geometries>
  <library_lights>
    <light id="EnvironmentAmbientLight" name="EnvironmentAmbientLight">
      <technique_common>
        <ambient>
          <color>0 0 0</color>
        </ambient>
      </technique_common>
    </light>
  </library_lights>
  <library_visual_scenes>
    <visual_scene id="MaxScene">
      <node name="EnvironmentAmbientLight">
        <instance_light url="#EnvironmentAmbientLight"/>
      </node>
      <node id="node-Bip01" name="Bip01">
        <matrix sid="matrix">0.7792375 -0.6267175 0.003750234 -0.004379418 0.626718 0.7792453 0.001183394 0.02439922 -0.003664005 0.001428194 0.9999923 0.7924818 0 0 0 1</matrix>
        <node id="node-Bip01_Pelvis" name="Bip01_Pelvis">
          <matrix>-0.009626728 0.991236 0.1317526 0 -0.1217413 -0.1319404 0.9837535 0 0.9925151 -0.0065694 0.1219445 0 0 0 0 1</matrix>
          <node id="node-Bip01_Spine" name="Bip01_Spine">
            <matrix sid="matrix">0.9878038 -0.1023383 -0.1173483 0.1975077 0.05096385 0.9246538 -0.3773828 0.02499831 0.1471273 0.3667997 0.9185922 0.02777386 0 0 0 1</matrix>
            <node id="node-Bip01_Spine1" name="Bip01_Spine1">
              <matrix sid="matrix">0.9988296 -0.03254616 0.03577827 0.1022329 0.0346778 0.9975554 -0.06066822 -1.00762e-4 -0.0337163 0.06183788 0.9975166 -6.24266e-6 0 0 0 1</matrix>
              <node id="node-Bip01_Spine2" name="Bip01_Spine2">
                <matrix sid="matrix">0.9853992 -0.1247963 0.1158206 0.1268873 0.1290785 0.9911741 -0.03021014 -1.69747e-4 -0.1110282 0.04471906 0.9928107 -7.64802e-6 0 0 0 1</matrix>
                <node id="node-Bip01_Neck" name="Bip01_Neck">
                  <matrix sid="matrix">0.9004204 -0.4308722 0.05993278 0.215107 0.4319374 0.9018869 -0.005459826 -4.97103e-5 -0.05170009 0.0308033 0.9981875 -1.66893e-6 0 0 0 1</matrix>
                  <node id="node-Bip01_Head" name="Bip01_Head">
                    <matrix sid="matrix">0.8732427 0.239366 -0.4244425 0.07051814 -0.3726832 0.8892367 -0.265265 -0.01395917 0.3139343 0.389823 0.8657271 0 0 0 0 1</matrix>
                    <node id="node-ALTEYE" name="ALTEYE">
                      <matrix sid="matrix">0.04499076 0.2710118 0.9615245 0.06454694 0.06845783 0.9594001 -0.2736161 0.2214611 -0.9966391 0.07813371 0.02461113 0.04716256 0 0 0 1</matrix>
                    </node>
                  </node>
                  <node id="node-Bip01_L_Clavicle" name="Bip01_L_Clavicle">
                    <matrix sid="matrix">-0.3564486 -0.4341187 0.8273364 -0.02792835 0.210548 -0.9000459 -0.3815587 -0.01206279 0.9102826 0.03818789 0.4122229 0.06739879 0 0 0 1</matrix>
                    <node id="node-Bip01_L_UpperArm" name="Bip01_L_UpperArm">
                      <matrix sid="matrix">0.6305386 0.006163523 0.7761333 0.1824007 -0.6984523 0.4406206 0.5639309 1.49012e-8 -0.3385045 -0.8976722 0.2821332 1.19209e-7 0 0 0 1</matrix>
                      <node id="node-Bip01_L_Forearm" name="Bip01_L_Forearm">
                        <matrix sid="matrix">-0.4733393 0.8808802 0 0.2843689 -0.8808804 -0.4733392 -1.49012e-8 1.19209e-7 -2.98023e-8 3.35276e-8 1 -2.98023e-8 0 0 0 1</matrix>
                        <node id="node-Bip01_L_Hand" name="Bip01_L_Hand">
                          <matrix sid="matrix">0.9444412 -0.03597347 -0.3267059 0.2810682 0.3211581 -0.1104391 0.940564 0 -0.06991649 -0.9932317 -0.09275009 0 0 0 0 1</matrix>
                          <node id="node-Bip01_L_Finger0" name="Bip01_L_Finger0">
                            <matrix>0.345179 0.6252525 0.6999363 0.02119684 0.5973266 0.4288768 -0.6776915 -0.004734278 -0.7239146 0.6520153 -0.2254407 -0.02572197 0 0 0 1</matrix>
                            <node id="node-Bip01_L_Finger01" name="Bip01_L_Finger01">
                              <matrix>0.9455186 -0.3255681 2.98023e-8 0.04982859 0.3255681 0.9455187 -2.98023e-8 2.98023e-8 -2.98023e-8 -2.23517e-8 0.9999999 -2.38419e-7 0 0 0 1</matrix>
                              <node id="node-Bip01_L_Finger02" name="Bip01_L_Finger02">
                                <matrix>0.9203135 0.3911815 -2.98023e-8 0.05202234 -0.3911815 0.9203135 7.45058e-9 1.49012e-8 2.98023e-8 5.96046e-8 0.9999999 0 0 0 0 1</matrix>
                              </node>
                            </node>
                          </node>
                          <node id="node-Bip01_L_Finger1" name="Bip01_L_Finger1">
                            <matrix>0.9541454 -0.2819768 -0.1004766 0.1199946 0.2718616 0.9567646 -0.103407 -0.008367538 0.1252909 0.07134949 0.9895511 -0.04101387 0 0 0 1</matrix>
                            <node id="node-Bip01_L_Finger11" name="Bip01_L_Finger11">
                              <matrix>0.9363124 -0.3511683 -2.98023e-8 0.0364418 0.351168 0.9363126 0 0 -1.19209e-7 8.9407e-8 1 -5.96046e-8 0 0 0 1</matrix>
                              <node id="node-Bip01_L_Finger12" name="Bip01_L_Finger12">
                                <matrix>0.7785828 -0.627542 0 0.03117549 0.627542 0.7785826 2.98023e-8 -1.19209e-7 4.47035e-8 -2.98023e-8 1 -8.9407e-8 0 0 0 1</matrix>
                              </node>
                            </node>
                          </node>
                          <node id="node-Bip01_L_Finger2" name="Bip01_L_Finger2">
                            <matrix>0.7812487 -0.6233677 -0.03260916 0.1229537 0.6235425 0.7769019 0.08728345 -0.008801997 -0.02907553 -0.08852333 0.9956497 -0.01328242 0 0 0 1</matrix>
                            <node id="node-Bip01_L_Finger21" name="Bip01_L_Finger21">
                              <matrix>0.7620707 -0.6474939 0 0.03895515 0.6474938 0.7620707 -2.98023e-8 0 -3.72529e-9 0 0.9999999 -5.96046e-8 0 0 0 1</matrix>
                              <node id="node-Bip01_L_Finger22" name="Bip01_L_Finger22">
                                <matrix>0.9762959 -0.2164396 1.86265e-9 0.03800537 0.2164397 0.976296 -2.98023e-8 0 7.45058e-9 0 0.9999999 8.9407e-8 0 0 0 1</matrix>
                              </node>
                            </node>
                          </node>
                          <node id="node-Bip01_L_Finger3" name="Bip01_L_Finger3">
                            <matrix>0.4124632 -0.9064789 -0.09038851 0.121188 0.9061531 0.3980612 0.1429456 -0.001191258 -0.09359705 -0.1408657 0.9855945 0.0119687 0 0 0 1</matrix>
                            <node id="node-Bip01_L_Finger31" name="Bip01_L_Finger31">
                              <matrix>0.9381479 -0.3462352 0 0.03155848 0.3462352 0.9381479 -2.98023e-8 -1.19209e-7 4.47035e-8 0 1 -5.96046e-8 0 0 0 1</matrix>
                              <node id="node-Bip01_L_Finger32" name="Bip01_L_Finger32">
                                <matrix>0.9636304 -0.2672384 7.45058e-9 0.03366601 0.2672384 0.9636305 5.96046e-8 1.19209e-7 -5.96046e-8 0 1 0 0 0 0 1</matrix>
                              </node>
                            </node>
                          </node>
                          <node id="node-Bip01_L_Finger4" name="Bip01_L_Finger4">
                            <matrix>0.07120568 -0.9696807 0.2337718 0.1136795 0.9750155 0.1171045 0.1887629 0.005147457 -0.2104155 0.2144901 0.9537921 0.03886577 0 0 0 1</matrix>
                            <node id="node-Bip01_L_Finger41" name="Bip01_L_Finger41">
                              <matrix>0.9790111 -0.2038069 -5.58794e-9 0.03661618 0.2038069 0.9790111 0 -1.19209e-7 2.23517e-8 -5.96046e-8 0.9999999 -5.96046e-8 0 0 0 1</matrix>
                              <node id="node-Bip01_L_Finger42" name="Bip01_L_Finger42">
                                <matrix>0.9645152 0.2640275 -7.45058e-9 0.0177263 -0.2640275 0.9645152 0 1.19209e-7 2.32831e-8 5.96046e-8 1 2.98023e-8 0 0 0 1</matrix>
                              </node>
                            </node>
                          </node>
                        </node>
                      </node>
                    </node>
                  </node>
                  <node id="node-Bip01_R_Clavicle" name="Bip01_R_Clavicle">
                    <matrix sid="matrix">-0.1517052 -0.4155385 -0.8968353 -0.02086115 0.2630245 -0.8915937 0.3686178 -0.01627314 -0.9527875 -0.1799684 0.2445563 -0.06904811 0 0 0 1</matrix>
                    <node id="node-Bip01_R_UpperArm" name="Bip01_R_UpperArm">
                      <matrix sid="matrix">0.003325904 0.8756007 -0.4830239 0.1824007 -0.9743189 -0.1059156 -0.1987071 1.49012e-8 -0.2251478 0.4712801 0.8527622 -2.38419e-7 0 0 0 1</matrix>
                      <node id="node-Bip01_R_Forearm" name="Bip01_R_Forearm">
                        <matrix sid="matrix">0.400186 0.9164338 8.3819e-9 0.284369 -0.9164339 0.4001861 -2.98023e-8 5.96046e-8 -2.08616e-7 4.47035e-8 1 -5.96046e-8 0 0 0 1</matrix>
                        <node id="node-Bip01_R_Hand" name="Bip01_R_Hand">
                          <matrix sid="matrix">0.9307923 0.3327067 -0.151433 0.281068 0.004354715 -0.4243249 -0.9054996 5.96046e-8 -0.3655225 0.8421726 -0.3964072 0 0 0 0 1</matrix>
                          <node id="node-Bip01_R_Finger0" name="Bip01_R_Finger0">
                            <matrix sid="matrix">0.4853102 0.3298718 -0.8097275 0.0211966 0.6763661 0.4452384 0.5867639 -0.004734278 0.5540786 -0.8324347 -0.007035524 0.02572191 0 0 0 1</matrix>
                            <node id="node-Bip01_R_Finger01" name="Bip01_R_Finger01">
                              <matrix sid="matrix">0.8063354 -0.5878453 0.06527573 0.04982847 0.5840868 0.8087917 0.06854746 1.49012e-8 -0.09308967 -0.01714557 0.9955101 0 0 0 0 1</matrix>
                              <node id="node-Bip01_R_Finger02" name="Bip01_R_Finger02">
                                <matrix sid="matrix">0.958863 0.283869 5.96046e-8 0.05202246 -0.283869 0.958863 2.98023e-8 -5.96046e-8 2.98023e-8 -2.98023e-8 1 -1.19209e-7 0 0 0 1</matrix>
                              </node>
                            </node>
                          </node>
                          <node id="node-Bip01_R_Finger1" name="Bip01_R_Finger1">
                            <matrix>0.9820225 -0.1733427 -0.07472676 0.1199945 0.1795577 0.9799359 0.08651495 -0.008367568 0.05823061 -0.09837735 0.9934441 0.0410139 0 0 0 1</matrix>
                            <node id="node-Bip01_R_Finger11" name="Bip01_R_Finger11">
                              <matrix sid="matrix">0.912621 -0.4088066 2.98023e-8 0.0364418 0.4088066 0.912621 7.45058e-9 -1.19209e-7 -2.98023e-8 -4.47035e-8 1 8.9407e-8 0 0 0 1</matrix>
                              <node id="node-Bip01_R_Finger12" name="Bip01_R_Finger12">
                                <matrix sid="matrix">0.9501438 -0.3112736 0.01831833 0.03117537 0.3116708 0.9498418 -0.02573045 1.19209e-7 -0.009390309 0.03015691 0.9995011 0 0 0 0 1</matrix>
                              </node>
                            </node>
                          </node>
                          <node id="node-Bip01_R_Finger2" name="Bip01_R_Finger2">
                            <matrix sid="matrix">0.8929004 -0.4502543 -1.52141e-4 0.1229538 0.4498734 0.8921589 -0.04082686 -0.008802086 0.01851818 0.03638585 0.9991663 0.01328245 0 0 0 1</matrix>
                            <node id="node-Bip01_R_Finger21" name="Bip01_R_Finger21">
                              <matrix sid="matrix">0.8751038 -0.4826794 -0.03484872 0.03895533 0.4806944 0.8753061 -0.05265062 1.19209e-7 0.0559167 0.02932316 0.9980049 2.98023e-8 0 0 0 1</matrix>
                              <node id="node-Bip01_R_Finger22" name="Bip01_R_Finger22">
                                <matrix sid="matrix">0.8329492 -0.5530277 0.01886612 0.03800535 0.5492842 0.8304745 0.0927299 1.19209e-7 -0.06695001 -0.06687641 0.9955125 5.96046e-8 0 0 0 1</matrix>
                              </node>
                            </node>
                          </node>
                          <node id="node-Bip01_R_Finger3" name="Bip01_R_Finger3">
                            <matrix sid="matrix">0.8901356 -0.4506605 0.06755453 0.121188 0.4531983 0.8599776 -0.234627 -0.001191258 0.04764172 0.2394655 0.9697353 -0.01196864 0 0 0 1</matrix>
                            <node id="node-Bip01_R_Finger31" name="Bip01_R_Finger31">
                              <matrix sid="matrix">0.5981341 -0.800283 0.04222351 0.03155839 0.795972 0.5993803 0.08468726 0 -0.09308171 -0.01704565 0.9955125 0 0 0 0 1</matrix>
                              <node id="node-Bip01_R_Finger32" name="Bip01_R_Finger32">
                                <matrix sid="matrix">0.6770348 -0.7352999 -0.03095103 0.033666 0.7357699 0.6772025 0.006297082 -1.19209e-7 0.0163299 -0.02703613 0.9995011 2.98023e-8 0 0 0 1</matrix>
                              </node>
                            </node>
                          </node>
                          <node id="node-Bip01_R_Finger4" name="Bip01_R_Finger4">
                            <matrix sid="matrix">0.6972444 -0.7131528 -0.07254842 0.1136794 0.7109764 0.7009078 -0.05692928 0.005147398 0.09144904 -0.01188657 0.9957389 -0.0388658 0 0 0 1</matrix>
                            <node id="node-Bip01_R_Finger41" name="Bip01_R_Finger41">
                              <matrix>0.4202556 -0.9064696 0.0412062 0.03661633 0.906853 0.4211512 0.0157878 0 -0.03166524 0.03073308 0.9990259 2.98023e-8 0 0 0 1</matrix>
                              <node id="node-Bip01_R_Finger42" name="Bip01_R_Finger42">
                                <matrix>0.4024469 -0.9138246 -0.05441489 0.0177263 0.915423 0.4021218 0.01728314 1.19209e-7 0.006087601 -0.05676818 0.9983688 2.98023e-8 0 0 0 1</matrix>
                              </node>
                            </node>
                          </node>
                          <node id="node-MOUNT0" name="MOUNT0">
                            <matrix>-6.18398e-7 1 -2.98023e-8 0.1095389 -1 -6.55651e-7 4.71249e-7 0.0251826 4.58211e-7 2.98023e-8 1 0.01321667 0 0 0 1</matrix>
                          </node>
                        </node>
                      </node>
                    </node>
                  </node>
                </node>
                <node id="node-Bip01_L_Pauldron_Upper" name="Bip01_L_Pauldron_Upper">
                  <matrix sid="matrix">0.9726136 0.1182849 0.2000786 0.2378187 0.1284546 -0.9909648 -0.03858747 1.61588e-4 0.1937065 0.06323175 -0.9790199 0.23557 0 0 0 1</matrix>
                </node>
                <node id="node-Bip01_R_Pauldron_Lower" name="Bip01_R_Pauldron_Lower">
                  <matrix sid="matrix">0.0902718 -0.8436219 -0.5292955 0.1906282 0.9141638 -0.1406878 0.3801476 -0.1308313 -0.395166 -0.5181794 0.7585079 -0.2272985 0 0 0 1</matrix>
                </node>
                <node id="node-Bip01_L_Pauldron_Lower" name="Bip01_L_Pauldron_Lower">
                  <matrix sid="matrix">-0.5918684 -0.56137 0.5784078 0.1906875 0.3397369 -0.8244841 -0.4525541 -0.05679905 0.7309382 -0.0713461 0.6787041 0.2611732 0 0 0 1</matrix>
                </node>
              </node>
            </node>
            <node id="node-Bip01_L_Thigh" name="Bip01_L_Thigh">
              <matrix sid="matrix">-0.6532902 0.7571001 0.003383834 -0.1817026 0.6686665 0.5748745 0.4715977 0.0336725 0.3551013 0.3103529 -0.8818073 0.1242063 0 0 0 1</matrix>
              <node id="node-Bip01_L_Calf" name="Bip01_L_Calf">
                <matrix sid="matrix">0.3404529 0.9402617 7.45058e-9 0.4629987 -0.9402614 0.3404528 9.31323e-9 0 -1.32248e-7 -3.91155e-8 1 -2.23517e-8 0 0 0 1</matrix>
                <node id="node-Bip01_L_Foot" name="Bip01_L_Foot">
                  <matrix sid="matrix">0.910764 -0.4049852 -0.08059791 0.36105 0.412481 0.9013535 0.1319895 5.96046e-8 0.01919352 -0.1534563 0.987969 1.49012e-8 0 0 0 1</matrix>
                  <node id="node-Bip01_L_Toe0" name="Bip01_L_Toe0">
                    <matrix>4.75673e-7 -1 1.38953e-6 0.1486307 1 4.76139e-7 2.21444e-8 0.1543275 -2.21044e-8 1.38953e-6 1 0 0 0 0 1</matrix>
                  </node>
                </node>
              </node>
            </node>
            <node id="node-Bip01_R_Thigh" name="Bip01_R_Thigh">
              <matrix sid="matrix">-0.9194849 0.1425915 0.3663539 -0.2192157 0.1533329 0.9881747 2.23974e-4 -0.05985181 -0.3619897 0.05637994 -0.9304755 -0.1100097 0 0 0 1</matrix>
              <node id="node-Bip01_R_Calf" name="Bip01_R_Calf">
                <matrix sid="matrix">0.4341873 0.9008225 2.98023e-8 0.4629987 -0.9008226 0.4341874 -1.86265e-8 -1.11759e-8 -4.47035e-8 8.9407e-8 1 0 0 0 0 1</matrix>
                <node id="node-Bip01_R_Foot" name="Bip01_R_Foot">
                  <matrix sid="matrix">0.6255813 -0.7512509 0.210405 0.3610501 0.7232097 0.6595777 0.2047571 1.49012e-8 -0.2926024 0.02407465 0.9559312 0 0 0 0 1</matrix>
                  <node id="node-Bip01_R_Toe0" name="Bip01_R_Toe0">
                    <matrix sid="matrix">-0.1805797 -0.9786913 0.09774533 0.1486306 0.9833316 -0.1817868 -0.003513858 0.1543275 0.02120782 0.09548155 0.9952052 0 0 0 0 1</matrix>
                  </node>
                </node>
              </node>
            </node>
          </node>
          <node id="node-Bip01_FannyPack" name="Bip01_FannyPack">
            <matrix sid="matrix">-0.9764605 -0.2086738 -0.05459051 0.2232814 -0.201535 0.9728414 -0.113857 -0.1394937 0.07686689 -0.100175 -0.9919962 0.008924365 0 0 0 1</matrix>
          </node>
        </node>
        <node id="node-EYE" name="EYE">
          <matrix sid="matrix">0.7792377 0.6267179 -0.003664042 0.0532988 -0.6267175 0.7792451 0.001428224 0.05795161 0.003750281 0.001183214 0.999992 0.7779113 0 0 0 1</matrix>
          <node id="node-CAM" name="CAM">
            <matrix>1 -6.03104e-8 3.55271e-15 4.84288e-8 6.03104e-8 1 -2.32831e-9 -0.104 -3.55271e-15 2.32832e-9 1 0.3005601 0 0 0 1</matrix>
          </node>
        </node>
      </node>
      <node id="node-Bounds" name="Bounds">
        <matrix>0.9999915 0.001706907 0.003750479 0 -0.001711356 0.9999978 0.001183292 0.1035326 -0.003748452 -0.0011897 0.9999923 -8.93474e-5 0 0 0 1</matrix>
        <instance_geometry url="#geom-Bounds">
          <bind_material>
            <technique_common>
              <instance_material symbol="ShapeBounds" target="#ShapeBounds-material"/>
            </technique_common>
          </bind_material>
        </instance_geometry>
      </node>
    </visual_scene>
  </library_visual_scenes>
  <library_animations>
    <animation>
      <source id="node-Bip01_matrix-input">
        <float_array id="node-Bip01_matrix-input-array" count="11">30 30.03333 30.06667 30.1 30.13333 30.16667 30.2 30.23333 30.26667 30.3 30.33333</float_array>
        <technique_common>
          <accessor source="#node-Bip01_matrix-input-array" count="11" stride="1">
            <param name="TIME" type="float"/>
          </accessor>
        </technique_common>
      </source>
      <source id="node-Bip01_matrix-output">
        <float_array id="node-Bip01_matrix-output-array" count="176">0.7792375 -0.6267175 0.003750205 -0.004379391 0.626718 0.7792453 0.00118339 0.02439922 -0.003663957 0.001428186 0.9999923 0.7924818 0 0 0 1 0.7792375 -0.6267176 0.003750205 -0.003524959 0.6267181 0.7792452 0.00118339 0.02170884 -0.003663957 0.001428186 0.9999923 0.792584 0 0 0 1 0.7792375 -0.6267175 0.003750205 -0.001880586 0.626718 0.7792453 0.00118339 0.01636463 -0.003663957 0.001428186 0.9999923 0.7936872 0 0 0 1 0.7792375 -0.6267175 0.003750205 6.22348e-5 0.626718 0.7792453 0.00118339 0.01000756 -0.003663957 0.001428186 0.9999923 0.7953276 0 0 0 1 0.7792375 -0.6267176 0.003750205 0.001812458 0.6267181 0.7792452 0.00118339 0.004277944 -0.003663957 0.001428186 0.9999923 0.797041 0 0 0 1 0.7792375 -0.6267175 0.003750205 0.002878606 0.626718 0.7792453 0.00118339 8.16761e-4 -0.003663957 0.001428186 0.9999923 0.7983637 0 0 0 1 0.7792375 -0.6267176 0.003750205 0.003112614 0.6267181 0.7792452 0.00118339 1.417e-4 -0.003663957 0.001428186 0.9999923 0.7992938 0 0 0 1 0.7792375 -0.6267175 0.003750205 0.002841949 0.626718 0.7792453 0.00118339 0.001159071 -0.003663957 0.001428186 0.9999923 0.8001405 0 0 0 1 0.7792375 -0.6267175 0.003750205 0.002288937 0.626718 0.7792453 0.00118339 0.00309199 -0.003663957 0.001428186 0.9999923 0.8009067 0 0 0 1 0.7792375 -0.6267176 0.003750205 0.001675784 0.6267181 0.7792452 0.00118339 0.005163431 -0.003663957 0.001428186 0.9999923 0.8015952 0 0 0 1 0.7792375 -0.6267175 0.003750205 0.001224756 0.626718 0.7792453 0.00118339 0.006596326 -0.003663957 0.001428186 0.9999923 0.802209 0 0 0 1</float_array>
        <technique_common>
          <accessor source="#node-Bip01_matrix-output-array" count="11" stride="16">
            <param name="TRANSFORM" type="float4x4"/>
          </accessor>
        </technique_common>
      </source>
      <source id="node-Bip01_matrix-interpolation">
        <Name_array id="node-Bip01_matrix-interpolation-array" count="11">LINEAR LINEAR LINEAR LINEAR LINEAR LINEAR LINEAR LINEAR LINEAR LINEAR LINEAR</Name_array>
        <technique_common>
          <accessor source="#node-Bip01_matrix-interpolation-array" count="11" stride="1">
            <param name="INTERPOLATION" type="name"/>
          </accessor>
        </technique_common>
      </source>
      <source id="node-Bip01_Spine_matrix-input">
        <float_array id="node-Bip01_Spine_matrix-input-array" count="11">30 30.03333 30.06667 30.1 30.13333 30.16667 30.2 30.23333 30.26667 30.3 30.33333</float_array>
        <technique_common>
          <accessor source="#node-Bip01_Spine_matrix-input-array" count="11" stride="1">
            <param name="TIME" type="float"/>
          </accessor>
        </technique_common>
      </source>
      <source id="node-Bip01_Spine_matrix-output">
        <float_array id="node-Bip01_Spine_matrix-output-array" count="176">0.9878038 -0.1023383 -0.1173483 0.1975077 0.05096381 0.9246538 -0.3773828 0.0249983 0.1471273 0.3667997 0.9185922 0.02777385 0 0 0 1 0.9854246 -0.1095951 -0.1301039 0.1975083 0.05525451 0.9295548 -0.3645198 0.02499788 0.1608883 0.3520181 0.9220619 0.02777504 0 0 0 1 0.9803737 -0.1256148 -0.1519483 0.1975094 0.06335288 0.9305843 -0.3605544 0.02499783 0.1866917 0.3438516 0.9202784 0.0277757 0 0 0 1 0.9732803 -0.1456993 -0.177475 0.1975111 0.07307833 0.9292626 -0.3621196 0.02499788 0.2176815 0.3394743 0.9150804 0.02777606 0 0 0 1 0.9654851 -0.1651686 -0.2013896 0.1975128 0.08233892 0.9271131 -0.3656248 0.02499806 0.2471007 0.336423 0.9087137 0.0277763 0 0 0 1 0.9591792 -0.1792983 -0.2186945 0.1975139 0.08931905 0.9258099 -0.3672846 0.02499818 0.2683231 0.3327582 0.9040324 0.02777659 0 0 0 1 0.9552363 -0.1876993 -0.2286751 0.1975145 0.09393692 0.9253956 -0.3671765 0.02499824 0.2805338 0.3292594 0.9016035 0.02777689 0 0 0 1 0.9525909 -0.1936193 -0.2346964 0.197515 0.09737521 0.924821 -0.3677282 0.02499824 0.2882515 0.3274409 0.8998298 0.02777701 0 0 0 1 0.950904 -0.1977429 -0.2380746 0.1975153 0.09990543 0.9242038 -0.3686004 0.0249983 0.2929176 0.3267186 0.8985847 0.02777707 0 0 0 1 0.9497635 -0.2007322 -0.2401161 0.1975156 0.1018038 0.9236482 -0.3694726 0.02499836 0.2959479 0.3264669 0.8976827 0.02777713 0 0 0 1 0.9487208 -0.2032389 -0.2421219 0.197516 0.1033466 0.9232518 -0.3700349 0.02499842 0.298745 0.3260374 0.8969121 0.02777719 0 0 0 1</float_array>
        <technique_common>
          <accessor source="#node-Bip01_Spine_matrix-output-array" count="11" stride="16">
            <param name="TRANSFORM" type="float4x4"/>
          </accessor>
        </technique_common>
      </source>
      <source id="node-Bip01_Spine_matrix-interpolation">
        <Name_array id="node-Bip01_Spine_matrix-interpolation-array" count="11">LINEAR LINEAR LINEAR LINEAR LINEAR LINEAR LINEAR LINEAR LINEAR LINEAR LINEAR</Name_array>
        <technique_common>
          <accessor source="#node-Bip01_Spine_matrix-interpolation-array" count="11" stride="1">
            <param name="INTERPOLATION" type="name"/>
          </accessor>
        </technique_common>
      </source>
      <source id="node-Bip01_Spine1_matrix-input">
        <float_array id="node-Bip01_Spine1_matrix-input-array" count="11">30 30.03333 30.06667 30.1 30.13333 30.16667 30.2 30.23333 30.26667 30.3 30.33333</float_array>
        <technique_common>
          <accessor source="#node-Bip01_Spine1_matrix-input-array" count="11" stride="1">
            <param name="TIME" type="float"/>
          </accessor>
        </technique_common>
      </source>
      <source id="node-Bip01_Spine1_matrix-output">
        <float_array id="node-Bip01_Spine1_matrix-output-array" count="176">0.9988296 -0.03254616 0.03577822 0.1022329 0.03467774 0.9975554 -0.06066817 -1.00762e-4 -0.03371626 0.06183785 0.9975166 -6.24266e-6 0 0 0 1 0.999167 -0.03252571 0.02464467 0.1022329 0.03387701 0.9978244 -0.05655771 -1.00795e-4 -0.02275145 0.05734556 0.998095 -5.79096e-6 0 0 0 1 0.9992383 -0.03875255 0.004591941 0.1022337 0.03894639 0.9977333 -0.05487781 -1.00788e-4 -0.002454876 0.0550149 0.9984826 -5.55441e-6 0 0 0 1 0.9986448 -0.0482915 -0.01939982 0.1022347 0.0471642 0.9973784 -0.05487793 -1.00754e-4 0.02199912 0.05388861 0.9983046 -5.43892e-6 0 0 0 1 0.9974066 -0.05820685 -0.04233121 0.1022356 0.05581384 0.9968879 -0.05567032 -1.00709e-4 0.04543989 0.0531634 0.9975514 -5.37187e-6 0 0 0 1 0.9960901 -0.06554502 -0.05923223 0.1022362 0.06223058 0.9964801 -0.05616891 -1.00665e-4 0.06270539 0.05226331 0.9966628 -5.27501e-6 0 0 0 1 0.9951002 -0.07036328 -0.0694608 0.1022368 0.06650412 0.9961913 -0.05639207 -1.00628e-4 0.07316416 0.05149638 0.9959896 -5.20796e-6 0 0 0 1 0.9942842 -0.07465332 -0.07632535 0.1022371 0.07039743 0.9958884 -0.05701059 -1.00613e-4 0.0802676 0.05131155 0.9954518 -5.1707e-6 0 0 0 1 0.9936449 -0.07834845 -0.08081638 0.1022374 0.07380104 0.9955964 -0.05780363 -1.00568e-4 0.08498942 0.05147194 0.9950516 -5.1856e-6 0 0 0 1 0.9931438 -0.08137655 -0.08392375 0.1022381 0.076608 0.9953399 -0.05855989 -1.00553e-4 0.08829814 0.05172932 0.9947499 -5.21541e-6 0 0 0 1 0.9927208 -0.08366298 -0.08663719 0.102238 0.07871156 0.9951456 -0.05907607 -1.00493e-4 0.09115916 0.05182677 0.9944869 -5.23031e-6 0 0 0 1</float_array>
        <technique_common>
          <accessor source="#node-Bip01_Spine1_matrix-output-array" count="11" stride="16">
            <param name="TRANSFORM" type="float4x4"/>
          </accessor>
        </technique_common>
      </source>
      <source id="node-Bip01_Spine1_matrix-interpolation">
        <Name_array id="node-Bip01_Spine1_matrix-interpolation-array" count="11">LINEAR LINEAR LINEAR LINEAR LINEAR LINEAR LINEAR LINEAR LINEAR LINEAR LINEAR</Name_array>
        <technique_common>
          <accessor source="#node-Bip01_Spine1_matrix-interpolation-array" count="11" stride="1">
            <param name="INTERPOLATION" type="name"/>
          </accessor>
        </technique_common>
      </source>
      <source id="node-Bip01_Spine2_matrix-input">
        <float_array id="node-Bip01_Spine2_matrix-input-array" count="11">30 30.03333 30.06667 30.1 30.13333 30.16667 30.2 30.23333 30.26667 30.3 30.33333</float_array>
        <technique_common>
          <accessor source="#node-Bip01_Spine2_matrix-input-array" count="11" stride="1">
            <param name="TIME" type="float"/>
          </accessor>
        </technique_common>
      </source>
      <source id="node-Bip01_Spine2_matrix-output">
        <float_array id="node-Bip01_Spine2_matrix-output-array" count="176">0.9853992 -0.1247963 0.1158205 0.1268873 0.1290785 0.9911741 -0.03021013 -1.69747e-4 -0.1110282 0.04471904 0.9928107 -7.64802e-6 0 0 0 1 0.984508 -0.1368381 0.1096332 0.1268895 0.1402258 0.9898342 -0.02377289 -1.69545e-4 -0.1052657 0.03877794 0.9936879 -6.6217e-6 0 0 0 1 0.9828035 -0.158192 0.09524989 0.126893 0.160898 0.9867394 -0.02138441 -1.68994e-4 -0.09060394 0.03634214 0.9952236 -6.22682e-6 0 0 0 1 0.9800232 -0.1841864 0.07503294 0.1268976 0.186287 0.9822497 -0.02197074 -1.68249e-4 -0.0696544 0.0355094 0.996939 -6.07967e-6 0 0 0 1 0.9763131 -0.2101796 0.05135554 0.1269021 0.2116155 0.9770516 -0.02427291 -1.67355e-4 -0.04507535 0.03456568 0.9983856 -5.93066e-6 0 0 0 1 0.9724587 -0.2315607 0.0265327 0.1269059 0.2322492 0.9722895 -0.026712 -1.6655e-4 -0.01961201 0.03213846 0.9992912 -5.51343e-6 0 0 0 1 0.968539 -0.248845 -0.002900004 0.1269086 0.2486527 0.968137 -0.02971041 -1.6582e-4 0.01020091 0.02805447 0.9995543 -4.81307e-6 0 0 0 1 0.9634736 -0.2650361 -0.03840345 0.1269116 0.2637969 0.9639625 -0.03445935 -1.65135e-4 0.04615241 0.02307003 0.998668 -3.97861e-6 0 0 0 1 0.9572778 -0.2793473 -0.07472795 0.126914 0.2770196 0.9600272 -0.04009538 -1.64479e-4 0.08294141 0.01768136 0.9963974 -3.05474e-6 0 0 0 1 0.9507256 -0.2910993 -0.1066865 0.1269156 0.2877889 0.9566099 -0.04555523 -1.63823e-4 0.1153184 0.01260727 0.9932487 -2.16067e-6 0 0 0 1 0.9452396 -0.2997153 -0.1292002 0.1269173 0.2957041 0.9539889 -0.04964345 -1.63421e-4 0.1381345 0.008719921 0.9903751 -1.53482e-6 0 0 0 1</float_array>
        <technique_common>
          <accessor source="#node-Bip01_Spine2_matrix-output-array" count="11" stride="16">
            <param name="TRANSFORM" type="float4x4"/>
          </accessor>
        </technique_common>
      </source>
      <source id="node-Bip01_Spine2_matrix-interpolation">
        <Name_array id="node-Bip01_Spine2_matrix-interpolation-array" count="11">LINEAR LINEAR LINEAR LINEAR LINEAR LINEAR LINEAR LINEAR LINEAR LINEAR LINEAR</Name_array>
        <technique_common>
          <accessor source="#node-Bip01_Spine2_matrix-interpolation-array" count="11" stride="1">
            <param name="INTERPOLATION" type="name"/>
          </accessor>
        </technique_common>
      </source>
      <source id="node-Bip01_Neck_matrix-input">
        <float_array id="node-Bip01_Neck_matrix-input-array" count="11">30 30.03333 30.06667 30.1 30.13333 30.16667 30.2 30.23333 30.26667 30.3 30.33333</float_array>
        <technique_common>
          <accessor source="#node-Bip01_Neck_matrix-input-array" count="11" stride="1">
            <param name="TIME" type="float"/>
          </accessor>
        </technique_common>
      </source>
      <source id="node-Bip01_Neck_matrix-output">
        <float_array id="node-Bip01_Neck_matrix-output-array" count="176">0.9004204 -0.4308722 0.05993276 0.2151069 0.4319374 0.9018869 -0.005459785 -4.97103e-5 -0.05170005 0.03080326 0.9981875 -1.66893e-6 0 0 0 1 0.9002498 -0.4308721 0.0624479 0.215107 0.431951 0.9018871 -0.004255652 -4.96954e-5 -0.05448734 0.0308054 0.9980391 -1.68383e-6 0 0 0 1 0.9002279 -0.4308722 0.06276226 0.215107 0.4319523 0.9018871 -0.004105031 -4.97103e-5 -0.05483567 0.03080576 0.9980202 -1.69128e-6 0 0 0 1 0.900293 -0.4308721 0.06181919 0.2151069 0.4319478 0.9018869 -0.004556596 -4.96805e-5 -0.05379056 0.03080499 0.9980769 -1.69873e-6 0 0 0 1 0.9003787 -0.4308723 0.06056153 0.2151072 0.4319411 0.9018873 -0.005158662 -4.96805e-5 -0.05239689 0.03080391 0.9981513 -1.68383e-6 0 0 0 1 0.9004206 -0.4308722 0.05993276 0.2151069 0.4319375 0.9018872 -0.005459785 -4.96507e-5 -0.05170011 0.03080332 0.9981873 -1.68383e-6 0 0 0 1 0.9004207 -0.4308723 0.05993276 0.2151072 0.4319374 0.9018871 -0.005459785 -4.97699e-5 -0.05170005 0.03080326 0.9981876 -1.69873e-6 0 0 0 1 0.9004207 -0.4308723 0.05993276 0.2151069 0.4319375 0.9018871 -0.005459845 -4.97103e-5 -0.05170005 0.0308032 0.9981876 -1.66893e-6 0 0 0 1 0.9004206 -0.4308723 0.05993276 0.2151069 0.4319374 0.901887 -0.005459785 -4.96507e-5 -0.05170011 0.03080326 0.9981876 -1.69873e-6 0 0 0 1 0.9004207 -0.4308723 0.0599327 0.215107 0.4319374 0.9018872 -0.005459785 -4.97103e-5 -0.05170011 0.0308032 0.9981876 -1.69873e-6 0 0 0 1 0.9004207 -0.4308723 0.05993276 0.2151072 0.4319375 0.9018872 -0.005459785 -4.96507e-5 -0.05170005 0.03080332 0.9981876 -1.72853e-6 0 0 0 1</float_array>
        <technique_common>
          <accessor source="#node-Bip01_Neck_matrix-output-array" count="11" stride="16">
            <param name="TRANSFORM" type="float4x4"/>
          </accessor>
        </technique_common>
      </source>
      <source id="node-Bip01_Neck_matrix-interpolation">
        <Name_array id="node-Bip01_Neck_matrix-interpolation-array" count="11">LINEAR LINEAR LINEAR LINEAR LINEAR LINEAR LINEAR LINEAR LINEAR LINEAR LINEAR</Name_array>
        <technique_common>
          <accessor source="#node-Bip01_Neck_matrix-interpolation-array" count="11" stride="1">
            <param name="INTERPOLATION" type="name"/>
          </accessor>
        </technique_common>
      </source>
      <source id="node-Bip01_Head_matrix-input">
        <float_array id="node-Bip01_Head_matrix-input-array" count="11">30 30.03333 30.06667 30.1 30.13333 30.16667 30.2 30.23333 30.26667 30.3 30.33333</float_array>
        <technique_common>
          <accessor source="#node-Bip01_Head_matrix-input-array" count="11" stride="1">
            <param name="TIME" type="float"/>
          </accessor>
        </technique_common>
      </source>
      <source id="node-Bip01_Head_matrix-output">
        <float_array id="node-Bip01_Head_matrix-output-array" count="176">0.8732427 0.2393659 -0.4244425 0.07051813 -0.3726832 0.8892368 -0.265265 -0.01395916 0.3139343 0.389823 0.8657271 0 0 0 0 1 0.8696055 0.2536354 -0.4236215 0.07051825 -0.3965579 0.8699302 -0.293195 -0.01395922 0.2941565 0.4229545 0.8570772 0 0 0 0 1 0.862343 0.3015651 -0.4067224 0.07051813 -0.442679 0.8389514 -0.3165369 -0.01395905 0.2457637 0.4530109 0.8569605 0 0 0 0 1 0.8484232 0.3669524 -0.3814761 0.07051825 -0.4974681 0.7990055 -0.3378101 -0.0139591 0.1808413 0.4763782 0.8604419 0 0 0 0 1 0.8284257 0.4334161 -0.3547695 0.07051813 -0.5486506 0.7553603 -0.3583481 -0.01395905 0.1126649 0.4915093 0.8635538 0 0 0 0 1 0.808251 0.4856484 -0.3329804 0.07051825 -0.586256 0.7165875 -0.3778969 -0.01395916 0.05508458 0.5006474 0.863897 0 0 0 0 1 0.7907536 0.525819 -0.3134059 0.07051813 -0.6121013 0.6845583 -0.3958684 -0.01395905 0.006389439 0.5048705 0.8631715 0 0 0 0 1 0.7727945 0.5639916 -0.2910365 0.07051813 -0.6332686 0.6549389 -0.4123418 -0.0139594 -0.04194617 0.5029599 0.8632913 0 0 0 0 1 0.7551389 0.5980272 -0.2685682 0.07051813 -0.6498348 0.6287935 -0.4270052 -0.01395905 -0.08648657 0.4969732 0.8634454 0 0 0 0 1 0.7390287 0.6260097 -0.2488946 0.07051819 -0.6621704 0.6070284 -0.4393711 -0.01395916 -0.1239644 0.4895186 0.8631364 0 0 0 0 1 0.7259999 0.6462718 -0.2350679 0.07051825 -0.6708477 0.5903568 -0.4488235 -0.01395916 -0.151288 0.4835405 0.862149 0 0 0 0 1</float_array>
        <technique_common>
          <accessor source="#node-Bip01_Head_matrix-output-array" count="11" stride="16">
            <param name="TRANSFORM" type="float4x4"/>
          </accessor>
