<?xml version="1.0" encoding="utf-8"?>
<COLLADA xmlns="http://www.collada.org/2005/11/COLLADASchema" version="1.4.1">
  <asset>
    <contributor>
      <author>MattO</author>
      <authoring_tool>OpenCOLLADA for 3ds Max;  Version: 1.3.0;  Revision: 839M;  Platform: x64;  Configuration: Release_Max2012</authoring_tool>
      <source_data>file:///C:/Dropbox/Prj/GGStout/Ryder/TP_Soldier_Ryder_Animation_Master.max</source_data>
    </contributor>
    <created>2011-09-29T18:38:01</created>
    <modified>2011-09-29T18:38:01</modified>
    <unit name="meter" meter="1"/>
    <up_axis>Z_UP</up_axis>
  </asset>
  <library_effects>
    <effect id="ShapeBounds">
      <profile_COMMON>
        <technique sid="common">
          <blinn>
            <emission>
              <color>0 0 0 1</color>
            </emission>
            <ambient>
              <color>0.1647059 1 0 1</color>
            </ambient>
            <diffuse>
              <color>0.1647059 1 0 1</color>
            </diffuse>
            <specular>
              <color>0.9 0.9 0.9 1</color>
            </specular>
            <shininess>
              <float>10</float>
            </shininess>
            <reflective>
              <color>0 0 0 1</color>
            </reflective>
            <transparent opaque="A_ONE">
              <color>1 1 1 1</color>
            </transparent>
            <transparency>
              <float>1</float>
            </transparency>
          </blinn>
        </technique>
      </profile_COMMON>
      <extra>
        <technique profile="OpenCOLLADA3dsMax">
          <extended_shader>
            <apply_reflection_dimming>0</apply_reflection_dimming>
            <dim_level>0</dim_level>
            <falloff_type>0</falloff_type>
            <index_of_refraction>1.5</index_of_refraction>
            <opacity_type>0</opacity_type>
            <reflection_level>3</reflection_level>
            <wire_size>1</wire_size>
            <wire_units>0</wire_units>
          </extended_shader>
          <shader>
            <ambient_diffuse_lock>1</ambient_diffuse_lock>
            <ambient_diffuse_texture_lock>1</ambient_diffuse_texture_lock>
            <diffuse_specular_lock>0</diffuse_specular_lock>
            <soften>0.1</soften>
            <use_self_illum_color>0</use_self_illum_color>
          </shader>
        </technique>
      </extra>
    </effect>
  </library_effects>
  <library_materials>
    <material id="ShapeBounds-material" name="ShapeBounds">
      <instance_effect url="#ShapeBounds"/>
    </material>
  </library_materials>
  <library_geometries>
    <geometry id="geom-Bounds" name="Bounds">
      <mesh>
        <source id="geom-Bounds-positions">
          <float_array id="geom-Bounds-positions-array" count="24">-0.425 -0.425 0 0.425 -0.425 0 -0.425 0.425 0 0.425 0.425 0 -0.425 -0.425 1.84 0.425 -0.425 1.84 -0.425 0.425 1.84 0.425 0.425 1.84</float_array>
          <technique_common>
            <accessor source="#geom-Bounds-positions-array" count="8" stride="3">
              <param name="X" type="float"/>
              <param name="Y" type="float"/>
              <param name="Z" type="float"/>
            </accessor>
          </technique_common>
        </source>
        <source id="geom-Bounds-normals">
          <float_array id="geom-Bounds-normals-array" count="72">0 0 -1 0 0 -1 0 0 -1 0 0 -1 0 0 1 0 0 1 0 0 1 0 0 1 0 -1 0 0 -1 0 0 -1 0 0 -1 0 1 0 0 1 0 0 1 0 0 1 0 0 0 1 0 0 1 0 0 1 0 0 1 0 -1 0 0 -1 0 0 -1 0 0 -1 0 0</float_array>
          <technique_common>
            <accessor source="#geom-Bounds-normals-array" count="24" stride="3">
              <param name="X" type="float"/>
              <param name="Y" type="float"/>
              <param name="Z" type="float"/>
            </accessor>
          </technique_common>
        </source>
        <source id="geom-Bounds-map1">
          <float_array id="geom-Bounds-map1-array" count="36">0 0 0 1 0 0 0 1 0 1 1 0 0 0 0 1 0 0 0 1 0 1 1 0 0 0 0 1 0 0 0 1 0 1 1 0</float_array>
          <technique_common>
            <accessor source="#geom-Bounds-map1-array" count="12" stride="3">
              <param name="S" type="float"/>
              <param name="T" type="float"/>
              <param name="P" type="float"/>
            </accessor>
          </technique_common>
        </source>
        <vertices id="geom-Bounds-vertices">
          <input semantic="POSITION" source="#geom-Bounds-positions"/>
        </vertices>
        <triangles material="ShapeBounds" count="12">
          <input semantic="VERTEX" source="#geom-Bounds-vertices" offset="0"/>
          <input semantic="NORMAL" source="#geom-Bounds-normals" offset="1"/>
          <input semantic="TEXCOORD" source="#geom-Bounds-map1" offset="2" set="0"/>
          <p>0 0 9 2 1 11 3 2 10 3 2 10 1 3 8 0 0 9 4 4 8 5 5 9 7 6 11 7 6 11 6 7 10 4 4 8 0 8 4 1 9 5 5 10 7 5 10 7 4 11 6 0 8 4 1 12 0 3 13 1 7 14 3 7 14 3 5 15 2 1 12 0 3 16 4 2 17 5 6 18 7 6 18 7 7 19 6 3 16 4 2 20 0 0 21 1 4 22 3 4 22 3 6 23 2 2 20 0</p>
        </triangles>
      </mesh>
      <extra>
        <technique profile="OpenCOLLADA3dsMax">
          <max_box>
            <generateuvs>1</generateuvs>
            <height>1.84</height>
            <heightsegments>1</heightsegments>
            <length>0.85</length>
            <lengthsegments>1</lengthsegments>
            <width>0.85</width>
            <widthsegments>1</widthsegments>
          </max_box>
        </technique>
      </extra>
    </geometry>
  </library_geometries>
  <library_lights>
    <light id="EnvironmentAmbientLight" name="EnvironmentAmbientLight">
      <technique_common>
        <ambient>
          <color>0 0 0</color>
        </ambient>
      </technique_common>
    </light>
  </library_lights>
  <library_visual_scenes>
    <visual_scene id="MaxScene">
      <node name="EnvironmentAmbientLight">
        <instance_light url="#EnvironmentAmbientLight"/>
      </node>
      <node id="node-Bip01" name="Bip01">
        <matrix sid="matrix">0.7792376 -0.6267174 0.003750255 -8.10623e-5 0.6267048 0.7791419 -0.01338059 0.009375515 0.005463867 0.01277696 0.9999034 0.607932 0 0 0 1</matrix>
        <node id="node-Bip01_Pelvis" name="Bip01_Pelvis">
          <matrix sid="matrix">0.1367748 0.9892851 0.0510668 0 0.1862078 -0.07630827 0.9795427 0 0.9729436 -0.1244677 -0.1946497 0 0 0 0 1</matrix>
          <node id="node-Bip01_Spine" name="Bip01_Spine">
            <matrix sid="matrix">0.9964535 0.02051433 -0.08160786 0.1974946 -0.01130556 0.9936729 0.1117426 0.001449905 0.08338387 -0.1104237 0.9903806 -0.03741521 0 0 0 1</matrix>
            <node id="node-Bip01_Spine1" name="Bip01_Spine1">
              <matrix>0.9850422 0.02363097 -0.1706855 0.1022276 -0.01319335 0.9979872 0.06202875 -1.00825e-4 0.1718077 -0.058849 0.9833713 5.90086e-6 0 0 0 1</matrix>
              <node id="node-Bip01_Spine2" name="Bip01_Spine2">
                <matrix sid="matrix">0.9515405 -0.2926472 0.09448946 0.1269161 0.2798769 0.9514298 0.1282584 -1.62985e-4 -0.1274346 -0.09559773 0.9872291 1.63615e-5 0 0 0 1</matrix>
                <node id="node-Bip01_Neck" name="Bip01_Neck">
                  <matrix>0.840708 -0.4308255 0.3280236 0.2151071 0.4136218 0.9019012 0.1244631 -4.97103e-5 -0.3494668 0.03104065 0.9364344 -1.78814e-6 0 0 0 1</matrix>
                  <node id="node-Bip01_Head" name="Bip01_Head">
                    <matrix sid="matrix">0.9539343 -0.1955321 -0.2275445 0.07051814 -0.1498 0.346705 -0.925935 -0.01395917 0.2599408 0.9173673 0.301443 0 0 0 0 1</matrix>
                    <node id="node-ALTEYE" name="ALTEYE">
                      <matrix sid="matrix">0.4506336 0.367438 0.8135843 0.06454706 0.04412809 0.9010826 -0.4313966 0.221461 -0.8916177 0.2303035 0.3898437 0.04716259 0 0 0 1</matrix>
                    </node>
                  </node>
                  <node id="node-Bip01_L_Clavicle" name="Bip01_L_Clavicle">
                    <matrix>-0.5778345 -0.4531803 0.6787746 -0.04690343 0.2838089 -0.8913432 -0.3534966 -0.01204759 0.7652187 -0.01162018 0.6436654 0.05588406 0 0 0 1</matrix>
                    <node id="node-Bip01_L_UpperArm" name="Bip01_L_UpperArm">
                      <matrix sid="matrix">0.8828889 -0.1261593 0.4523178 0.1824007 -0.1999928 0.7704859 0.6052721 0 -0.4248652 -0.6248482 0.6550224 1.19209e-7 0 0 0 1</matrix>
                      <node id="node-Bip01_L_Forearm" name="Bip01_L_Forearm">
                        <matrix sid="matrix">-0.6509288 0.7591386 0 0.284369 -0.7591387 -0.6509289 1.49012e-8 2.98023e-8 4.47035e-8 -1.49012e-8 0.9999999 -1.19209e-7 0 0 0 1</matrix>
                        <node id="node-Bip01_L_Hand" name="Bip01_L_Hand">
                          <matrix sid="matrix">0.877322 0.4022667 -0.2617016 0.2810681 0.3132089 -0.8931245 -0.3228453 -1.49012e-7 -0.363602 0.201272 -0.9095512 0 0 0 0 1</matrix>
                          <node id="node-Bip01_L_Finger0" name="Bip01_L_Finger0">
                            <matrix>0.6413841 0.3141903 0.6999364 0.02119672 0.7352948 0.008702882 -0.6776913 -0.004734159 -0.2190155 0.94932 -0.2254408 -0.02572179 0 0 0 1</matrix>
                            <node id="node-Bip01_L_Finger01" name="Bip01_L_Finger01">
                              <matrix>0.9975641 -0.06975642 2.98023e-8 0.04982865 0.0697565 0.9975643 -2.98023e-8 -5.96046e-8 -5.96046e-8 -2.98023e-8 1 0 0 0 0 1</matrix>
                              <node id="node-Bip01_L_Finger02" name="Bip01_L_Finger02">
                                <matrix>0.9203135 0.3911814 2.98023e-8 0.05202246 -0.3911814 0.9203134 7.45058e-9 0 0 7.45058e-9 1 2.98023e-8 0 0 0 1</matrix>
                              </node>
                            </node>
                          </node>
                          <node id="node-Bip01_L_Finger1" name="Bip01_L_Finger1">
                            <matrix>0.9592717 -0.2819768 -0.01693496 0.1199947 0.2798395 0.9567645 -0.07931918 -0.008367538 0.038569 0.07134952 0.9967054 -0.04101384 0 0 0 1</matrix>
                            <node id="node-Bip01_L_Finger11" name="Bip01_L_Finger11">
                              <matrix>0.7001772 -0.7139691 0 0.03644168 0.7139691 0.7001772 0 -5.96046e-8 0 2.6077e-8 1 5.96046e-8 0 0 0 1</matrix>
                              <node id="node-Bip01_L_Finger12" name="Bip01_L_Finger12">
                                <matrix>0.8757259 -0.4828087 0 0.03117543 0.4828087 0.8757258 3.72529e-9 0 -5.96046e-8 -1.49012e-8 0.9999999 -5.96046e-8 0 0 0 1</matrix>
                              </node>
                            </node>
                          </node>
                          <node id="node-Bip01_L_Finger2" name="Bip01_L_Finger2">
                            <matrix>0.9066656 -0.4205882 -0.03260919 0.1229538 0.4217876 0.9024836 0.08728339 -0.008802056 -0.007281095 -0.09289105 0.9956495 -0.01328242 0 0 0 1</matrix>
                            <node id="node-Bip01_L_Finger21" name="Bip01_L_Finger21">
                              <matrix>0.8156036 -0.5786113 -1.49012e-8 0.03895521 0.5786111 0.8156036 1.49012e-8 0 0 7.45058e-9 0.9999999 0 0 0 0 1</matrix>
                              <node id="node-Bip01_L_Finger22" name="Bip01_L_Finger22">
                                <matrix>0.9762959 -0.2164396 -1.49012e-8 0.03800565 0.2164396 0.9762959 -5.58794e-9 0 0 -2.04891e-8 0.9999999 -5.96046e-8 0 0 0 1</matrix>
                              </node>
                            </node>
                          </node>
                          <node id="node-Bip01_L_Finger3" name="Bip01_L_Finger3">
                            <matrix>0.9367908 -0.3380131 -0.09038845 0.1211882 0.3480916 0.926498 0.1429456 -0.001191318 0.03542732 -0.1653736 0.9855944 0.01196861 0 0 0 1</matrix>
                            <node id="node-Bip01_L_Finger31" name="Bip01_L_Finger31">
                              <matrix>0.9381478 -0.3462349 -7.45058e-9 0.03155839 0.3462352 0.9381478 1.49012e-8 0 -1.49012e-8 -7.45058e-9 1 5.96046e-8 0 0 0 1</matrix>
                              <node id="node-Bip01_L_Finger32" name="Bip01_L_Finger32">
                                <matrix>0.8922838 -0.4514751 -1.49012e-8 0.03366613 0.451475 0.8922839 -7.45058e-9 2.98023e-8 0 -7.91624e-9 1 5.96046e-8 0 0 0 1</matrix>
                              </node>
                            </node>
                          </node>
                          <node id="node-Bip01_L_Finger4" name="Bip01_L_Finger4">
                            <matrix>0.9820986 -0.1883418 0.003122147 0.1136797 0.1857741 0.9711843 0.1492954 0.005147457 -0.03115074 -0.1460429 0.9887877 0.03886586 0 0 0 1</matrix>
                            <node id="node-Bip01_L_Finger41" name="Bip01_L_Finger41">
                              <matrix>0.8499687 -0.5268334 0 0.03661627 0.5268334 0.8499687 -1.49012e-8 0 0 3.72529e-9 1 0 0 0 0 1</matrix>
                              <node id="node-Bip01_L_Finger42" name="Bip01_L_Finger42">
                                <matrix>0.9624562 -0.2714372 7.45058e-9 0.0177263 0.2714371 0.9624562 3.72529e-9 2.98023e-8 1.49012e-8 -1.86265e-9 1 -5.96046e-8 0 0 0 1</matrix>
                              </node>
                            </node>
                          </node>
                        </node>
                      </node>
                    </node>
                  </node>
                  <node id="node-Bip01_R_Clavicle" name="Bip01_R_Clavicle">
                    <matrix>0.2073932 -0.1669673 -0.9639035 8.6689e-4 0.5679267 -0.781728 0.2576056 -0.01629037 -0.7965222 -0.6008521 -0.06729981 -0.07212143 0 0 0 1</matrix>
                    <node id="node-Bip01_R_UpperArm" name="Bip01_R_UpperArm">
                      <matrix sid="matrix">-0.158745 0.9492047 -0.2716802 0.1824007 -0.981918 -0.1230374 0.1438706 -2.98023e-8 0.1031357 0.2896065 0.9515728 1.19209e-7 0 0 0 1</matrix>
                      <node id="node-Bip01_R_Forearm" name="Bip01_R_Forearm">
                        <matrix>0.5407854 0.8411605 0 0.2843689 -0.8411606 0.5407856 2.98023e-8 0 0 2.98023e-8 1 0 0 0 0 1</matrix>
                        <node id="node-Bip01_R_Hand" name="Bip01_R_Hand">
                          <matrix>0.970637 0.2201094 0.09703484 0.281068 0.2283399 -0.7161987 -0.6594849 5.96046e-8 -0.07566257 0.6622773 -0.7454287 0 0 0 0 1</matrix>
                          <node id="node-Bip01_R_Finger0" name="Bip01_R_Finger0">
                            <matrix>0.5215105 0.269013 -0.8097274 0.02119678 0.7250717 0.3605265 0.5867639 -0.004734248 0.4497753 -0.893114 -0.00703552 0.02572155 0 0 0 1</matrix>
                            <node id="node-Bip01_R_Finger01" name="Bip01_R_Finger01">
                              <matrix>0.6423534 -0.7636236 0.06527571 0.04982853 0.7605615 0.6456373 0.0685474 -1.19209e-7 -0.09448881 0.005614519 0.9955101 0 0 0 0 1</matrix>
                              <node id="node-Bip01_R_Finger02" name="Bip01_R_Finger02">
                                <matrix>0.9505157 -0.3106764 -7.45058e-9 0.05202235 0.3106765 0.9505158 2.23517e-8 0 -7.07805e-8 -2.23517e-8 1 -5.96046e-8 0 0 0 1</matrix>
                              </node>
                            </node>
                          </node>
                          <node id="node-Bip01_R_Finger1" name="Bip01_R_Finger1">
                            <matrix>0.9820225 -0.1733427 -0.07472672 0.1199946 0.1795577 0.9799359 0.08651488 -0.008367553 0.05823065 -0.09837735 0.9934441 0.04101384 0 0 0 1</matrix>
                            <node id="node-Bip01_R_Finger11" name="Bip01_R_Finger11">
                              <matrix>0.8240548 -0.5665104 -7.45058e-9 0.03644168 0.5665103 0.8240547 -7.45058e-9 -5.96046e-8 -1.49012e-8 1.49012e-8 1 1.19209e-7 0 0 0 1</matrix>
                              <node id="node-Bip01_R_Finger12" name="Bip01_R_Finger12">
                                <matrix>0.8146399 -0.5796779 0.01831833 0.03117549 0.5799673 0.8142334 -0.02573051 -5.96046e-8 -7.45058e-9 0.03158511 0.9995012 -1.19209e-7 0 0 0 1</matrix>
                              </node>
                            </node>
                          </node>
                          <node id="node-Bip01_R_Finger2" name="Bip01_R_Finger2">
                            <matrix>0.6754013 -0.7374503 -1.52119e-4 0.1229538 0.7368313 0.6748427 -0.04082685 -0.008802041 0.03021042 0.02746242 0.9991663 0.01328254 0 0 0 1</matrix>
                            <node id="node-Bip01_R_Finger21" name="Bip01_R_Finger21">
                              <matrix>0.5508358 -0.8338857 -0.0348487 0.03895527 0.832222 0.551937 -0.05265062 -5.96046e-8 0.0631389 -1.49012e-8 0.9980049 0 0 0 0 1</matrix>
                              <node id="node-Bip01_R_Finger22" name="Bip01_R_Finger22">
                                <matrix>0.1984736 -0.9799249 0.01886613 0.03800541 0.9755273 0.1993682 0.09272985 1.19209e-7 -0.09462959 0 0.9955126 0 0 0 0 1</matrix>
                              </node>
                            </node>
                          </node>
                          <node id="node-Bip01_R_Finger3" name="Bip01_R_Finger3">
                            <matrix>0.7159053 -0.6949216 0.06755454 0.1211881 0.6883786 0.6863562 -0.234627 -0.001191229 0.1166809 0.2144738 0.9697352 -0.01196885 0 0 0 1</matrix>
                            <node id="node-Bip01_R_Finger31" name="Bip01_R_Finger31">
                              <matrix>0.4441952 -0.8949344 0.04222351 0.03155845 0.8909185 0.4461975 0.08468728 -5.96046e-8 -0.09462957 3.72529e-8 0.9955127 0 0 0 0 1</matrix>
                              <node id="node-Bip01_R_Finger32" name="Bip01_R_Finger32">
                                <matrix>0.1993682 -0.9794359 -0.03095103 0.03366604 0.9799247 0.1992687 0.006297074 5.96046e-8 -1.21072e-8 -0.03158512 0.9995012 1.19209e-7 0 0 0 1</matrix>
                              </node>
                            </node>
                          </node>
                          <node id="node-Bip01_R_Finger4" name="Bip01_R_Finger4">
                            <matrix>0.5925791 -0.789795 -0.1583476 0.1136798 0.7783521 0.6120424 -0.1399001 0.005147412 0.2074078 -0.04034826 0.9774221 -0.0388658 0 0 0 1</matrix>
                            <node id="node-Bip01_R_Finger41" name="Bip01_R_Finger41">
                              <matrix>0.4202555 -0.9064697 0.04120624 0.03661621 0.906853 0.421151 0.0157878 0 -0.03166524 0.03073306 0.999026 0 0 0 0 1</matrix>
                              <node id="node-Bip01_R_Finger42" name="Bip01_R_Finger42">
                                <matrix>0.4024471 -0.9138246 -0.05441485 0.0177263 0.915423 0.4021219 0.0172832 -5.96046e-8 0.006087616 -0.05676816 0.9983688 -5.96046e-8 0 0 0 1</matrix>
                              </node>
                            </node>
                          </node>
                          <node id="node-MOUNT0" name="MOUNT0">
                            <matrix>-6.1933e-7 1 3.72529e-9 0.109539 -1 -6.6153e-7 4.74975e-7 0.0251826 4.73112e-7 0 1 0.0132165 0 0 0 1</matrix>
                          </node>
                        </node>
                      </node>
                    </node>
                  </node>
                </node>
                <node id="node-Bip01_L_Pauldron_Upper" name="Bip01_L_Pauldron_Upper">
                  <matrix>0.9726267 0.1182923 0.2000107 0.1769029 0.1448455 -0.9816831 -0.1237686 -0.03908366 0.1817062 0.1493513 -0.9719452 0.2290199 0 0 0 1</matrix>
                </node>
                <node id="node-Bip01_R_Pauldron_Lower" name="Bip01_R_Pauldron_Lower">
                  <matrix sid="matrix">0.2382786 -0.8404611 -0.4866714 0.172906 0.6020942 -0.2653517 0.7530416 -0.1133294 -0.7620409 -0.4724557 0.4428089 -0.2351094 0 0 0 1</matrix>
                </node>
                <node id="node-Bip01_L_Pauldron_Lower" name="Bip01_L_Pauldron_Lower">
                  <matrix sid="matrix">0.06499407 -0.7687204 0.6362742 0.1529202 0.08201759 -0.63135 -0.7711487 -0.1054225 0.9945094 0.1023058 0.02201462 0.2344801 0 0 0 1</matrix>
                </node>
              </node>
            </node>
            <node id="node-Bip01_L_Thigh" name="Bip01_L_Thigh">
              <matrix sid="matrix">-0.08496985 0.986418 -0.1405687 -0.1830279 0.5748174 0.1637641 0.801727 -0.02370107 0.8138582 -0.01267874 -0.5809253 0.1792705 0 0 0 1</matrix>
              <node id="node-Bip01_L_Calf" name="Bip01_L_Calf">
                <matrix sid="matrix">-0.4153079 0.9096811 1.86265e-9 0.4629988 -0.9096808 -0.415308 7.45058e-9 0 -4.84288e-8 2.04891e-8 1 1.49012e-8 0 0 0 1</matrix>
                <node id="node-Bip01_L_Foot" name="Bip01_L_Foot">
                  <matrix sid="matrix">0.7530298 -0.6469463 -0.1200275 0.3610501 0.6569548 0.7494441 0.08211901 0 0.03682737 -0.1406907 0.9893683 0 0 0 0 1</matrix>
                  <node id="node-Bip01_L_Toe0" name="Bip01_L_Toe0">
                    <matrix>4.69387e-7 -1 1.38953e-6 0.1486306 0.9999999 4.76837e-7 2.21771e-8 0.1543275 -2.22353e-8 1.39046e-6 1 0 0 0 0 1</matrix>
                  </node>
                </node>
              </node>
            </node>
            <node id="node-Bip01_R_Thigh" name="Bip01_R_Thigh">
              <matrix sid="matrix">-0.6850495 0.6911955 0.2301218 -0.2042881 0.7109293 0.5653476 0.4182841 0.004453599 0.1590174 0.4501458 -0.8786821 -0.07324976 0 0 0 1</matrix>
              <node id="node-Bip01_R_Calf" name="Bip01_R_Calf">
                <matrix sid="matrix">-0.4964778 0.8680496 -5.96046e-8 0.4629987 -0.8680493 -0.4964778 1.49012e-8 2.98023e-8 -7.26432e-8 5.96046e-8 1 2.98023e-8 0 0 0 1</matrix>
                <node id="node-Bip01_R_Foot" name="Bip01_R_Foot">
                  <matrix sid="matrix">0.8600188 -0.5056537 0.06842488 0.3610501 0.4843522 0.8511635 0.2022956 0 -0.1605324 -0.1408362 0.9769312 -2.98023e-8 0 0 0 1</matrix>
                  <node id="node-Bip01_R_Toe0" name="Bip01_R_Toe0">
                    <matrix sid="matrix">-0.4769143 -0.8369299 0.2685164 0.1486307 0.8723612 -0.4880459 0.02823369 0.1543275 0.1074188 0.2477084 0.9628613 -2.98023e-8 0 0 0 1</matrix>
                  </node>
                </node>
              </node>
            </node>
          </node>
          <node id="node-Bip01_FannyPack" name="Bip01_FannyPack">
            <matrix sid="matrix">-0.8322091 -0.4771122 0.2824753 0.2028495 -0.493215 0.8697606 0.01598549 -0.1504242 -0.2533128 -0.1260178 -0.9591416 -0.00856515 0 0 0 1</matrix>
          </node>
        </node>
        <node id="node-EYE" name="EYE">
          <matrix sid="matrix">0.7792378 0.6267046 0.005463829 0.0674717 -0.6267174 0.7791417 0.01277699 0.08352783 0.003750302 -0.01338077 0.9999032 0.9609995 0 0 0 1</matrix>
          <node id="node-CAM" name="CAM">
            <matrix>1 -6.03104e-8 3.55271e-15 4.84288e-8 6.03104e-8 1 -2.32831e-9 -0.104 -3.55271e-15 2.32832e-9 1 0.3005601 0 0 0 1</matrix>
          </node>
        </node>
      </node>
      <node id="node-Bounds" name="Bounds">
        <matrix>0.9999915 0.001706907 0.003750479 0 -0.001711356 0.9999978 0.001183292 0.1035326 -0.003748452 -0.0011897 0.9999923 -8.93474e-5 0 0 0 1</matrix>
        <instance_geometry url="#geom-Bounds">
          <bind_material>
            <technique_common>
              <instance_material symbol="ShapeBounds" target="#ShapeBounds-material"/>
            </technique_common>
          </bind_material>
        </instance_geometry>
      </node>
    </visual_scene>
  </library_visual_scenes>
  <library_animations>
    <animation>
      <source id="node-Bip01_matrix-input">
        <float_array id="node-Bip01_matrix-input-array" count="16">36 36.03333 36.06667 36.1 36.13334 36.16667 36.2 36.23333 36.26667 36.3 36.33333 36.36666 36.4 36.43333 36.46667 36.5</float_array>
        <technique_common>
          <accessor source="#node-Bip01_matrix-input-array" count="16" stride="1">
            <param name="TIME" type="float"/>
          </accessor>
        </technique_common>
      </source>
      <source id="node-Bip01_matrix-output">
        <float_array id="node-Bip01_matrix-output-array" count="256">0.7792376 -0.6267174 0.003750205 -8.10623e-5 0.6267048 0.7791419 -0.01338058 0.009375512 0.005463838 0.01277691 0.9999035 0.607932 0 0 0 1 0.7792376 -0.6267173 0.003750264 -8.10623e-5 0.6267178 0.7792454 0.00118345 0.009376823 -0.003664016 0.001428127 0.9999923 0.5656698 0 0 0 1 0.7792376 -0.6267174 0.003750264 -8.10623e-5 0.6259323 0.7785352 0.04573512 0.009377658 -0.03158271 -0.0332911 0.9989466 0.5537705 0 0 0 1 0.7792376 -0.6267174 0.003750324 -8.10623e-5 0.6221312 0.7742311 0.1162714 0.009377956 -0.07577294 -0.08826982 0.9932104 0.5681106 0 0 0 1 0.7792376 -0.6267175 0.003750383 -8.10623e-5 0.6158329 0.7667875 0.1810712 0.009377777 -0.1163563 -0.1387879 0.9834628 0.5941734 0 0 0 1 0.7792376 -0.6267175 0.003750383 -8.10623e-5 0.6122217 0.7624669 0.2093532 0.009377241 -0.1340649 -0.1608397 0.9778329 0.6174427 0 0 0 1 0.7792376 -0.6267175 0.003750383 -8.10623e-5 0.6128337 0.7632009 0.2048393 0.009376406 -0.1312387 -0.1573201 0.9787884 0.635347 0 0 0 1 0.7792376 -0.6267175 0.003750383 -8.10623e-5 0.6144539 0.7651407 0.1923696 0.009375393 -0.123431 -0.1475971 0.9813154 0.6546787 0 0 0 1 0.7792376 -0.6267174 0.003750383 -8.10623e-5 0.6167055 0.7678277 0.1735367 0.00937432 -0.1116381 -0.1329134 0.9848203 0.6749681 0 0 0 1 0.7792376 -0.6267175 0.003750383 -8.10623e-5 0.6191982 0.7707857 0.1499432 0.009373128 -0.09686279 -0.1145191 0.9886875 0.6957402 0 0 0 1 0.7792376 -0.6267173 0.003750324 -8.10623e-5 0.6215862 0.7735951 0.123212 0.009371876 -0.08012038 -0.09368026 0.9923733 0.7165252 0 0 0 1 0.7792376 -0.6267173 0.003750324 -8.10623e-5 0.6236097 0.7759421 0.09499943 0.009370684 -0.06244784 -0.07168841 0.9954703 0.7368515 0 0 0 1 0.7792376 -0.6267175 0.003750264 -8.10623e-5 0.6251183 0.7776501 0.0669893 0.009369492 -0.04489982 -0.04985618 0.9977467 0.7562475 0 0 0 1 0.7792377 -0.6267173 0.003750264 -8.10623e-5 0.6260783 0.7786878 0.0408802 0.009368419 -0.02854061 -0.02950739 0.999157 0.7742432 0 0 0 1 0.7792376 -0.6267174 0.003750264 -8.10623e-5 0.6265622 0.7791547 0.01837998 0.009367406 -0.01444107 -0.0119726 0.9998241 0.790364 0 0 0 1 0.7792376 -0.6267173 0.003750264 -8.10623e-5 0.6267178 0.7792454 0.00118345 0.009366631 -0.003664016 0.001428127 0.9999923 0.8041399 0 0 0 1</float_array>
        <technique_common>
          <accessor source="#node-Bip01_matrix-output-array" count="16" stride="16">
            <param name="TRANSFORM" type="float4x4"/>
          </accessor>
        </technique_common>
      </source>
      <source id="node-Bip01_matrix-interpolation">
        <Name_array id="node-Bip01_matrix-interpolation-array" count="16">LINEAR LINEAR LINEAR LINEAR LINEAR LINEAR LINEAR LINEAR LINEAR LINEAR LINEAR LINEAR LINEAR LINEAR LINEAR LINEAR</Name_array>
        <technique_common>
          <accessor source="#node-Bip01_matrix-interpolation-array" count="16" stride="1">
            <param name="INTERPOLATION" type="name"/>
          </accessor>
        </technique_common>
      </source>
      <source id="node-Bip01_Pelvis_matrix-input">
        <float_array id="node-Bip01_Pelvis_matrix-input-array" count="16">36 36.03333 36.06667 36.1 36.13334 36.16667 36.2 36.23333 36.26667 36.3 36.33333 36.36666 36.4 36.43333 36.46667 36.5</float_array>
        <technique_common>
          <accessor source="#node-Bip01_Pelvis_matrix-input-array" count="16" stride="1">
            <param name="TIME" type="float"/>
          </accessor>
        </technique_common>
      </source>
      <source id="node-Bip01_Pelvis_matrix-output">
        <float_array id="node-Bip01_Pelvis_matrix-output-array" count="256">0.1367748 0.9892851 0.05106675 0 0.1862078 -0.07630825 0.9795427 0 0.9729436 -0.1244677 -0.1946496 0 0 0 0 1 0.1277902 0.9901062 0.05796164 0 0.1654049 -0.07889783 0.9830647 0 0.9779114 -0.1160389 -0.1738508 0 0 0 0 1 0.1184398 0.9908437 0.06481325 0 0.1440723 -0.08173024 0.9861862 0 0.9824536 -0.1074659 -0.1524332 0 0 0 0 1 0.1087694 0.9914873 0.07156902 0 0.1223336 -0.08479982 0.9888596 0 0.9865109 -0.09880244 -0.1305158 0 0 0 0 1 0.09883493 0.9920283 0.07817631 0 0.1003274 -0.08809459 0.9910469 0 0.9900335 -0.09010684 -0.1082344 0 0 0 0 1 0.08869004 0.9924607 0.08459126 0 0.07818078 -0.09160006 0.992722 0 0.9929863 -0.08143115 -0.08571541 0 0 0 0 1 0.07839667 0.9927812 0.09077185 0 0.05603164 -0.09529602 0.9938707 0 0.9953463 -0.07283002 -0.06309801 0 0 0 0 1 0.06802004 0.9929885 0.09668171 0 0.03401774 -0.0991581 0.99449 0 0.9971039 -0.06435638 -0.04052394 0 0 0 0 1 0.0576238 0.993084 0.1022922 0 0.01226627 -0.1031592 0.9945893 0 0.9982631 -0.05605727 -0.01812589 0 0 0 0 1 0.04728031 0.9930718 0.1075773 0 -0.009083569 -0.1072659 0.9941889 0 0.9988403 -0.04798275 0.003949046 0 0 0 0 1 0.03705775 0.9929584 0.1125192 0 -0.02990812 -0.1114441 0.9933205 0 0.9988654 -0.04017543 0.02556765 0 0 0 0 1 0.02703064 0.9927519 0.1171032 0 -0.0500763 -0.1156542 0.9920265 0 0.9983796 -0.03267925 0.04658716 0 0 0 0 1 0.01727473 0.9924631 0.12132 0 -0.06946074 -0.1198537 0.9903587 0 0.9974351 -0.02553516 0.06686675 0 0 0 0 1 0.007861971 0.9921047 0.1251665 0 -0.08794599 -0.1239994 0.9883773 0 0.9960944 -0.0187785 0.08627671 0 0 0 0 1 -0.001129329 0.9916905 0.1286424 0 -0.105409 -0.1280438 0.986151 0 0.9944283 -0.01244634 0.1046777 0 0 0 0 1 -0.009626686 0.991236 0.1317526 0 -0.1217414 -0.1319403 0.9837534 0 0.9925152 -0.006569385 0.1219446 0 0 0 0 1</float_array>
        <technique_common>
          <accessor source="#node-Bip01_Pelvis_matrix-output-array" count="16" stride="16">
            <param name="TRANSFORM" type="float4x4"/>
          </accessor>
        </technique_common>
      </source>
      <source id="node-Bip01_Pelvis_matrix-interpolation">
        <Name_array id="node-Bip01_Pelvis_matrix-interpolation-array" count="16">LINEAR LINEAR LINEAR LINEAR LINEAR LINEAR LINEAR LINEAR LINEAR LINEAR LINEAR LINEAR LINEAR LINEAR LINEAR LINEAR</Name_array>
        <technique_common>
          <accessor source="#node-Bip01_Pelvis_matrix-interpolation-array" count="16" stride="1">
            <param name="INTERPOLATION" type="name"/>
          </accessor>
        </technique_common>
      </source>
      <source id="node-Bip01_Spine_matrix-input">
        <float_array id="node-Bip01_Spine_matrix-input-array" count="16">36 36.03333 36.06667 36.1 36.13334 36.16667 36.2 36.23333 36.26667 36.3 36.33333 36.36666 36.4 36.43333 36.46667 36.5</float_array>
        <technique_common>
          <accessor source="#node-Bip01_Spine_matrix-input-array" count="16" stride="1">
            <param name="TIME" type="float"/>
          </accessor>
        </technique_common>
      </source>
      <source id="node-Bip01_Spine_matrix-output">
        <float_array id="node-Bip01_Spine_matrix-output-array" count="256">0.9964535 0.0205143 -0.08160781 0.1974946 -0.01130551 0.9936729 0.1117426 0.001449882 0.08338385 -0.1104237 0.9903806 -0.0374152 0 0 0 1 0.9951821 0.008861005 -0.09764295 0.1982463 0.001296043 0.9946315 0.1034718 0.003151059 0.09803569 -0.1030997 0.9898281 -0.03308814 0 0 0 1 0.9934269 -0.003241598 -0.1144232 0.1989034 0.0142129 0.9953568 0.09519928 0.004878759 0.1135833 -0.09619987 0.9888603 -0.02863895 0 0 0 1 0.9911153 -0.01564526 -0.1320832 0.1994554 0.02732276 0.9958278 0.08706623 0.006622076 0.1301699 -0.08990156 0.9874076 -0.02409267 0 0 0 1 0.9881706 -0.02818328 -0.1507476 0.1998939 0.04049086 0.9960356 0.07920759 0.008369028 0.1479176 -0.0843746 0.9853941 -0.01947778 0 0 0 1 0.9845077 -0.04067772 -0.1705573 0.2002133 0.05358135 0.9959827 0.07174658 0.01010912 0.1669538 -0.07977384 0.9827324 -0.01482057 0 0 0 1 0.980066 -0.05332803 -0.1913816 0.2004105 0.06680488 0.9956684 0.06466746 0.0118314 0.187104 -0.0761637 0.9793832 -0.01014995 0 0 0 1 0.9748409 -0.06631898 -0.2128071 0.2004855 0.08032369 0.9950891 0.0578435 0.0135253 0.2079259 -0.07348179 0.9753806 -0.005495071 0 0 0 1 0.9688517 -0.07944357 -0.2345535 0.2004409 0.09392976 0.9942598 0.05123102 0.01518148 0.2291372 -0.07166677 0.9707522 -8.83162e-4 0 0 0 1 0.9621534 -0.09249871 -0.2563296 0.2002817 0.1074189 0.9932042 0.04479932 0.01679009 0.2504438 -0.07063835 0.9655508 0.003655791 0 0 0 1 0.954833 -0.105295 -0.2778613 0.2000156 0.120599 0.9919534 0.03852349 0.01834273 0.2715692 -0.0702933 0.9598485 0.008094727 0 0 0 1 0.9470135 -0.1176526 -0.29887 0.1996529 0.1332836 0.9905485 0.03239125 0.01983094 0.2922343 -0.07050949 0.9537439 0.01240479 0 0 0 1 0.9388501 -0.1294054 -0.3190845 0.1992061 0.145295 0.9890362 0.02639937 0.02124685 0.3121698 -0.07114642 0.9473586 0.01655775 0 0 0 1 0.9305235 -0.1404041 -0.3382494 0.1986894 0.1564666 0.9874694 0.02055001 0.02258366 0.3311257 -0.07204705 0.9408322 0.0205276 0 0 0 1 0.9222443 -0.1505104 -0.3561066 0.1981189 0.1666366 0.9859064 0.01485633 0.0238344 0.3488518 -0.07304167 0.9343271 0.0242865 0 0 0 1 0.9142389 -0.1596022 -0.3724172 0.1975123 0.1756539 0.9844078 0.009333312 0.02499341 0.3651208 -0.07394945 0.9280187 0.02780973 0 0 0 1</float_array>
        <technique_common>
          <accessor source="#node-Bip01_Spine_matrix-output-array" count="16" stride="16">
            <param name="TRANSFORM" type="float4x4"/>
          </accessor>
        </technique_common>
      </source>
      <source id="node-Bip01_Spine_matrix-interpolation">
        <Name_array id="node-Bip01_Spine_matrix-interpolation-array" count="16">LINEAR LINEAR LINEAR LINEAR LINEAR LINEAR LINEAR LINEAR LINEAR LINEAR LINEAR LINEAR LINEAR LINEAR LINEAR LINEAR</Name_array>
        <technique_common>
          <accessor source="#node-Bip01_Spine_matrix-interpolation-array" count="16" stride="1">
            <param name="INTERPOLATION" type="name"/>
          </accessor>
        </technique_common>
      </source>
      <source id="node-Bip01_Spine2_matrix-input">
        <float_array id="node-Bip01_Spine2_matrix-input-array" count="16">36 36.03333 36.06667 36.1 36.13334 36.16667 36.2 36.23333 36.26667 36.3 36.33333 36.36666 36.4 36.43333 36.46667 36.5</float_array>
        <technique_common>
          <accessor source="#node-Bip01_Spine2_matrix-input-array" count="16" stride="1">
            <param name="TIME" type="float"/>
          </accessor>
        </technique_common>
      </source>
      <source id="node-Bip01_Spine2_matrix-output">
        <float_array id="node-Bip01_Spine2_matrix-output-array" count="256">0.9515405 -0.2926472 0.09448945 0.1269161 0.2798768 0.9514299 0.1282584 -1.62985e-4 -0.1274345 -0.09559768 0.9872291 1.63615e-5 0 0 0 1 0.9486301 -0.3148943 0.03070145 0.1269198 0.3087924 0.9426229 0.1269236 -1.61454e-4 -0.06890738 -0.1109232 0.9914372 1.90735e-5 0 0 0 1 0.941937 -0.3345594 -0.02871608 0.1269232 0.3354682 0.9338496 0.12404 -1.59945e-4 -0.01468223 -0.1264712 0.9918617 2.17259e-5 0 0 0 1 0.9329286 -0.3509307 -0.08057397 0.1269261 0.3586031 0.9257087 0.120281 -1.58582e-4 0.03237777 -0.1411078 0.9894647 2.40803e-5 0 0 0 1 0.9235883 -0.363506 -0.1218528 0.1269283 0.3770155 0.9188451 0.1165452 -1.57386e-4 0.06959891 -0.1535802 0.985682 2.63155e-5 0 0 0 1 0.9161184 -0.3719103 -0.1497008 0.1269298 0.3896167 0.9139157 0.1138283 -1.56567e-4 0.09447997 -0.162606 0.9821574 2.77758e-5 0 0 0 1 0.9119131 -0.3763926 -0.1635333 0.1269305 0.3963117 0.911159 0.1128106 -1.56105e-4 0.1065436 -0.1676834 0.9800668 2.86996e-5 0 0 0 1 0.9108246 -0.3779105 -0.1660796 0.1269308 0.3983346 0.9101989 0.1134348 -1.55911e-4 0.1082973 -0.1694744 0.9795663 2.90573e-5 0 0 0 1 0.9123558 -0.3770588 -0.1594797 0.1269307 0.396561 0.9107223 0.1154304 -1.56015e-4 0.1017177 -0.1685568 0.9804297 2.88785e-5 0 0 0 1 0.915753 -0.3743416 -0.1458247 0.1269301 0.3918227 0.9123886 0.1184139 -1.56313e-4 0.08872139 -0.1655753 0.9821981 2.83122e-5 0 0 0 1 0.9201891 -0.3702337 -0.1271974 0.1269294 0.3849434 0.9148458 0.121967 -1.56693e-4 0.07120966 -0.1611965 0.98435 2.7597e-5 0 0 0 1 0.9248984 -0.3652263 -0.1057009 0.1269286 0.3767649 0.9177418 0.1256912 -1.57207e-4 0.05110061 -0.156076 0.9864224 2.67029e-5 0 0 0 1 0.9292665 -0.359856 -0.08347082 0.1269276 0.3681614 0.9207344 0.1292478 -1.57714e-4 0.03034389 -0.1508364 0.9880929 2.58386e-5 0 0 0 1 0.9328715 -0.354715 -0.06267094 0.1269267 0.3600432 0.9234962 0.1323752 -1.58191e-4 0.010921 -0.1460534 0.9892165 2.5034e-5 0 0 0 1 0.9354771 -0.3504477 -0.04548394 0.1269261 0.3533493 0.9257155 0.1348885 -1.58601e-4 -0.005166172 -0.1422569 0.9898161 2.43187e-5 0 0 0 1 0.9369743 -0.3477308 -0.03409582 0.1269257 0.349036 0.9270918 0.1366547 -1.58802e-4 -0.01590907 -0.1399427 0.9900318 2.39611e-5 0 0 0 1</float_array>
        <technique_common>
          <accessor source="#node-Bip01_Spine2_matrix-output-array" count="16" stride="16">
            <param name="TRANSFORM" type="float4x4"/>
          </accessor>
        </technique_common>
      </source>
      <source id="node-Bip01_Spine2_matrix-interpolation">
        <Name_array id="node-Bip01_Spine2_matrix-interpolation-array" count="16">LINEAR LINEAR LINEAR LINEAR LINEAR LINEAR LINEAR LINEAR LINEAR LINEAR LINEAR LINEAR LINEAR LINEAR LINEAR LINEAR</Name_array>
        <technique_common>
          <accessor source="#node-Bip01_Spine2_matrix-interpolation-array" count="16" stride="1">
            <param name="INTERPOLATION" type="name"/>
          </accessor>
        </technique_common>
      </source>
      <source id="node-Bip01_Head_matrix-input">
        <float_array id="node-Bip01_Head_matrix-input-array" count="16">36 36.03333 36.06667 36.1 36.13334 36.16667 36.2 36.23333 36.26667 36.3 36.33333 36.36666 36.4 36.43333 36.46667 36.5</float_array>
        <technique_common>
          <accessor source="#node-Bip01_Head_matrix-input-array" count="16" stride="1">
            <param name="TIME" type="float"/>
          </accessor>
        </technique_common>
      </source>
      <source id="node-Bip01_Head_matrix-output">
        <float_array id="node-Bip01_Head_matrix-output-array" count="256">0.9539343 -0.195532 -0.2275445 0.07051813 -0.1498 0.346705 -0.925935 -0.01395916 0.2599408 0.9173673 0.301443 0 0 0 0 1 0.9620754 -0.1479135 -0.2291995 0.07051813 -0.1753137 0.3084517 -0.9349452 -0.01395916 0.208988 0.9396699 0.2708227 0 0 0 0 1 0.9671632 -0.1027857 -0.2324444 0.07051813 -0.1975098 0.2716258 -0.9419179 -0.01395922 0.1599536 0.9568983 0.2424054 0 0 0 0 1 0.9694948 -0.06262928 -0.2369744 0.07051825 -0.2160255 0.2384764 -0.9468166 -0.01395922 0.1158114 0.9691267 0.2176721 0 0 0 0 1 0.9697279 -0.02989387 -0.2423509 0.07051807 -0.230849 0.2113018 -0.9497687 -0.0139591 0.07960134 0.9769638 0.1980043 0 0 0 0 1 0.9687113 -0.006953001 -0.2480924 0.07051831 -0.2421685 0.1923692 -0.9509723 -0.01395928 0.05433732 0.981298 0.1846665 0 0 0 0 1 0.9671447 0.005671858 -0.254163 0.07051825 -0.2509053 0.1823655 -0.9506784 -0.01395928 0.0409584 0.9832144 0.1777971 -1.49012e-7 0 0 0 1 0.9653795 0.01001715 -0.2606566 0.07051819 -0.258166 0.1796454 -0.9492512 -0.0139591 0.03731679 0.9836804 0.176012 0 0 0 0 1 0.9635537 0.007615506 -0.2674068 0.07051807 -0.2642469 0.1828702 -0.9469594 -0.01395905 0.04168927 0.9831076 0.1782177 0 0 0 0 1 0.9616398 4.08292e-6 -0.2743151 0.07051819 -0.2692837 0.1906617 -0.943999 -0.01395916 0.05229759 0.9816558 0.1833491 0 0 0 0 1 0.9595546 -0.01127594 -0.2812966 0.07051813 -0.2733544 0.2016262 -0.9405445 -0.01395905 0.06732231 0.9793977 0.1903891 0 0 0 0 1 0.9572387 -0.0246824 -0.2882446 0.07051819 -0.2765574 0.2143715 -0.9367824 -0.01395922 0.08491325 0.9764404 0.1983785 0 0 0 0 1 0.9547112 -0.03867381 -0.2950099 0.07051807 -0.2790628 0.2275201 -0.93293 -0.0139591 0.1032008 0.9730051 0.2064235 0 0 0 0 1 0.952096 -0.05171865 -0.3013938 0.07051825 -0.2811381 0.2397205 -0.9292447 -0.01395922 0.1203095 0.9694633 0.2136968 0 0 0 0 1 0.949618 -0.06229531 -0.307156 0.07051813 -0.2831444 0.24965 -0.9260153 -0.01395916 0.1343679 0.9663302 0.2194335 0 0 0 0 1 0.9475712 -0.06889545 -0.3120293 0.07051813 -0.2855058 0.2560083 -0.9235511 -0.01395922 0.1435105 0.9642164 0.2229158 0 0 0 0 1</float_array>
        <technique_common>
