<?xml version="1.0" encoding="utf-8"?>
<COLLADA xmlns="http://www.collada.org/2005/11/COLLADASchema" version="1.4.1">
  <asset>
    <contributor>
      <author>MattO</author>
      <authoring_tool>OpenCOLLADA for 3ds Max;  Version: 1.3.0;  Revision: 839M;  Platform: x64;  Configuration: Release_Max2012</authoring_tool>
      <source_data>file:///C:/Dropbox/Prj/GGStout/Ryder/TP_Soldier_Ryder_Animation_Master.max</source_data>
    </contributor>
    <created>2011-09-29T18:38:19</created>
    <modified>2011-09-29T18:38:19</modified>
    <unit name="meter" meter="1"/>
    <up_axis>Z_UP</up_axis>
  </asset>
  <library_effects>
    <effect id="ShapeBounds">
      <profile_COMMON>
        <technique sid="common">
          <blinn>
            <emission>
              <color>0 0 0 1</color>
            </emission>
            <ambient>
              <color>0.1647059 1 0 1</color>
            </ambient>
            <diffuse>
              <color>0.1647059 1 0 1</color>
            </diffuse>
            <specular>
              <color>0.9 0.9 0.9 1</color>
            </specular>
            <shininess>
              <float>10</float>
            </shininess>
            <reflective>
              <color>0 0 0 1</color>
            </reflective>
            <transparent opaque="A_ONE">
              <color>1 1 1 1</color>
            </transparent>
            <transparency>
              <float>1</float>
            </transparency>
          </blinn>
        </technique>
      </profile_COMMON>
      <extra>
        <technique profile="OpenCOLLADA3dsMax">
          <extended_shader>
            <apply_reflection_dimming>0</apply_reflection_dimming>
            <dim_level>0</dim_level>
            <falloff_type>0</falloff_type>
            <index_of_refraction>1.5</index_of_refraction>
            <opacity_type>0</opacity_type>
            <reflection_level>3</reflection_level>
            <wire_size>1</wire_size>
            <wire_units>0</wire_units>
          </extended_shader>
          <shader>
            <ambient_diffuse_lock>1</ambient_diffuse_lock>
            <ambient_diffuse_texture_lock>1</ambient_diffuse_texture_lock>
            <diffuse_specular_lock>0</diffuse_specular_lock>
            <soften>0.1</soften>
            <use_self_illum_color>0</use_self_illum_color>
          </shader>
        </technique>
      </extra>
    </effect>
  </library_effects>
  <library_materials>
    <material id="ShapeBounds-material" name="ShapeBounds">
      <instance_effect url="#ShapeBounds"/>
    </material>
  </library_materials>
  <library_geometries>
    <geometry id="geom-Bounds" name="Bounds">
      <mesh>
        <source id="geom-Bounds-positions">
          <float_array id="geom-Bounds-positions-array" count="24">-0.425 -0.425 0 0.425 -0.425 0 -0.425 0.425 0 0.425 0.425 0 -0.425 -0.425 1.84 0.425 -0.425 1.84 -0.425 0.425 1.84 0.425 0.425 1.84</float_array>
          <technique_common>
            <accessor source="#geom-Bounds-positions-array" count="8" stride="3">
              <param name="X" type="float"/>
              <param name="Y" type="float"/>
              <param name="Z" type="float"/>
            </accessor>
          </technique_common>
        </source>
        <source id="geom-Bounds-normals">
          <float_array id="geom-Bounds-normals-array" count="72">0 0 -1 0 0 -1 0 0 -1 0 0 -1 0 0 1 0 0 1 0 0 1 0 0 1 0 -1 0 0 -1 0 0 -1 0 0 -1 0 1 0 0 1 0 0 1 0 0 1 0 0 0 1 0 0 1 0 0 1 0 0 1 0 -1 0 0 -1 0 0 -1 0 0 -1 0 0</float_array>
          <technique_common>
            <accessor source="#geom-Bounds-normals-array" count="24" stride="3">
              <param name="X" type="float"/>
              <param name="Y" type="float"/>
              <param name="Z" type="float"/>
            </accessor>
          </technique_common>
        </source>
        <source id="geom-Bounds-map1">
          <float_array id="geom-Bounds-map1-array" count="36">0 0 0 1 0 0 0 1 0 1 1 0 0 0 0 1 0 0 0 1 0 1 1 0 0 0 0 1 0 0 0 1 0 1 1 0</float_array>
          <technique_common>
            <accessor source="#geom-Bounds-map1-array" count="12" stride="3">
              <param name="S" type="float"/>
              <param name="T" type="float"/>
              <param name="P" type="float"/>
            </accessor>
          </technique_common>
        </source>
        <vertices id="geom-Bounds-vertices">
          <input semantic="POSITION" source="#geom-Bounds-positions"/>
        </vertices>
        <triangles material="ShapeBounds" count="12">
          <input semantic="VERTEX" source="#geom-Bounds-vertices" offset="0"/>
          <input semantic="NORMAL" source="#geom-Bounds-normals" offset="1"/>
          <input semantic="TEXCOORD" source="#geom-Bounds-map1" offset="2" set="0"/>
          <p>0 0 9 2 1 11 3 2 10 3 2 10 1 3 8 0 0 9 4 4 8 5 5 9 7 6 11 7 6 11 6 7 10 4 4 8 0 8 4 1 9 5 5 10 7 5 10 7 4 11 6 0 8 4 1 12 0 3 13 1 7 14 3 7 14 3 5 15 2 1 12 0 3 16 4 2 17 5 6 18 7 6 18 7 7 19 6 3 16 4 2 20 0 0 21 1 4 22 3 4 22 3 6 23 2 2 20 0</p>
        </triangles>
      </mesh>
      <extra>
        <technique profile="OpenCOLLADA3dsMax">
          <max_box>
            <generateuvs>1</generateuvs>
            <height>1.84</height>
            <heightsegments>1</heightsegments>
            <length>0.85</length>
            <lengthsegments>1</lengthsegments>
            <width>0.85</width>
            <widthsegments>1</widthsegments>
          </max_box>
        </technique>
      </extra>
    </geometry>
  </library_geometries>
  <library_lights>
    <light id="EnvironmentAmbientLight" name="EnvironmentAmbientLight">
      <technique_common>
        <ambient>
          <color>0 0 0</color>
        </ambient>
      </technique_common>
    </light>
  </library_lights>
  <library_visual_scenes>
    <visual_scene id="MaxScene">
      <node name="EnvironmentAmbientLight">
        <instance_light url="#EnvironmentAmbientLight"/>
      </node>
      <node id="node-Bip01" name="Bip01">
        <matrix sid="matrix">0.7792376 -0.6267173 0.003750267 -8.10623e-5 0.6267178 0.7792454 0.001183462 0.009366653 -0.003664074 0.001428161 0.9999923 0.8041399 0 0 0 1</matrix>
        <node id="node-Bip01_Pelvis" name="Bip01_Pelvis">
          <matrix>-0.009626727 0.991236 0.1317526 0 -0.1217413 -0.1319404 0.9837534 0 0.9925151 -0.006569401 0.1219445 0 0 0 0 1</matrix>
          <node id="node-Bip01_Spine" name="Bip01_Spine">
            <matrix>0.9142389 -0.1596023 -0.3724171 0.1975124 0.1756539 0.9844078 0.009333353 0.02499345 0.3651207 -0.07394949 0.9280187 0.02780973 0 0 0 1</matrix>
            <node id="node-Bip01_Spine1" name="Bip01_Spine1">
              <matrix>0.9850423 0.02363099 -0.1706853 0.1022273 -0.01319335 0.9979873 0.06202877 -1.00821e-4 0.1718076 -0.05884902 0.9833713 5.93066e-6 0 0 0 1</matrix>
              <node id="node-Bip01_Spine2" name="Bip01_Spine2">
                <matrix>0.9369743 -0.3477308 -0.03409582 0.1269257 0.349036 0.9270918 0.1366547 -1.58802e-4 -0.01590908 -0.1399427 0.9900318 2.39611e-5 0 0 0 1</matrix>
                <node id="node-Bip01_Neck" name="Bip01_Neck">
                  <matrix>0.840708 -0.4308254 0.3280236 0.215107 0.4136219 0.9019012 0.1244631 -4.96507e-5 -0.3494668 0.03104058 0.9364344 -1.63913e-6 0 0 0 1</matrix>
                  <node id="node-Bip01_Head" name="Bip01_Head">
                    <matrix>0.9475712 -0.06889546 -0.3120292 0.07051814 -0.2855058 0.2560083 -0.923551 -0.01395911 0.1435105 0.9642162 0.222916 -4.47035e-8 0 0 0 1</matrix>
                    <node id="node-ALTEYE" name="ALTEYE">
                      <matrix>0.4506336 0.3792481 0.8081467 0.06454694 0.04412824 0.8947042 -0.4444743 0.2214611 -0.8916178 0.2359567 0.3864482 0.04716259 0 0 0 1</matrix>
                    </node>
                  </node>
                  <node id="node-Bip01_L_Clavicle" name="Bip01_L_Clavicle">
                    <matrix>-0.5778345 -0.4531803 0.6787747 -0.04690343 0.283809 -0.8913432 -0.3534966 -0.01204771 0.7652189 -0.0116202 0.6436656 0.055884 0 0 0 1</matrix>
                    <node id="node-Bip01_L_UpperArm" name="Bip01_L_UpperArm">
                      <matrix>0.9495983 0.1279929 0.2861486 0.1824007 -0.3039903 0.5987973 0.7409668 -2.98023e-8 -0.07650664 -0.790607 0.6075253 0 0 0 0 1</matrix>
                      <node id="node-Bip01_L_Forearm" name="Bip01_L_Forearm">
                        <matrix>-0.6192212 0.7852165 2.98023e-8 0.2843689 -0.7852166 -0.6192213 1.49012e-8 0 -5.96046e-8 -1.49012e-8 1 0 0 0 0 1</matrix>
                        <node id="node-Bip01_L_Hand" name="Bip01_L_Hand">
                          <matrix>0.8445889 0.5014346 -0.1877051 0.2810681 0.3764522 -0.8054364 -0.4577727 2.98023e-8 -0.3807276 0.3159678 -0.8690286 0 0 0 0 1</matrix>
                          <node id="node-Bip01_L_Finger0" name="Bip01_L_Finger0">
                            <matrix>0.6413841 0.3141903 0.6999363 0.02119678 0.7352947 0.008702829 -0.6776913 -0.004734278 -0.2190155 0.94932 -0.2254407 -0.02572185 0 0 0 1</matrix>
                            <node id="node-Bip01_L_Finger01" name="Bip01_L_Finger01">
                              <matrix>0.997564 -0.06975641 0 0.04982865 0.06975646 0.9975641 2.98023e-8 -1.19209e-7 2.98023e-8 -7.07805e-8 1 -2.98023e-8 0 0 0 1</matrix>
                              <node id="node-Bip01_L_Finger02" name="Bip01_L_Finger02">
                                <matrix>0.9203137 0.3911815 0 0.0520221 -0.3911815 0.9203135 0 5.96046e-8 -2.98023e-8 5.96046e-8 1 2.98023e-8 0 0 0 1</matrix>
                              </node>
                            </node>
                          </node>
                          <node id="node-Bip01_L_Finger1" name="Bip01_L_Finger1">
                            <matrix>0.9592717 -0.2819768 -0.01693489 0.1199946 0.2798395 0.9567645 -0.07931918 -0.008367717 0.03856897 0.07134953 0.9967054 -0.04101378 0 0 0 1</matrix>
                            <node id="node-Bip01_L_Finger11" name="Bip01_L_Finger11">
                              <matrix>0.7001772 -0.7139691 -1.49012e-8 0.03644168 0.7139692 0.7001773 -2.98023e-8 -1.19209e-7 0 5.58794e-8 1 5.96046e-8 0 0 0 1</matrix>
                              <node id="node-Bip01_L_Finger12" name="Bip01_L_Finger12">
                                <matrix>0.8757259 -0.4828088 -2.98023e-8 0.03117561 0.4828088 0.8757259 2.23517e-8 8.9407e-8 -2.98023e-8 2.98023e-8 1 0 0 0 0 1</matrix>
                              </node>
                            </node>
                          </node>
                          <node id="node-Bip01_L_Finger2" name="Bip01_L_Finger2">
                            <matrix>0.9066653 -0.4205882 -0.03260922 0.1229538 0.4217875 0.9024835 0.08728345 -0.008802116 -0.007281095 -0.09289104 0.9956496 -0.01328236 0 0 0 1</matrix>
                            <node id="node-Bip01_L_Finger21" name="Bip01_L_Finger21">
                              <matrix>0.8156036 -0.5786111 -1.49012e-8 0.03895509 0.5786111 0.8156036 0 2.98023e-8 1.49012e-8 -1.67638e-8 1 0 0 0 0 1</matrix>
                              <node id="node-Bip01_L_Finger22" name="Bip01_L_Finger22">
                                <matrix>0.9762961 -0.2164397 0 0.03800547 0.2164396 0.9762959 7.45058e-9 0 2.98023e-8 3.81842e-8 1 5.96046e-8 0 0 0 1</matrix>
                              </node>
                            </node>
                          </node>
                          <node id="node-Bip01_L_Finger3" name="Bip01_L_Finger3">
                            <matrix>0.9367908 -0.338013 -0.09038843 0.1211881 0.3480914 0.9264979 0.1429455 -0.001191258 0.03542732 -0.1653736 0.9855943 0.01196867 0 0 0 1</matrix>
                            <node id="node-Bip01_L_Finger31" name="Bip01_L_Finger31">
                              <matrix>0.9381479 -0.3462351 0 0.03155851 0.3462352 0.9381478 0 1.19209e-7 -2.98023e-8 -2.23517e-8 1 5.96046e-8 0 0 0 1</matrix>
                              <node id="node-Bip01_L_Finger32" name="Bip01_L_Finger32">
                                <matrix>0.8922837 -0.451475 0 0.03366601 0.4514749 0.8922837 1.49012e-8 -5.96046e-8 2.98023e-8 1.67638e-8 1 0 0 0 0 1</matrix>
                              </node>
                            </node>
                          </node>
                          <node id="node-Bip01_L_Finger4" name="Bip01_L_Finger4">
                            <matrix>0.9820985 -0.1883418 0.003122181 0.1136796 0.1857741 0.9711841 0.1492954 0.005147338 -0.03115071 -0.1460428 0.9887877 0.03886575 0 0 0 1</matrix>
                            <node id="node-Bip01_L_Finger41" name="Bip01_L_Finger41">
                              <matrix>0.8499687 -0.5268332 -3.72529e-9 0.03661621 0.5268334 0.8499688 -7.45058e-9 0 -1.49012e-8 -1.11759e-8 0.9999999 0 0 0 0 1</matrix>
                              <node id="node-Bip01_L_Finger42" name="Bip01_L_Finger42">
                                <matrix>0.9624561 -0.2714371 0 0.01772618 0.2714371 0.9624563 0 5.96046e-8 -7.45058e-9 7.45058e-9 1 5.96046e-8 0 0 0 1</matrix>
                              </node>
                            </node>
                          </node>
                        </node>
                      </node>
                    </node>
                  </node>
                  <node id="node-Bip01_R_Clavicle" name="Bip01_R_Clavicle">
                    <matrix>0.2073931 -0.1669672 -0.9639035 8.67009e-4 0.5679266 -0.7817281 0.2576057 -0.01629043 -0.7965222 -0.6008521 -0.06729986 -0.07212146 0 0 0 1</matrix>
                    <node id="node-Bip01_R_UpperArm" name="Bip01_R_UpperArm">
                      <matrix>-0.23343 0.9286883 -0.2881809 0.1824006 -0.9698442 -0.2437254 1.59115e-4 5.96046e-8 -0.07008928 0.2795278 0.9575758 -1.19209e-7 0 0 0 1</matrix>
                      <node id="node-Bip01_R_Forearm" name="Bip01_R_Forearm">
                        <matrix>0.5407855 0.8411607 0 0.2843689 -0.8411607 0.5407854 0 5.96046e-8 -4.47035e-8 -5.96046e-8 1 0 0 0 0 1</matrix>
                        <node id="node-Bip01_R_Hand" name="Bip01_R_Hand">
                          <matrix>0.970637 0.2201094 0.09703489 0.281068 0.2283399 -0.7161988 -0.6594849 -1.19209e-7 -0.07566256 0.6622773 -0.7454287 -1.19209e-7 0 0 0 1</matrix>
                          <node id="node-Bip01_R_Finger0" name="Bip01_R_Finger0">
                            <matrix>0.5215106 0.269013 -0.8097275 0.02119672 0.7250717 0.3605264 0.5867638 -0.004734248 0.4497753 -0.8931141 -0.00703549 0.02572203 0 0 0 1</matrix>
                            <node id="node-Bip01_R_Finger01" name="Bip01_R_Finger01">
                              <matrix>0.6423536 -0.7636237 0.06527566 0.04982859 0.7605616 0.6456373 0.06854746 -1.19209e-7 -0.09448878 0.005614456 0.9955102 5.96046e-8 0 0 0 1</matrix>
                              <node id="node-Bip01_R_Finger02" name="Bip01_R_Finger02">
                                <matrix>0.9505156 -0.3106764 -4.65661e-8 0.0520224 0.3106764 0.9505156 2.23517e-8 -1.19209e-7 -5.21541e-8 1.19209e-7 0.9999999 0 0 0 0 1</matrix>
                              </node>
                            </node>
                          </node>
                          <node id="node-Bip01_R_Finger1" name="Bip01_R_Finger1">
                            <matrix>0.9820225 -0.1733427 -0.07472671 0.1199946 0.1795577 0.9799359 0.08651489 -0.008367568 0.05823064 -0.09837732 0.9934441 0.04101396 0 0 0 1</matrix>
                            <node id="node-Bip01_R_Finger11" name="Bip01_R_Finger11">
                              <matrix>0.8240547 -0.5665104 0 0.03644168 0.5665102 0.8240547 0 -5.96046e-8 -8.3819e-9 0 1 0 0 0 0 1</matrix>
                              <node id="node-Bip01_R_Finger12" name="Bip01_R_Finger12">
                                <matrix>0.8146397 -0.5796778 0.01831834 0.03117552 0.5799672 0.8142334 -0.02573049 -1.19209e-7 -7.45058e-9 0.03158509 0.999501 -1.19209e-7 0 0 0 1</matrix>
                              </node>
                            </node>
                          </node>
                          <node id="node-Bip01_R_Finger2" name="Bip01_R_Finger2">
                            <matrix>0.6754014 -0.7374504 -1.52119e-4 0.1229538 0.7368313 0.6748427 -0.04082685 -0.008802027 0.03021043 0.02746242 0.9991662 0.01328242 0 0 0 1</matrix>
                            <node id="node-Bip01_R_Finger21" name="Bip01_R_Finger21">
                              <matrix>0.5508358 -0.8338859 -0.0348487 0.03895521 0.832222 0.5519371 -0.05265062 -5.96046e-8 0.0631389 -9.31323e-9 0.9980047 0 0 0 0 1</matrix>
                              <node id="node-Bip01_R_Finger22" name="Bip01_R_Finger22">
                                <matrix>0.1984734 -0.9799247 0.01886612 0.03800541 0.9755272 0.199368 0.09272985 0 -0.09462958 7.45058e-9 0.9955125 0 0 0 0 1</matrix>
                              </node>
                            </node>
                          </node>
                          <node id="node-Bip01_R_Finger3" name="Bip01_R_Finger3">
                            <matrix>0.7159052 -0.6949216 0.06755454 0.121188 0.6883787 0.6863562 -0.234627 -0.001191229 0.1166809 0.2144738 0.9697353 -0.01196861 0 0 0 1</matrix>
                            <node id="node-Bip01_R_Finger31" name="Bip01_R_Finger31">
                              <matrix>0.4441952 -0.8949345 0.0422235 0.03155842 0.8909185 0.4461976 0.08468727 0 -0.09462959 1.86265e-9 0.9955126 0 0 0 0 1</matrix>
                              <node id="node-Bip01_R_Finger32" name="Bip01_R_Finger32">
                                <matrix>0.1993681 -0.9794358 -0.03095104 0.03366597 0.9799247 0.1992686 0.006297076 0 -1.35042e-8 -0.03158511 0.9995011 0 0 0 0 1</matrix>
                              </node>
                            </node>
                          </node>
                          <node id="node-Bip01_R_Finger4" name="Bip01_R_Finger4">
                            <matrix>0.5925792 -0.789795 -0.1583476 0.1136795 0.7783522 0.6120424 -0.1399001 0.005147427 0.2074078 -0.04034831 0.9774221 -0.0388658 0 0 0 1</matrix>
                            <node id="node-Bip01_R_Finger41" name="Bip01_R_Finger41">
                              <matrix>0.4202556 -0.9064698 0.04120618 0.03661624 0.9068531 0.4211511 0.01578782 0 -0.03166522 0.03073303 0.9990261 1.19209e-7 0 0 0 1</matrix>
                              <node id="node-Bip01_R_Finger42" name="Bip01_R_Finger42">
                                <matrix>0.402447 -0.9138247 -0.05441487 0.01772624 0.9154232 0.4021218 0.01728311 -5.96046e-8 0.006087616 -0.05676819 0.9983689 0 0 0 0 1</matrix>
                              </node>
                            </node>
                          </node>
                          <node id="node-MOUNT0" name="MOUNT0">
                            <matrix>-6.34755e-7 1 1.86265e-9 0.109539 -1 -6.53148e-7 4.74975e-7 0.0251826 4.73112e-7 7.45058e-9 1 0.01321685 0 0 0 1</matrix>
                          </node>
                        </node>
                      </node>
                    </node>
                  </node>
                </node>
                <node id="node-Bip01_L_Pauldron_Upper" name="Bip01_L_Pauldron_Upper">
                  <matrix>0.9726267 0.1182922 0.2000108 0.176903 0.1448454 -0.9816831 -0.1237685 -0.03908369 0.1817062 0.1493512 -0.971945 0.2290199 0 0 0 1</matrix>
                </node>
                <node id="node-Bip01_R_Pauldron_Lower" name="Bip01_R_Pauldron_Lower">
                  <matrix>-0.1156723 -0.9403759 -0.3198652 0.1729059 0.909775 -0.22955 0.3458564 -0.1133294 -0.3986599 -0.2509995 0.8820827 -0.2351094 0 0 0 1</matrix>
                </node>
                <node id="node-Bip01_L_Pauldron_Lower" name="Bip01_L_Pauldron_Lower">
                  <matrix>-0.2099968 -0.76872 0.6041283 0.1529201 0.4002343 -0.6313505 -0.6642358 -0.1054225 0.8920279 0.1023055 0.4402497 0.2344801 0 0 0 1</matrix>
                </node>
              </node>
            </node>
            <node id="node-Bip01_L_Thigh" name="Bip01_L_Thigh">
              <matrix sid="matrix">-0.4488793 0.8921273 -0.05115049 -0.1485698 0.5193905 0.3070574 0.7974644 -4.51192e-4 0.7271459 0.3313981 -0.6011941 0.1658256 0 0 0 1</matrix>
              <node id="node-Bip01_L_Calf" name="Bip01_L_Calf">
                <matrix sid="matrix">0.4034068 0.9150209 1.86265e-9 0.4629988 -0.9150208 0.4034068 -3.72529e-9 0 -2.6077e-8 -2.42144e-8 1 0 0 0 0 1</matrix>
                <node id="node-Bip01_L_Foot" name="Bip01_L_Foot">
                  <matrix sid="matrix">0.9319393 -0.35363 -0.08021814 0.3610502 0.3615521 0.9231072 0.1309703 -2.98023e-8 0.02773495 -0.1510594 0.9881356 7.45058e-9 0 0 0 1</matrix>
                  <node id="node-Bip01_L_Toe0" name="Bip01_L_Toe0">
                    <matrix>4.76837e-7 -1 1.39046e-6 0.1486307 1 4.7707e-7 2.30575e-8 0.1543275 -2.30466e-8 1.38953e-6 1 3.72529e-9 0 0 0 1</matrix>
                  </node>
                </node>
              </node>
            </node>
            <node id="node-Bip01_R_Thigh" name="Bip01_R_Thigh">
              <matrix sid="matrix">-0.9150375 0.3601422 0.1816704 -0.2416654 0.4023388 0.8470591 0.3472962 0.01840353 -0.02880949 0.3908822 -0.9199898 -0.07079414 0 0 0 1</matrix>
              <node id="node-Bip01_R_Calf" name="Bip01_R_Calf">
                <matrix>0.4439821 0.8960357 0 0.4629988 -0.8960356 0.443982 -3.72529e-9 3.72529e-9 0 -2.98023e-8 1 0 0 0 0 1</matrix>
                <node id="node-Bip01_R_Foot" name="Bip01_R_Foot">
                  <matrix sid="matrix">0.6470395 -0.7363921 0.1976522 0.3610501 0.7123556 0.6762767 0.1876154 0 -0.2718259 0.01940411 0.9621509 0 0 0 0 1</matrix>
                  <node id="node-Bip01_R_Toe0" name="Bip01_R_Toe0">
                    <matrix sid="matrix">-0.1805802 -0.9786913 0.09774529 0.1486307 0.9833316 -0.1817873 -0.003513819 0.1543275 0.02120782 0.09548151 0.9952052 2.98023e-8 0 0 0 1</matrix>
                  </node>
                </node>
              </node>
            </node>
          </node>
          <node id="node-Bip01_FannyPack" name="Bip01_FannyPack">
            <matrix>-0.9629918 -0.2062317 0.1735378 0.2299507 -0.2083319 0.9780385 0.006227079 -0.1378937 -0.1710108 -0.03015682 -0.9848076 0.01013964 0 0 0 1</matrix>
          </node>
        </node>
        <node id="node-EYE" name="EYE">
          <matrix sid="matrix">0.7792377 0.6267179 -0.003664112 0.0594132 -0.6267174 0.7792452 0.001428192 0.07234287 0.003750314 0.001183283 0.9999921 0.7662548 0 0 0 1</matrix>
          <node id="node-CAM" name="CAM">
            <matrix>1 -6.03104e-8 3.55271e-15 4.84288e-8 6.03104e-8 1 -2.32831e-9 -0.104 0 2.32833e-9 1 0.30056 0 0 0 1</matrix>
          </node>
        </node>
      </node>
      <node id="node-Bounds" name="Bounds">
        <matrix>0.9999915 0.001706907 0.003750479 0 -0.001711356 0.9999978 0.001183292 0.1035326 -0.003748452 -0.0011897 0.9999923 -8.93474e-5 0 0 0 1</matrix>
        <instance_geometry url="#geom-Bounds">
          <bind_material>
            <technique_common>
              <instance_material symbol="ShapeBounds" target="#ShapeBounds-material"/>
            </technique_common>
          </bind_material>
        </instance_geometry>
      </node>
    </visual_scene>
  </library_visual_scenes>
  <library_animations>
    <animation>
      <source id="node-Bip01_matrix-input">
        <float_array id="node-Bip01_matrix-input-array" count="61">1.666667 1.7 1.733333 1.766667 1.8 1.833333 1.866667 1.9 1.933333 1.966667 2 2.033333 2.066667 2.1 2.133333 2.166667 2.2 2.233333 2.266667 2.3 2.333333 2.366667 2.4 2.433333 2.466667 2.5 2.533333 2.566667 2.6 2.633333 2.666667 2.7 2.733333 2.766667 2.8 2.833333 2.866667 2.9 2.933333 2.966667 3 3.033333 3.066667 3.1 3.133333 3.166667 3.2 3.233333 3.266667 3.3 3.333333 3.366667 3.4 3.433333 3.466667 3.5 3.533333 3.566667 3.6 3.633333 3.666667</float_array>
        <technique_common>
          <accessor source="#node-Bip01_matrix-input-array" count="61" stride="1">
            <param name="TIME" type="float"/>
          </accessor>
        </technique_common>
      </source>
      <source id="node-Bip01_matrix-output">
        <float_array id="node-Bip01_matrix-output-array" count="976">0.7792376 -0.6267173 0.003750264 -8.10623e-5 0.6267178 0.7792454 0.00118345 0.009366631 -0.003664016 0.001428127 0.9999923 0.8041399 0 0 0 1 0.7792376 -0.6267173 0.003750264 -8.10623e-5 0.6267178 0.7792454 0.00118345 0.009502828 -0.003664016 0.001428127 0.9999923 0.8041242 0 0 0 1 0.7792376 -0.6267173 0.003750264 -8.10623e-5 0.6267178 0.7792454 0.00118345 0.0096547 -0.003664016 0.001428127 0.9999923 0.8040784 0 0 0 1 0.7792376 -0.6267173 0.003750264 -8.10623e-5 0.6267178 0.7792454 0.00118345 0.009820759 -0.003664016 0.001428127 0.9999923 0.8040045 0 0 0 1 0.7792376 -0.6267173 0.003750264 -8.10623e-5 0.6267178 0.7792454 0.00118345 0.009999632 -0.003664016 0.001428127 0.9999923 0.803905 0 0 0 1 0.7792376 -0.6267173 0.003750264 -8.10623e-5 0.6267178 0.7792454 0.00118345 0.01018983 -0.003664016 0.001428127 0.9999923 0.8037818 0 0 0 1 0.7792376 -0.6267173 0.003750264 -8.10623e-5 0.6267178 0.7792454 0.00118345 0.01039004 -0.003664016 0.001428127 0.9999923 0.803637 0 0 0 1 0.7792376 -0.6267173 0.003750264 -8.10623e-5 0.6267178 0.7792454 0.00118345 0.01059871 -0.003664016 0.001428127 0.9999923 0.8034729 0 0 0 1 0.7792376 -0.6267173 0.003750264 -8.10623e-5 0.6267178 0.7792454 0.00118345 0.01081454 -0.003664016 0.001428127 0.9999923 0.8032917 0 0 0 1 0.7792376 -0.6267173 0.003750264 -8.10623e-5 0.6267178 0.7792454 0.00118345 0.01103603 -0.003664016 0.001428127 0.9999923 0.8030955 0 0 0 1 0.7792376 -0.6267173 0.003750264 -8.10623e-5 0.6267178 0.7792454 0.00118345 0.01126182 -0.003664016 0.001428127 0.9999923 0.8028863 0 0 0 1 0.7792376 -0.6267173 0.003750264 -8.10623e-5 0.6267178 0.7792454 0.00118345 0.0114904 -0.003664016 0.001428127 0.9999923 0.8026663 0 0 0 1 0.7792376 -0.6267173 0.003750264 -8.10623e-5 0.6267178 0.7792454 0.00118345 0.01172041 -0.003664016 0.001428127 0.9999923 0.8024378 0 0 0 1 0.7792376 -0.6267173 0.003750264 -8.10623e-5 0.6267178 0.7792454 0.00118345 0.01195049 -0.003664016 0.001428127 0.9999923 0.8022028 0 0 0 1 0.7792376 -0.6267173 0.003750264 -8.10623e-5 0.6267178 0.7792454 0.00118345 0.01217907 -0.003664016 0.001428127 0.9999923 0.8019636 0 0 0 1 0.7792376 -0.6267173 0.003750264 -8.10623e-5 0.6267178 0.7792454 0.00118345 0.01240485 -0.003664016 0.001428127 0.9999923 0.8017221 0 0 0 1 0.7792376 -0.6267173 0.003750264 -8.10623e-5 0.6267178 0.7792454 0.00118345 0.01262634 -0.003664016 0.001428127 0.9999923 0.8014807 0 0 0 1 0.7792376 -0.6267173 0.003750264 -8.10623e-5 0.6267178 0.7792454 0.00118345 0.01284217 -0.003664016 0.001428127 0.9999923 0.8012414 0 0 0 1 0.7792376 -0.6267173 0.003750264 -8.10623e-5 0.6267178 0.7792454 0.00118345 0.01305085 -0.003664016 0.001428127 0.9999923 0.8010064 0 0 0 1 0.7792376 -0.6267173 0.003750264 -8.10623e-5 0.6267178 0.7792454 0.00118345 0.01325106 -0.003664016 0.001428127 0.9999923 0.8007779 0 0 0 1 0.7792376 -0.6267173 0.003750264 -8.10623e-5 0.6267178 0.7792454 0.00118345 0.01344126 -0.003664016 0.001428127 0.9999923 0.800558 0 0 0 1 0.7792376 -0.6267173 0.003750264 -8.10623e-5 0.6267178 0.7792454 0.00118345 0.01362013 -0.003664016 0.001428127 0.9999923 0.8003488 0 0 0 1 0.7792376 -0.6267173 0.003750264 -8.10623e-5 0.6267178 0.7792454 0.00118345 0.01378619 -0.003664016 0.001428127 0.9999923 0.8001525 0 0 0 1 0.7792376 -0.6267173 0.003750264 -8.10623e-5 0.6267178 0.7792454 0.00118345 0.01393806 -0.003664016 0.001428127 0.9999923 0.7999713 0 0 0 1 0.7792376 -0.6267173 0.003750264 -8.10623e-5 0.6267178 0.7792454 0.00118345 0.01407426 -0.003664016 0.001428127 0.9999923 0.7998072 0 0 0 1 0.7792376 -0.6267173 0.003750264 -8.10623e-5 0.6267178 0.7792454 0.00118345 0.01419341 -0.003664016 0.001428127 0.9999923 0.7996625 0 0 0 1 0.7792376 -0.6267173 0.003750264 -8.10623e-5 0.6267178 0.7792454 0.00118345 0.01429408 -0.003664016 0.001428127 0.9999923 0.7995393 0 0 0 1 0.7792376 -0.6267173 0.003750264 -8.10623e-5 0.6267178 0.7792454 0.00118345 0.01437491 -0.003664016 0.001428127 0.9999923 0.7994397 0 0 0 1 0.7792376 -0.6267173 0.003750264 -8.10623e-5 0.6267178 0.7792454 0.00118345 0.01443433 -0.003664016 0.001428127 0.9999923 0.7993659 0 0 0 1 0.7792376 -0.6267173 0.003750264 -8.10623e-5 0.6267178 0.7792454 0.00118345 0.01447105 -0.003664016 0.001428127 0.9999923 0.7993201 0 0 0 1 0.7792376 -0.6267173 0.003750264 -8.10623e-5 0.6267178 0.7792454 0.00118345 0.01448363 -0.003664016 0.001428127 0.9999923 0.7993043 0 0 0 1 0.7792376 -0.6267173 0.003750264 -8.10623e-5 0.6267178 0.7792454 0.00118345 0.01447165 -0.003664016 0.001428127 0.9999923 0.7993156 0 0 0 1 0.7792376 -0.6267173 0.003750264 -8.10623e-5 0.6267178 0.7792454 0.00118345 0.0144366 -0.003664016 0.001428127 0.9999923 0.7993487 0 0 0 1 0.7792376 -0.6267173 0.003750264 -8.10623e-5 0.6267178 0.7792454 0.00118345 0.01437979 -0.003664016 0.001428127 0.9999923 0.7994024 0 0 0 1 0.7792376 -0.6267173 0.003750264 -8.10623e-5 0.6267178 0.7792454 0.00118345 0.01430255 -0.003664016 0.001428127 0.9999923 0.7994754 0 0 0 1 0.7792376 -0.6267173 0.003750264 -8.10623e-5 0.6267178 0.7792454 0.00118345 0.01420611 -0.003664016 0.001428127 0.9999923 0.7995665 0 0 0 1 0.7792376 -0.6267173 0.003750264 -8.10623e-5 0.6267178 0.7792454 0.00118345 0.01409178 -0.003664016 0.001428127 0.9999923 0.7996745 0 0 0 1 0.7792376 -0.6267173 0.003750264 -8.10623e-5 0.6267178 0.7792454 0.00118345 0.01396095 -0.003664016 0.001428127 0.9999923 0.7997983 0 0 0 1 0.7792376 -0.6267173 0.003750264 -8.10623e-5 0.6267178 0.7792454 0.00118345 0.0138148 -0.003664016 0.001428127 0.9999923 0.7999364 0 0 0 1 0.7792376 -0.6267173 0.003750264 -8.10623e-5 0.6267178 0.7792454 0.00118345 0.01365464 -0.003664016 0.001428127 0.9999923 0.8000877 0 0 0 1 0.7792376 -0.6267173 0.003750264 -8.10623e-5 0.6267178 0.7792454 0.00118345 0.01348191 -0.003664016 0.001428127 0.9999923 0.800251 0 0 0 1 0.7792376 -0.6267173 0.003750264 -8.10623e-5 0.6267178 0.7792454 0.00118345 0.01329773 -0.003664016 0.001428127 0.9999923 0.8004251 0 0 0 1 0.7792376 -0.6267173 0.003750264 -8.10623e-5 0.6267178 0.7792454 0.00118345 0.01310348 -0.003664016 0.001428127 0.9999923 0.8006086 0 0 0 1 0.7792376 -0.6267173 0.003750264 -8.10623e-5 0.6267178 0.7792454 0.00118345 0.01290047 -0.003664016 0.001428127 0.9999923 0.8008004 0 0 0 1 0.7792376 -0.6267173 0.003750264 -8.10623e-5 0.6267178 0.7792454 0.00118345 0.01269 -0.003664016 0.001428127 0.9999923 0.8009993 0 0 0 1 0.7792376 -0.6267173 0.003750264 -8.10623e-5 0.6267178 0.7792454 0.00118345 0.0124734 -0.003664016 0.001428127 0.9999923 0.801204 0 0 0 1 0.7792376 -0.6267173 0.003750264 -8.10623e-5 0.6267178 0.7792454 0.00118345 0.01225185 -0.003664016 0.001428127 0.9999923 0.8014133 0 0 0 1 0.7792376 -0.6267173 0.003750264 -8.10623e-5 0.6267178 0.7792454 0.00118345 0.01202678 -0.003664016 0.001428127 0.9999923 0.8016261 0 0 0 1 0.7792376 -0.6267173 0.003750264 -8.10623e-5 0.6267178 0.7792454 0.00118345 0.01179939 -0.003664016 0.001428127 0.9999923 0.8018409 0 0 0 1 0.7792376 -0.6267173 0.003750264 -8.10623e-5 0.6267178 0.7792454 0.00118345 0.01157104 -0.003664016 0.001428127 0.9999923 0.8020567 0 0 0 1 0.7792376 -0.6267173 0.003750264 -8.10623e-5 0.6267178 0.7792454 0.00118345 0.01134306 -0.003664016 0.001428127 0.9999923 0.8022723 0 0 0 1 0.7792376 -0.6267173 0.003750264 -8.10623e-5 0.6267178 0.7792454 0.00118345 0.01111662 -0.003664016 0.001428127 0.9999923 0.8024862 0 0 0 1 0.7792376 -0.6267173 0.003750264 -8.10623e-5 0.6267178 0.7792454 0.00118345 0.01089316 -0.003664016 0.001428127 0.9999923 0.8026973 0 0 0 1 0.7792376 -0.6267173 0.003750264 -8.10623e-5 0.6267178 0.7792454 0.00118345 0.01067394 -0.003664016 0.001428127 0.9999923 0.8029045 0 0 0 1 0.7792376 -0.6267173 0.003750264 -8.10623e-5 0.6267178 0.7792454 0.00118345 0.01046019 -0.003664016 0.001428127 0.9999923 0.8031066 0 0 0 1 0.7792376 -0.6267173 0.003750264 -8.10623e-5 0.6267178 0.7792454 0.00118345 0.01025331 -0.003664016 0.001428127 0.9999923 0.8033021 0 0 0 1 0.7792376 -0.6267173 0.003750264 -8.10623e-5 0.6267178 0.7792454 0.00118345 0.01005452 -0.003664016 0.001428127 0.9999923 0.8034898 0 0 0 1 0.7792376 -0.6267173 0.003750264 -8.10623e-5 0.6267178 0.7792454 0.00118345 0.009865164 -0.003664016 0.001428127 0.9999923 0.8036688 0 0 0 1 0.7792376 -0.6267173 0.003750264 -8.10623e-5 0.6267178 0.7792454 0.00118345 0.009686529 -0.003664016 0.001428127 0.9999923 0.8038377 0 0 0 1 0.7792376 -0.6267173 0.003750264 -8.10623e-5 0.6267178 0.7792454 0.00118345 0.009519934 -0.003664016 0.001428127 0.9999923 0.8039951 0 0 0 1 0.7792376 -0.6267173 0.003750264 -8.10623e-5 0.6267178 0.7792454 0.00118345 0.009366631 -0.003664016 0.001428127 0.9999923 0.8041399 0 0 0 1</float_array>
        <technique_common>
          <accessor source="#node-Bip01_matrix-output-array" count="61" stride="16">
            <param name="TRANSFORM" type="float4x4"/>
          </accessor>
        </technique_common>
      </source>
      <source id="node-Bip01_matrix-interpolation">
        <Name_array id="node-Bip01_matrix-interpolation-array" count="61">LINEAR LINEAR LINEAR LINEAR LINEAR LINEAR LINEAR LINEAR LINEAR LINEAR LINEAR LINEAR LINEAR LINEAR LINEAR LINEAR LINEAR LINEAR LINEAR LINEAR LINEAR LINEAR LINEAR LINEAR LINEAR LINEAR LINEAR LINEAR LINEAR LINEAR LINEAR LINEAR LINEAR LINEAR LINEAR LINEAR LINEAR LINEAR LINEAR LINEAR LINEAR LINEAR LINEAR LINEAR LINEAR LINEAR LINEAR LINEAR LINEAR LINEAR LINEAR LINEAR LINEAR LINEAR LINEAR LINEAR LINEAR LINEAR LINEAR LINEAR LINEAR</Name_array>
        <technique_common>
          <accessor source="#node-Bip01_matrix-interpolation-array" count="61" stride="1">
            <param name="INTERPOLATION" type="name"/>
          </accessor>
        </technique_common>
      </source>
      <source id="node-Bip01_L_Thigh_matrix-input">
        <float_array id="node-Bip01_L_Thigh_matrix-input-array" count="61">1.666667 1.7 1.733333 1.766667 1.8 1.833333 1.866667 1.9 1.933333 1.966667 2 2.033333 2.066667 2.1 2.133333 2.166667 2.2 2.233333 2.266667 2.3 2.333333 2.366667 2.4 2.433333 2.466667 2.5 2.533333 2.566667 2.6 2.633333 2.666667 2.7 2.733333 2.766667 2.8 2.833333 2.866667 2.9 2.933333 2.966667 3 3.033333 3.066667 3.1 3.133333 3.166667 3.2 3.233333 3.266667 3.3 3.333333 3.366667 3.4 3.433333 3.466667 3.5 3.533333 3.566667 3.6 3.633333 3.666667</float_array>
        <technique_common>
          <accessor source="#node-Bip01_L_Thigh_matrix-input-array" count="61" stride="1">
            <param name="TIME" type="float"/>
          </accessor>
        </technique_common>
      </source>
      <source id="node-Bip01_L_Thigh_matrix-output">
