<?xml version="1.0" encoding="utf-8"?>
<COLLADA xmlns="http://www.collada.org/2005/11/COLLADASchema" version="1.4.1">
  <asset>
    <contributor>
      <author>MattO</author>
      <authoring_tool>OpenCOLLADA for 3ds Max;  Version: 1.3.0;  Revision: 839M;  Platform: x64;  Configuration: Release_Max2012</authoring_tool>
      <source_data>file:///C:/Dropbox/Prj/GGStout/Ryder/TP_Soldier_Ryder_Animation_Master.max</source_data>
    </contributor>
    <created>2011-09-29T18:38:14</created>
    <modified>2011-09-29T18:38:14</modified>
    <unit name="meter" meter="1"/>
    <up_axis>Z_UP</up_axis>
  </asset>
  <library_effects>
    <effect id="ShapeBounds">
      <profile_COMMON>
        <technique sid="common">
          <blinn>
            <emission>
              <color>0 0 0 1</color>
            </emission>
            <ambient>
              <color>0.1647059 1 0 1</color>
            </ambient>
            <diffuse>
              <color>0.1647059 1 0 1</color>
            </diffuse>
            <specular>
              <color>0.9 0.9 0.9 1</color>
            </specular>
            <shininess>
              <float>10</float>
            </shininess>
            <reflective>
              <color>0 0 0 1</color>
            </reflective>
            <transparent opaque="A_ONE">
              <color>1 1 1 1</color>
            </transparent>
            <transparency>
              <float>1</float>
            </transparency>
          </blinn>
        </technique>
      </profile_COMMON>
      <extra>
        <technique profile="OpenCOLLADA3dsMax">
          <extended_shader>
            <apply_reflection_dimming>0</apply_reflection_dimming>
            <dim_level>0</dim_level>
            <falloff_type>0</falloff_type>
            <index_of_refraction>1.5</index_of_refraction>
            <opacity_type>0</opacity_type>
            <reflection_level>3</reflection_level>
            <wire_size>1</wire_size>
            <wire_units>0</wire_units>
          </extended_shader>
          <shader>
            <ambient_diffuse_lock>1</ambient_diffuse_lock>
            <ambient_diffuse_texture_lock>1</ambient_diffuse_texture_lock>
            <diffuse_specular_lock>0</diffuse_specular_lock>
            <soften>0.1</soften>
            <use_self_illum_color>0</use_self_illum_color>
          </shader>
        </technique>
      </extra>
    </effect>
  </library_effects>
  <library_materials>
    <material id="ShapeBounds-material" name="ShapeBounds">
      <instance_effect url="#ShapeBounds"/>
    </material>
  </library_materials>
  <library_geometries>
    <geometry id="geom-Bounds" name="Bounds">
      <mesh>
        <source id="geom-Bounds-positions">
          <float_array id="geom-Bounds-positions-array" count="24">-0.425 -0.425 0 0.425 -0.425 0 -0.425 0.425 0 0.425 0.425 0 -0.425 -0.425 1.84 0.425 -0.425 1.84 -0.425 0.425 1.84 0.425 0.425 1.84</float_array>
          <technique_common>
            <accessor source="#geom-Bounds-positions-array" count="8" stride="3">
              <param name="X" type="float"/>
              <param name="Y" type="float"/>
              <param name="Z" type="float"/>
            </accessor>
          </technique_common>
        </source>
        <source id="geom-Bounds-normals">
          <float_array id="geom-Bounds-normals-array" count="72">0 0 -1 0 0 -1 0 0 -1 0 0 -1 0 0 1 0 0 1 0 0 1 0 0 1 0 -1 0 0 -1 0 0 -1 0 0 -1 0 1 0 0 1 0 0 1 0 0 1 0 0 0 1 0 0 1 0 0 1 0 0 1 0 -1 0 0 -1 0 0 -1 0 0 -1 0 0</float_array>
          <technique_common>
            <accessor source="#geom-Bounds-normals-array" count="24" stride="3">
              <param name="X" type="float"/>
              <param name="Y" type="float"/>
              <param name="Z" type="float"/>
            </accessor>
          </technique_common>
        </source>
        <source id="geom-Bounds-map1">
          <float_array id="geom-Bounds-map1-array" count="36">0 0 0 1 0 0 0 1 0 1 1 0 0 0 0 1 0 0 0 1 0 1 1 0 0 0 0 1 0 0 0 1 0 1 1 0</float_array>
          <technique_common>
            <accessor source="#geom-Bounds-map1-array" count="12" stride="3">
              <param name="S" type="float"/>
              <param name="T" type="float"/>
              <param name="P" type="float"/>
            </accessor>
          </technique_common>
        </source>
        <vertices id="geom-Bounds-vertices">
          <input semantic="POSITION" source="#geom-Bounds-positions"/>
        </vertices>
        <triangles material="ShapeBounds" count="12">
          <input semantic="VERTEX" source="#geom-Bounds-vertices" offset="0"/>
          <input semantic="NORMAL" source="#geom-Bounds-normals" offset="1"/>
          <input semantic="TEXCOORD" source="#geom-Bounds-map1" offset="2" set="0"/>
          <p>0 0 9 2 1 11 3 2 10 3 2 10 1 3 8 0 0 9 4 4 8 5 5 9 7 6 11 7 6 11 6 7 10 4 4 8 0 8 4 1 9 5 5 10 7 5 10 7 4 11 6 0 8 4 1 12 0 3 13 1 7 14 3 7 14 3 5 15 2 1 12 0 3 16 4 2 17 5 6 18 7 6 18 7 7 19 6 3 16 4 2 20 0 0 21 1 4 22 3 4 22 3 6 23 2 2 20 0</p>
        </triangles>
      </mesh>
      <extra>
        <technique profile="OpenCOLLADA3dsMax">
          <max_box>
            <generateuvs>1</generateuvs>
            <height>1.84</height>
            <heightsegments>1</heightsegments>
            <length>0.85</length>
            <lengthsegments>1</lengthsegments>
            <width>0.85</width>
            <widthsegments>1</widthsegments>
          </max_box>
        </technique>
      </extra>
    </geometry>
  </library_geometries>
  <library_lights>
    <light id="EnvironmentAmbientLight" name="EnvironmentAmbientLight">
      <technique_common>
        <ambient>
          <color>0 0 0</color>
        </ambient>
      </technique_common>
    </light>
  </library_lights>
  <library_visual_scenes>
    <visual_scene id="MaxScene">
      <node name="EnvironmentAmbientLight">
        <instance_light url="#EnvironmentAmbientLight"/>
      </node>
      <node id="node-Bip01" name="Bip01">
        <matrix sid="matrix">0.7792375 -0.6267175 0.003750234 -8.10623e-5 0.626718 0.7792453 0.001183394 0.009366653 -0.003664005 0.001428194 0.9999923 0.5661795 0 0 0 1</matrix>
        <node id="node-Bip01_Pelvis" name="Bip01_Pelvis">
          <matrix sid="matrix">-0.009626728 0.991236 0.1317526 0 -0.1217413 -0.1319404 0.9837535 0 0.9925151 -0.0065694 0.1219445 0 0 0 0 1</matrix>
          <node id="node-Bip01_Spine" name="Bip01_Spine">
            <matrix sid="matrix">0.9142388 -0.1596023 -0.3724171 0.1975124 0.1756539 0.9844077 0.009333367 0.02499345 0.3651206 -0.07394945 0.9280186 0.02780973 0 0 0 1</matrix>
            <node id="node-Bip01_Spine1" name="Bip01_Spine1">
              <matrix sid="matrix">0.9850423 0.02363096 -0.1706854 0.1022272 -0.01319334 0.9979873 0.06202873 -1.00777e-4 0.1718076 -0.05884897 0.9833714 5.97537e-6 0 0 0 1</matrix>
              <node id="node-Bip01_Spine2" name="Bip01_Spine2">
                <matrix>0.9369742 -0.3477308 -0.03409591 0.1269257 0.3490359 0.9270917 0.1366548 -1.58809e-4 -0.01590914 -0.1399427 0.9900318 2.39015e-5 0 0 0 1</matrix>
                <node id="node-Bip01_Neck" name="Bip01_Neck">
                  <matrix>0.840708 -0.4308254 0.3280236 0.2151071 0.4136218 0.9019012 0.1244631 -4.96805e-5 -0.3494668 0.03104058 0.9364343 -1.66893e-6 0 0 0 1</matrix>
                  <node id="node-Bip01_Head" name="Bip01_Head">
                    <matrix sid="matrix">0.9475711 -0.06889549 -0.3120291 0.07051814 -0.2855056 0.2560083 -0.9235509 -0.01395917 0.1435106 0.9642162 0.2229159 2.98023e-8 0 0 0 1</matrix>
                    <node id="node-ALTEYE" name="ALTEYE">
                      <matrix>0.4506336 0.3792481 0.8081467 0.06454706 0.04412798 0.8947043 -0.4444743 0.2214611 -0.8916181 0.2359566 0.3864482 0.04716259 0 0 0 1</matrix>
                    </node>
                  </node>
                  <node id="node-Bip01_L_Clavicle" name="Bip01_L_Clavicle">
                    <matrix>-0.5778345 -0.4531803 0.6787745 -0.04690331 0.2838089 -0.8913432 -0.3534965 -0.01204777 0.7652188 -0.0116202 0.6436654 0.05588402 0 0 0 1</matrix>
                    <node id="node-Bip01_L_UpperArm" name="Bip01_L_UpperArm">
                      <matrix sid="matrix">0.9495993 0.1279834 0.2861491 0.1824006 -0.3039844 0.5988029 0.7409647 0 -0.07651576 -0.7906044 0.6075279 0 0 0 0 1</matrix>
                      <node id="node-Bip01_L_Forearm" name="Bip01_L_Forearm">
                        <matrix sid="matrix">-0.6192181 0.7852189 2.98023e-8 0.2843689 -0.785219 -0.6192182 4.47035e-8 5.96046e-8 -2.98023e-8 -5.96046e-8 1 -5.96046e-8 0 0 0 1</matrix>
                        <node id="node-Bip01_L_Hand" name="Bip01_L_Hand">
                          <matrix sid="matrix">0.8445951 0.5014217 -0.1877113 0.281068 0.3764403 -0.8054453 -0.4577672 0 -0.3807254 0.3159658 -0.8690305 5.96046e-8 0 0 0 1</matrix>
                          <node id="node-Bip01_L_Finger0" name="Bip01_L_Finger0">
                            <matrix>0.6413841 0.3141903 0.6999363 0.02119678 0.7352948 0.008702949 -0.6776913 -0.004734278 -0.2190155 0.9493202 -0.2254407 -0.02572191 0 0 0 1</matrix>
                            <node id="node-Bip01_L_Finger01" name="Bip01_L_Finger01">
                              <matrix>0.997564 -0.06975645 0 0.04982865 0.06975648 0.997564 1.86265e-8 0 5.96046e-8 5.96046e-8 0.9999999 -2.98023e-8 0 0 0 1</matrix>
                              <node id="node-Bip01_L_Finger02" name="Bip01_L_Finger02">
                                <matrix>0.9203136 0.3911815 2.98023e-8 0.05202222 -0.3911815 0.9203136 2.6077e-8 1.19209e-7 0 -5.96046e-8 1 5.96046e-8 0 0 0 1</matrix>
                              </node>
                            </node>
                          </node>
                          <node id="node-Bip01_L_Finger1" name="Bip01_L_Finger1">
                            <matrix>0.9592717 -0.2819768 -0.01693494 0.1199946 0.2798395 0.9567645 -0.07931918 -0.008367538 0.03856899 0.07134952 0.9967054 -0.04101384 0 0 0 1</matrix>
                            <node id="node-Bip01_L_Finger11" name="Bip01_L_Finger11">
                              <matrix>0.7001771 -0.7139691 -1.49012e-8 0.03644168 0.7139692 0.7001772 -4.47035e-8 -1.78814e-7 -5.96046e-8 1.86265e-8 1 0 0 0 0 1</matrix>
                              <node id="node-Bip01_L_Finger12" name="Bip01_L_Finger12">
                                <matrix>0.8757258 -0.4828087 2.98023e-8 0.03117549 0.4828088 0.8757258 1.86265e-8 0 -2.98023e-8 -7.45058e-9 0.9999999 -5.96046e-8 0 0 0 1</matrix>
                              </node>
                            </node>
                          </node>
                          <node id="node-Bip01_L_Finger2" name="Bip01_L_Finger2">
                            <matrix>0.9066655 -0.4205881 -0.03260922 0.1229538 0.4217875 0.9024836 0.08728345 -0.008802176 -0.00728108 -0.09289101 0.9956498 -0.0132823 0 0 0 1</matrix>
                            <node id="node-Bip01_L_Finger21" name="Bip01_L_Finger21">
                              <matrix>0.8156035 -0.5786112 1.49012e-8 0.03895515 0.5786112 0.8156036 2.98023e-8 2.98023e-8 0 -5.58794e-9 1 -5.96046e-8 0 0 0 1</matrix>
                              <node id="node-Bip01_L_Finger22" name="Bip01_L_Finger22">
                                <matrix>0.9762958 -0.2164396 0 0.03800541 0.2164396 0.976296 -2.04891e-8 -5.96046e-8 0 -9.31323e-10 0.9999999 -5.96046e-8 0 0 0 1</matrix>
                              </node>
                            </node>
                          </node>
                          <node id="node-Bip01_L_Finger3" name="Bip01_L_Finger3">
                            <matrix>0.9367909 -0.338013 -0.09038846 0.1211881 0.3480915 0.9264979 0.1429456 -0.001191139 0.03542732 -0.1653736 0.9855944 0.01196873 0 0 0 1</matrix>
                            <node id="node-Bip01_L_Finger31" name="Bip01_L_Finger31">
                              <matrix>0.9381477 -0.3462351 -7.45058e-9 0.03155845 0.3462351 0.9381478 -7.45058e-9 0 0 2.23517e-8 1 -5.96046e-8 0 0 0 1</matrix>
                              <node id="node-Bip01_L_Finger32" name="Bip01_L_Finger32">
                                <matrix>0.8922839 -0.451475 0 0.03366596 0.4514751 0.8922837 0 -5.96046e-8 0 9.31323e-10 1 0 0 0 0 1</matrix>
                              </node>
                            </node>
                          </node>
                          <node id="node-Bip01_L_Finger4" name="Bip01_L_Finger4">
                            <matrix>0.9820985 -0.1883418 0.003122218 0.1136797 0.1857741 0.9711841 0.1492954 0.005147517 -0.03115077 -0.1460428 0.9887878 0.0388658 0 0 0 1</matrix>
                            <node id="node-Bip01_L_Finger41" name="Bip01_L_Finger41">
                              <matrix>0.8499686 -0.5268333 7.45058e-9 0.03661627 0.5268333 0.8499686 0 0 0 4.09782e-8 0.9999999 -5.96046e-8 0 0 0 1</matrix>
                              <node id="node-Bip01_L_Finger42" name="Bip01_L_Finger42">
                                <matrix>0.9624562 -0.2714371 0 0.01772618 0.2714372 0.9624562 1.11759e-8 -5.96046e-8 -2.23517e-8 -3.35276e-8 1 1.19209e-7 0 0 0 1</matrix>
                              </node>
                            </node>
                          </node>
                        </node>
                      </node>
                    </node>
                  </node>
                  <node id="node-Bip01_R_Clavicle" name="Bip01_R_Clavicle">
                    <matrix>0.2073931 -0.1669672 -0.9639035 8.67009e-4 0.5679266 -0.7817281 0.2576056 -0.01629043 -0.7965221 -0.6008521 -0.06729989 -0.07212144 0 0 0 1</matrix>
                    <node id="node-Bip01_R_UpperArm" name="Bip01_R_UpperArm">
                      <matrix sid="matrix">-0.23343 0.9286885 -0.288181 0.1824007 -0.9698443 -0.2437254 1.59174e-4 5.96046e-8 -0.07008928 0.2795278 0.9575759 -1.19209e-7 0 0 0 1</matrix>
                      <node id="node-Bip01_R_Forearm" name="Bip01_R_Forearm">
                        <matrix>0.5407855 0.8411607 2.98023e-8 0.2843689 -0.8411607 0.5407854 -2.98023e-8 5.96046e-8 -8.9407e-8 -5.96046e-8 1 0 0 0 0 1</matrix>
                        <node id="node-Bip01_R_Hand" name="Bip01_R_Hand">
                          <matrix>0.970637 0.2201094 0.09703489 0.281068 0.2283399 -0.7161989 -0.6594849 -5.96046e-8 -0.07566258 0.6622772 -0.7454287 0 0 0 0 1</matrix>
                          <node id="node-Bip01_R_Finger0" name="Bip01_R_Finger0">
                            <matrix>0.5215105 0.269013 -0.8097275 0.02119678 0.7250715 0.3605264 0.5867638 -0.004734248 0.4497753 -0.8931141 -0.00703549 0.02572191 0 0 0 1</matrix>
                            <node id="node-Bip01_R_Finger01" name="Bip01_R_Finger01">
                              <matrix>0.6423535 -0.7636236 0.06527571 0.04982859 0.7605616 0.6456373 0.06854746 -1.19209e-7 -0.09448884 0.005614437 0.9955102 0 0 0 0 1</matrix>
                              <node id="node-Bip01_R_Finger02" name="Bip01_R_Finger02">
                                <matrix>0.9505156 -0.3106764 -4.65661e-8 0.05202247 0.3106764 0.9505157 -3.72529e-9 1.19209e-7 3.72529e-8 -3.72529e-9 0.9999999 0 0 0 0 1</matrix>
                              </node>
                            </node>
                          </node>
                          <node id="node-Bip01_R_Finger1" name="Bip01_R_Finger1">
                            <matrix>0.9820224 -0.1733427 -0.07472672 0.1199946 0.1795577 0.9799359 0.08651491 -0.008367598 0.05823065 -0.09837734 0.9934441 0.04101384 0 0 0 1</matrix>
                            <node id="node-Bip01_R_Finger11" name="Bip01_R_Finger11">
                              <matrix>0.8240547 -0.5665103 0 0.03644162 0.5665102 0.8240547 0 -2.98023e-8 -8.3819e-9 2.98023e-8 1 -1.19209e-7 0 0 0 1</matrix>
                              <node id="node-Bip01_R_Finger12" name="Bip01_R_Finger12">
                                <matrix>0.8146397 -0.5796779 0.01831833 0.03117549 0.5799671 0.8142334 -0.0257305 -5.96046e-8 -1.49012e-8 0.03158513 0.999501 -1.19209e-7 0 0 0 1</matrix>
                              </node>
                            </node>
                          </node>
                          <node id="node-Bip01_R_Finger2" name="Bip01_R_Finger2">
                            <matrix>0.6754014 -0.7374504 -1.52122e-4 0.1229538 0.7368312 0.6748428 -0.04082685 -0.008802056 0.03021043 0.02746242 0.9991663 0.0132823 0 0 0 1</matrix>
                            <node id="node-Bip01_R_Finger21" name="Bip01_R_Finger21">
                              <matrix>0.5508358 -0.8338858 -0.0348487 0.03895518 0.832222 0.551937 -0.05265062 5.96046e-8 0.06313889 -9.31323e-9 0.9980047 0 0 0 0 1</matrix>
                              <node id="node-Bip01_R_Finger22" name="Bip01_R_Finger22">
                                <matrix>0.1984735 -0.9799247 0.01886613 0.03800535 0.9755272 0.1993681 0.09272986 0 -0.09462959 0 0.9955126 1.19209e-7 0 0 0 1</matrix>
                              </node>
                            </node>
                          </node>
                          <node id="node-Bip01_R_Finger3" name="Bip01_R_Finger3">
                            <matrix>0.7159052 -0.6949217 0.06755453 0.1211881 0.6883785 0.6863562 -0.234627 -0.001191258 0.1166809 0.2144738 0.9697353 -0.01196873 0 0 0 1</matrix>
                            <node id="node-Bip01_R_Finger31" name="Bip01_R_Finger31">
                              <matrix>0.4441954 -0.8949344 0.04222351 0.03155839 0.8909185 0.4461977 0.08468727 -2.98023e-8 -0.09462958 1.11759e-8 0.9955125 -2.38419e-7 0 0 0 1</matrix>
                              <node id="node-Bip01_R_Finger32" name="Bip01_R_Finger32">
                                <matrix>0.1993682 -0.9794358 -0.03095101 0.03366598 0.9799247 0.1992687 0.006297069 0 -5.58794e-9 -0.0315851 0.9995011 0 0 0 0 1</matrix>
                              </node>
                            </node>
                          </node>
                          <node id="node-Bip01_R_Finger4" name="Bip01_R_Finger4">
                            <matrix>0.592579 -0.789795 -0.1583476 0.1136796 0.7783522 0.6120423 -0.1399001 0.005147398 0.2074078 -0.0403483 0.9774221 -0.0388658 0 0 0 1</matrix>
                            <node id="node-Bip01_R_Finger41" name="Bip01_R_Finger41">
                              <matrix>0.4202556 -0.9064696 0.04120624 0.03661624 0.9068531 0.421151 0.0157878 0 -0.03166521 0.03073303 0.9990259 5.96046e-8 0 0 0 1</matrix>
                              <node id="node-Bip01_R_Finger42" name="Bip01_R_Finger42">
                                <matrix>0.402447 -0.9138247 -0.05441485 0.0177263 0.9154232 0.4021217 0.01728319 -1.19209e-7 0.006087616 -0.05676816 0.9983689 0 0 0 0 1</matrix>
                              </node>
                            </node>
                          </node>
                          <node id="node-MOUNT0" name="MOUNT0">
                            <matrix>-6.3359e-7 1 3.72529e-9 0.109539 -1 -6.6185e-7 4.74975e-7 0.02518257 4.73112e-7 3.72529e-9 1 0.01321673 0 0 0 1</matrix>
                          </node>
                        </node>
                      </node>
                    </node>
                  </node>
                </node>
                <node id="node-Bip01_L_Pauldron_Upper" name="Bip01_L_Pauldron_Upper">
                  <matrix>0.9726267 0.1182922 0.2000107 0.1769029 0.1448454 -0.9816832 -0.1237684 -0.03908366 0.181706 0.1493511 -0.9719452 0.2290199 0 0 0 1</matrix>
                </node>
                <node id="node-Bip01_R_Pauldron_Lower" name="Bip01_R_Pauldron_Lower">
                  <matrix sid="matrix">-0.1156723 -0.9403758 -0.3198653 0.1729059 0.909775 -0.2295501 0.3458563 -0.1133294 -0.3986598 -0.2509995 0.8820826 -0.2351094 0 0 0 1</matrix>
                </node>
                <node id="node-Bip01_L_Pauldron_Lower" name="Bip01_L_Pauldron_Lower">
                  <matrix>-0.2099968 -0.7687199 0.6041282 0.1529202 0.4002343 -0.6313505 -0.6642357 -0.1054225 0.8920279 0.1023054 0.4402497 0.2344801 0 0 0 1</matrix>
                </node>
              </node>
            </node>
            <node id="node-Bip01_L_Thigh" name="Bip01_L_Thigh">
              <matrix sid="matrix">-0.618731 0.7856014 0.001583494 -0.1485699 0.3154322 0.2465839 0.916351 -4.5117e-4 0.719496 0.5674742 -0.400373 0.1658256 0 0 0 1</matrix>
              <node id="node-Bip01_L_Calf" name="Bip01_L_Calf">
                <matrix sid="matrix">-0.6854233 0.7281451 -3.72529e-9 0.4629988 -0.7281449 -0.6854234 3.72529e-9 5.96046e-8 1.58325e-8 -1.49012e-8 1 1.49012e-8 0 0 0 1</matrix>
                <node id="node-Bip01_L_Foot" name="Bip01_L_Foot">
                  <matrix sid="matrix">0.6452051 -0.7581662 0.09431217 0.3610502 0.7632584 0.6451134 -0.03557489 -2.98023e-8 -0.03387037 0.09493762 0.9949068 0 0 0 0 1</matrix>
                  <node id="node-Bip01_L_Toe0" name="Bip01_L_Toe0">
                    <matrix sid="matrix">-0.4999999 -0.8660254 1.20327e-6 0.1486306 0.8660253 -0.5 3.01283e-7 0.1543275 3.39467e-7 1.19302e-6 1 0 0 0 0 1</matrix>
                  </node>
                </node>
              </node>
            </node>
            <node id="node-Bip01_R_Thigh" name="Bip01_R_Thigh">
              <matrix sid="matrix">0.001268685 0.9563193 -0.2923217 -0.2416655 0.8879361 0.1333807 0.4402036 0.01840355 0.4599653 -0.2601215 -0.8489811 -0.07079412 0 0 0 1</matrix>
              <node id="node-Bip01_R_Calf" name="Bip01_R_Calf">
                <matrix sid="matrix">-0.5837122 0.8119607 1.11759e-8 0.4629988 -0.8119606 -0.5837124 -1.49012e-8 0 -3.72529e-8 3.72529e-8 1 5.21541e-8 0 0 0 1</matrix>
                <node id="node-Bip01_R_Foot" name="Bip01_R_Foot">
                  <matrix sid="matrix">0.5641765 -0.8158507 0.1268562 0.3610502 0.8091509 0.5769004 0.1116268 4.47035e-8 -0.1642542 0.03966855 0.9856201 0 0 0 0 1</matrix>
                  <node id="node-Bip01_R_Toe0" name="Bip01_R_Toe0">
                    <matrix sid="matrix">-0.305154 -0.9472737 0.09774536 0.1486307 0.9517197 -0.3069489 -0.003513934 0.1543275 0.03333152 0.09195381 0.9952054 2.04891e-8 0 0 0 1</matrix>
                  </node>
                </node>
              </node>
            </node>
          </node>
          <node id="node-Bip01_FannyPack" name="Bip01_FannyPack">
            <matrix sid="matrix">-0.9629918 -0.2062316 0.1735378 0.2299507 -0.2083318 0.9780384 0.006227053 -0.1378937 -0.1710108 -0.03015685 -0.9848076 0.01013964 0 0 0 1</matrix>
          </node>
        </node>
        <node id="node-EYE" name="EYE">
          <matrix sid="matrix">0.7792377 0.6267179 -0.003664042 0.05858682 -0.6267175 0.7792451 0.001428224 0.07266499 0.003750281 0.001183214 0.999992 0.4727538 0 0 0 1</matrix>
          <node id="node-CAM" name="CAM">
            <matrix>1 -6.03104e-8 3.55271e-15 4.85452e-8 6.03104e-8 1 -2.32831e-9 -0.104 -3.55271e-15 2.32832e-9 1 0.3005601 0 0 0 1</matrix>
          </node>
        </node>
      </node>
      <node id="node-Bounds" name="Bounds">
        <matrix>0.9999915 0.001706907 0.003750479 0 -0.001711356 0.9999978 0.001183292 0.1035326 -0.003748452 -0.0011897 0.9999923 -8.93474e-5 0 0 0 1</matrix>
        <instance_geometry url="#geom-Bounds">
          <bind_material>
            <technique_common>
              <instance_material symbol="ShapeBounds" target="#ShapeBounds-material"/>
            </technique_common>
          </bind_material>
        </instance_geometry>
      </node>
    </visual_scene>
  </library_visual_scenes>
  <library_animations>
    <animation>
      <source id="node-Bip01_matrix-input">
        <float_array id="node-Bip01_matrix-input-array" count="30">13 13.03333 13.06667 13.1 13.13333 13.16667 13.2 13.23333 13.26667 13.3 13.33333 13.36667 13.4 13.43333 13.46667 13.5 13.53333 13.56667 13.6 13.63333 13.66667 13.7 13.73333 13.76667 13.8 13.83333 13.86667 13.9 13.93333 13.96667</float_array>
        <technique_common>
          <accessor source="#node-Bip01_matrix-input-array" count="30" stride="1">
            <param name="TIME" type="float"/>
          </accessor>
        </technique_common>
      </source>
      <source id="node-Bip01_matrix-output">
        <float_array id="node-Bip01_matrix-output-array" count="480">0.7792375 -0.6267175 0.003750205 -8.10623e-5 0.626718 0.7792453 0.00118339 0.009366631 -0.003663957 0.001428186 0.9999923 0.5661795 0 0 0 1 0.7792375 -0.6267175 0.003750205 -7.33961e-5 0.626718 0.7792453 0.00118339 0.009366631 -0.003663957 0.001428186 0.9999923 0.5730071 0 0 0 1 0.7792375 -0.6267175 0.003750205 -6.34079e-5 0.626718 0.7792453 0.00118339 0.009366631 -0.003663957 0.001428186 0.9999923 0.5792119 0 0 0 1 0.7792375 -0.6267175 0.003750205 -5.19062e-5 0.626718 0.7792453 0.00118339 0.009366631 -0.003663957 0.001428186 0.9999923 0.5846552 0 0 0 1 0.7792375 -0.6267175 0.003750205 -3.96998e-5 0.626718 0.7792453 0.00118339 0.009366631 -0.003663957 0.001428186 0.9999923 0.5891977 0 0 0 1 0.7792375 -0.6267175 0.003750205 -2.75972e-5 0.626718 0.7792453 0.00118339 0.009366631 -0.003663957 0.001428186 0.9999923 0.5927006 0 0 0 1 0.7792375 -0.6267175 0.003750205 -1.64073e-5 0.626718 0.7792453 0.00118339 0.009366631 -0.003663957 0.001428186 0.9999923 0.5950248 0 0 0 1 0.7792375 -0.6267175 0.003750205 -6.93869e-6 0.626718 0.7792453 0.00118339 0.009366631 -0.003663957 0.001428186 0.9999923 0.5960312 0 0 0 1 0.7792375 -0.6267175 0.003750205 0 0.626718 0.7792453 0.00118339 0.009366631 -0.003663957 0.001428186 0.9999923 0.5955809 0 0 0 1 0.7792375 -0.6267175 0.003750205 3.97039e-6 0.626718 0.7792453 0.00118339 0.009366631 -0.003663957 0.001428186 0.9999923 0.592031 0 0 0 1 0.7792375 -0.6267175 0.003750205 5.51444e-6 0.626718 0.7792453 0.00118339 0.009366631 -0.003663957 0.001428186 0.9999923 0.5848477 0 0 0 1 0.7792375 -0.6267175 0.003750205 5.29388e-6 0.626718 0.7792453 0.00118339 0.009366631 -0.003663957 0.001428186 0.9999923 0.5755562 0 0 0 1 0.7792375 -0.6267175 0.003750205 3.97038e-6 0.626718 0.7792453 0.00118339 0.009366631 -0.003663957 0.001428186 0.9999923 0.5656809 0 0 0 1 0.7792375 -0.6267175 0.003750205 2.20576e-6 0.626718 0.7792453 0.00118339 0.009366631 -0.003663957 0.001428186 0.9999923 0.5567473 0 0 0 1 0.7792375 -0.6267175 0.003750205 6.61729e-7 0.626718 0.7792453 0.00118339 0.009366631 -0.003663957 0.001428186 0.9999923 0.5502799 0 0 0 1 0.7792375 -0.6267175 0.003750205 0 0.626718 0.7792453 0.00118339 0.009366631 -0.003663957 0.001428186 0.9999923 0.5478037 0 0 0 1 0.7792375 -0.6267175 0.003750205 5.91079e-7 0.626718 0.7792453 0.00118339 0.009366631 -0.003663957 0.001428186 0.9999923 0.5497617 0 0 0 1 0.7792375 -0.6267175 0.003750205 2.02656e-6 0.626718 0.7792453 0.00118339 0.009366631 -0.003663957 0.001428186 0.9999923 0.5549055 0 0 0 1 0.7792375 -0.6267175 0.003750205 3.7998e-6 0.626718 0.7792453 0.00118339 0.009366631 -0.003663957 0.001428186 0.9999923 0.5622231 0 0 0 1 0.7792375 -0.6267175 0.003750205 5.40415e-6 0.626718 0.7792453 0.00118339 0.009366631 -0.003663957 0.001428186 0.9999923 0.5707026 0 0 0 1 0.7792375 -0.6267175 0.003750205 6.33299e-6 0.626718 0.7792453 0.00118339 0.009366631 -0.003663957 0.001428186 0.9999923 0.5793316 0 0 0 1 0.7792375 -0.6267175 0.003750205 6.07967e-6 0.626718 0.7792453 0.00118339 0.009366631 -0.003663957 0.001428186 0.9999923 0.5870983 0 0 0 1 0.7792375 -0.6267175 0.003750205 4.13756e-6 0.626718 0.7792453 0.00118339 0.009366631 -0.003663957 0.001428186 0.9999923 0.5929904 0 0 0 1 0.7792375 -0.6267175 0.003750205 0 0.626718 0.7792453 0.00118339 0.009366631 -0.003663957 0.001428186 0.9999923 0.5959961 0 0 0 1 0.7792375 -0.6267175 0.003750205 -7.63353e-6 0.626718 0.7792453 0.00118339 0.009366631 -0.003663957 0.001428186 0.9999923 0.5955179 0 0 0 1 0.7792375 -0.6267175 0.003750205 -1.88278e-5 0.626718 0.7792453 0.00118339 0.009366631 -0.003663957 0.001428186 0.9999923 0.5922462 0 0 0 1 0.7792375 -0.6267175 0.003750205 -3.22357e-5 0.626718 0.7792453 0.00118339 0.009366631 -0.003663957 0.001428186 0.9999923 0.5871011 0 0 0 1 0.7792375 -0.6267175 0.003750205 -4.65106e-5 0.626718 0.7792453 0.00118339 0.009366631 -0.003663957 0.001428186 0.9999923 0.5810019 0 0 0 1 0.7792375 -0.6267175 0.003750205 -6.03045e-5 0.626718 0.7792453 0.00118339 0.009366631 -0.003663957 0.001428186 0.9999923 0.5748687 0 0 0 1 0.7792375 -0.6267175 0.003750205 -7.22708e-5 0.626718 0.7792453 0.00118339 0.009366631 -0.003663957 0.001428186 0.9999923 0.5696213 0 0 0 1</float_array>
        <technique_common>
          <accessor source="#node-Bip01_matrix-output-array" count="30" stride="16">
            <param name="TRANSFORM" type="float4x4"/>
          </accessor>
        </technique_common>
      </source>
      <source id="node-Bip01_matrix-interpolation">
        <Name_array id="node-Bip01_matrix-interpolation-array" count="30">LINEAR LINEAR LINEAR LINEAR LINEAR LINEAR LINEAR LINEAR LINEAR LINEAR LINEAR LINEAR LINEAR LINEAR LINEAR LINEAR LINEAR LINEAR LINEAR LINEAR LINEAR LINEAR LINEAR LINEAR LINEAR LINEAR LINEAR LINEAR LINEAR LINEAR</Name_array>
        <technique_common>
          <accessor source="#node-Bip01_matrix-interpolation-array" count="30" stride="1">
            <param name="INTERPOLATION" type="name"/>
          </accessor>
        </technique_common>
      </source>
      <source id="node-Bip01_Pelvis_matrix-input">
        <float_array id="node-Bip01_Pelvis_matrix-input-array" count="30">13 13.03333 13.06667 13.1 13.13333 13.16667 13.2 13.23333 13.26667 13.3 13.33333 13.36667 13.4 13.43333 13.46667 13.5 13.53333 13.56667 13.6 13.63333 13.66667 13.7 13.73333 13.76667 13.8 13.83333 13.86667 13.9 13.93333 13.96667</float_array>
        <technique_common>
          <accessor source="#node-Bip01_Pelvis_matrix-input-array" count="30" stride="1">
            <param name="TIME" type="float"/>
          </accessor>
        </technique_common>
      </source>
      <source id="node-Bip01_Pelvis_matrix-output">
        <float_array id="node-Bip01_Pelvis_matrix-output-array" count="480">-0.009626686 0.991236 0.1317526 0 -0.1217413 -0.1319403 0.9837535 0 0.9925152 -0.006569385 0.1219445 0 0 0 0 1 -0.005043148 0.9930222 0.1178199 0 -0.1000073 -0.1177316 0.9879969 0 0.994974 -0.006800174 0.09990322 0 0 0 0 1 7.84784e-4 0.9949009 0.100854 0 -0.07005631 -0.1005516 0.9924624 0 0.9975426 -0.007844328 0.06962013 0 0 0 0 1 0.006914794 0.9966645 0.0813148 0 -0.03510582 -0.0810247 0.9960937 0 0.9993597 -0.009742379 0.03442841 0 0 0 0 1 0.01252168 0.9981347 0.05975389 0 0.001542627 -0.05977779 0.9982106 0 0.9999204 -0.01240706 -0.002288281 0 0 0 0 1 0.01694852 0.9991782 0.03682124 0 0.0365262 -0.03742063 0.9986318 0 0.9991889 -0.01558041 -0.03713041 0 0 0 0 1 0.01973897 0.9997175 0.01324313 0 0.06646388 -0.01452845 0.9976832 0 0.9975936 -0.01881307 -0.06673187 0 0 0 0 1 0.02064532 0.9997346 -0.01021748 0 0.08799332 0.008363068 0.996086 0 0.9959071 -0.02146357 -0.08779728 0 0 0 0 1 0.01961016 0.9992695 -0.03280454 0 0.09777808 0.0307368 0.9947335 0 0.9950151 -0.02271443 -0.09710389 0 0 0 0 1 0.01108306 0.9976862 -0.06707948 0 0.05003297 0.06644642 0.9965348 0 0.9986861 -0.01440083 -0.04918074 0 0 0 0 1 -5.87876e-5 0.9945744 -0.104029 0 -0.04261356 0.1039319 0.9936711 0 0.9990916 0.004491448 0.04237622 0 0 0 0 1 -0.005906403 0.9940372 -0.1088817 0 -0.09394544 0.1078504 0.9897184 0 0.9955598 0.01607465 0.09274828 0 0 0 0 1 -0.00708127 0.9980515 -0.06199318 0 -0.06828528 0.06136739 0.9957767 0 0.9976406 0.01128458 0.06771767 0 0 0 0 1 -0.002958118 0.9999099 0.01310086 0 -0.008664548 -0.01312613 0.9998765 0 0.999958 0.002844274 0.008702576 0 0 0 0 1 0.007420241 0.9961853 0.08694845 0 0.05236238 -0.08721876 0.9948121 0 0.9986006 -0.002828896 -0.05280983 0 0 0 0 1 0.0176382 0.991236 0.1309209 0 0.08289796 -0.1319403 0.9877853 0 0.9964018 -0.006569683 -0.08449864 0 0 0 0 1 0.02483409 0.9886882 0.1479161 0 0.08391433 -0.1495012 0.9851943 0 0.9961634 -0.01205414 -0.08667778 0 0 0 0 1 0.03235936 0.9867046 0.1592699 0 0.0777207 -0.161355 0.9838314 0 0.9964498 -0.01945757 -0.0819087 0 0 0 0 1 0.03957861 0.9854075 0.1655469 0 0.06579035 -0.1678871 0.9836086 0 0.9970481 -0.0280385 -0.07147502 0 0 0 0 1 0.04596573 0.9848389 0.1672709 0 0.04959398 -0.1694912 0.9842832 0 0.9977111 -0.03694766 -0.05663281 0 0 0 0 1 0.05105513 0.9849854 0.1649154 0 0.03059363 -0.1665958 0.9855506 0 0.9982271 -0.04527199 -0.03863984 0 0 0 0 1 0.05440175 0.9857941 0.1589038 0 0.01023626 -0.1596817 0.9871156 0 0.9984666 -0.05207425 -0.01877784 0 0 0 0 1 0.05554872 0.9871824 0.1496168 0 -0.01005423 -0.1492876 0.9887427 0 0.9984053 -0.05642771 0.00163263 0 0 0 0 1 0.05400121 0.9890418 0.1374058 0 -0.02888631 -0.1360018 0.9902874 0 0.9981229 -0.05744588 0.02122551 0 0 0 0 1 0.03721749 0.9952275 0.0902062 0 -0.0554946 -0.08807104 0.9945672 0 0.997765 -0.04202127 0.05195194 0 0 0 0 1 0.009401559 0.9998358 0.01550036 0 -0.09051686 -0.01458644 0.9957882 0 0.9958506 -0.01076501 0.09036487 0 0 0 0 1 -0.008875668 0.9996628 -0.02440351 0 -0.1161357 0.02320885 0.9929622 0 0.9931937 0.01164728 0.1158905 0 0 0 0 1 -0.01350551 0.9999012 -0.003911137 0 -0.1246815 0.002196967 0.9921945 0 0.9921049 0.01388776 0.1246395 0 0 0 0 1 -0.01334255 0.9989193 0.0445255 0 -0.1254631 -0.04585003 0.9910382 0 0.9920085 0.007636666 0.1259393 0 0 0 0 1 -0.01104664 0.9951739 0.0975039 0 -0.1230435 -0.09812158 0.9875386 0 0.9923398 -0.001088201 0.1235336 0 0 0 0 1</float_array>
        <technique_common>
          <accessor source="#node-Bip01_Pelvis_matrix-output-array" count="30" stride="16">
            <param name="TRANSFORM" type="float4x4"/>
          </accessor>
        </technique_common>
      </source>
      <source id="node-Bip01_Pelvis_matrix-interpolation">
        <Name_array id="node-Bip01_Pelvis_matrix-interpolation-array" count="30">LINEAR LINEAR LINEAR LINEAR LINEAR LINEAR LINEAR LINEAR LINEAR LINEAR LINEAR LINEAR LINEAR LINEAR LINEAR LINEAR LINEAR LINEAR LINEAR LINEAR LINEAR LINEAR LINEAR LINEAR LINEAR LINEAR LINEAR LINEAR LINEAR LINEAR</Name_array>
        <technique_common>
          <accessor source="#node-Bip01_Pelvis_matrix-interpolation-array" count="30" stride="1">
            <param name="INTERPOLATION" type="name"/>
          </accessor>
        </technique_common>
      </source>
      <source id="node-Bip01_Spine_matrix-input">
        <float_array id="node-Bip01_Spine_matrix-input-array" count="30">13 13.03333 13.06667 13.1 13.13333 13.16667 13.2 13.23333 13.26667 13.3 13.33333 13.36667 13.4 13.43333 13.46667 13.5 13.53333 13.56667 13.6 13.63333 13.66667 13.7 13.73333 13.76667 13.8 13.83333 13.86667 13.9 13.93333 13.96667</float_array>
        <technique_common>
          <accessor source="#node-Bip01_Spine_matrix-input-array" count="30" stride="1">
            <param name="TIME" type="float"/>
          </accessor>
        </technique_common>
      </source>
      <source id="node-Bip01_Spine_matrix-output">
        <float_array id="node-Bip01_Spine_matrix-output-array" count="480">0.9142388 -0.1596022 -0.3724171 0.1975123 0.1756539 0.9844077 0.009333312 0.02499341 0.3651207 -0.07394945 0.9280186 0.02780967 0 0 0 1 0.9224385 -0.1595765 -0.351628 0.1981242 0.1790086 0.9835731 0.0232324 0.02499502 0.3421446 -0.0843749 0.9358515 0.0230481 0 0 0 1 0.9328552 -0.1598713 -0.322835 0.1987912 0.1822774 0.9824253 0.04019623 0.02483713 0.3107351 -0.09634274 0.9456014 0.01656371 0 0 0 1 0.9437446 -0.160659 -0.2890236 0.1993163 0.1852371 0.9808843 0.05960953 0.02450597 0.2739219 -0.109794 0.9554643 0.009032905 0 0 0 1 0.9537097 -0.1620455 -0.2533355 0.1995775 0.1877917 0.9788775 0.08082598 0.02401435 0.2348869 -0.1246589 0.9639959 0.001144528 0 0 0 1 0.9618204 -0.164044 -0.2190688 0.1995497 0.1900213 0.9763432 0.1031778 0.02341002 0.1969607 -0.1408663 0.9702387 -0.006406664 0 0 0 1 0.9676263 -0.1665512 -0.1896308 0.1993063 0.192207 0.9732333 0.1259889 0.02278053 0.1635714 -0.1583586 0.9737386 -0.01293081 0 0 0 1 0.9710544 -0.1693252 -0.168471 0.1989946 0.1948347 0.9695172 0.1485795 0.02225321 0.1381773 -0.1771029 0.9744444 -0.01775091 0 0 0 1 0.972184 -0.1719643 -0.1590175 0.1987896 0.1985738 0.9651855 0.1702503 0.02199196 0.1242045 -0.1970914 0.9724856 -0.02020478 0 0 0 1 0.9631257 -0.1721063 -0.2068057 0.1992942 0.2141646 0.955666 0.2020795 0.02360701 0.162858 -0.2389185 0.9572855 -0.01156508 0 0 0 1 0.9403144 -0.1659844 -0.2970823 0.1990777 0.2398861 0.9425023 0.2326883 0.0272895 0.2413781 -0.2900661 0.9260661 0.005698084 0 0 0 1 0.9241735 -0.1616243 -0.3460934 0.1982182 0.2516649 0.9392506 0.2333945 0.02958339 0.2873463 -0.3027967 0.9087059 0.0156064 0 0 0 1 0.9316675 -0.1678238 -0.322228 0.198602 0.2375221 0.9524835 0.1906791 0.02873474 0.2749163 -0.2541859 0.9272597 0.01186317 0 0 0 1 0.9481481 -0.1751599 -0.2652054 0.1991741 0.2131543 0.9693965 0.1218014 0.02710115 0.2357544 -0.1720154 0.9564676 0.002096593 0 0 0 1 0.9627861 -0.1760622 -0.2050492 0.1991799 0.190316 0.9803529 0.0518434 0.02587074 0.1918931 -0.08893817 0.9773777 -0.008200764 0 0 0 1 0.9697382 -0.1713874 -0.1738807 0.1990134 0.1756536 0.9844077 0.009333491 0.02499336 0.1695699 -0.03959375 0.9847226 -0.01334834 0 0 0 1 0.9712755 -0.1645695 -0.1718746 0.1991568 0.1659493 0.9861134 -0.006410419 0.02383261 0.1705428 -0.02229619 0.9850981 -0.01333159 0 0 0 1 0.9717621 -0.1562034 -0.176859 0.1994135 0.1558233 0.9876533 -0.01612395 0.02230465 0.177194 -0.01189011 0.9841041 -0.01208001 0 0 0 1 0.9711907 -0.1471366 -0.187455 0.1997242 0.1459202 0.9890871 -0.02034956 0.02056026 0.1884035 -0.007590234 0.9820624 -0.009834408 0 0 0 1 0.9695446 -0.1381047 -0.2022629 0.2000255 0.1369678 0.9903801 -0.01967614 0.01876991 0.2030344 -0.008626639 0.9791335 -0.006831169 0 0 0 1 0.9668517 -0.1297893 -0.2198919 0.2002632 0.1297353 0.991439 -0.01474982 0.01711511 0.2199238 -0.01426684 0.9754129 -0.003308355 0 0 0 1 0.9632191 -0.1228633 -0.2389841 0.2003993 0.1249942 0.9921376 -0.006278574 0.01578128 0.2378765 -0.02382403 0.9710032 4.89808e-4 0 0 0 1 0.9588462 -0.1180256 -0.2582325 0.2004172 0.1234871 0.9923338 0.004973411 0.01495075 0.2556658 -0.03665721 0.9660701 0.004310369 0 0 0 1 0.9540156 -0.1160238 -0.2763924 0.2003197 0.1259013 0.9918758 0.01820105 0.01479744 0.2720351 -0.05216217 0.9608724 0.007890462 0 0 0 1 0.9441142 -0.1273264 -0.3040336 0.1998025 0.1526573 0.9863978 0.06095188 0.01803582 0.2921373 -0.1039586 0.9507095 0.01276057 0 0 0 1 0.9284875 -0.1474913 -0.3408186 0.1986824 0.1998711 0.9719588 0.1238849 0.02438735 0.3129897 -0.1831454 0.931931 0.01843231 0 0 0 1 0.9163039 -0.1600205 -0.3671248 0.1976675 0.2296361 0.96097 0.1542841 0.02884924 0.3281073 -0.2256764 0.9172872 0.02245962 0 0 0 1 0.9123602 -0.1627453 -0.3756497 0.1973276 0.2270956 0.9646605 0.1336323 0.0293017 0.3406265 -0.2072293 0.9170767 0.02474671 0 0 0 1 0.9121277 -0.1624277 -0.3763511 0.1973127 0.2101459 0.9735997 0.08911979 0.02802932 0.3519398 -0.1603774 0.9221809 0.02629107 0 0 0 1 0.9134765 -0.1607071 -0.3738102 0.1974396 0.1893051 0.9810693 0.04082548 0.02619063 0.3601728 -0.1080574 0.9266062 0.02721756 0 0 0 1</float_array>
        <technique_common>
          <accessor source="#node-Bip01_Spine_matrix-output-array" count="30" stride="16">
            <param name="TRANSFORM" type="float4x4"/>
          </accessor>
        </technique_common>
      </source>
      <source id="node-Bip01_Spine_matrix-interpolation">
        <Name_array id="node-Bip01_Spine_matrix-interpolation-array" count="30">LINEAR LINEAR LINEAR LINEAR LINEAR LINEAR LINEAR LINEAR LINEAR LINEAR LINEAR LINEAR LINEAR LINEAR LINEAR LINEAR LINEAR LINEAR LINEAR LINEAR LINEAR LINEAR LINEAR LINEAR LINEAR LINEAR LINEAR LINEAR LINEAR LINEAR</Name_array>
        <technique_common>
          <accessor source="#node-Bip01_Spine_matrix-interpolation-array" count="30" stride="1">
            <param name="INTERPOLATION" type="name"/>
          </accessor>
        </technique_common>
      </source>
      <source id="node-Bip01_Spine1_matrix-input">
