<?xml version="1.0" encoding="utf-8"?>
<COLLADA xmlns="http://www.collada.org/2005/11/COLLADASchema" version="1.4.1">
  <asset>
    <contributor>
      <author>MattO</author>
      <authoring_tool>OpenCOLLADA for 3ds Max;  Version: 1.3.0;  Revision: 839M;  Platform: x64;  Configuration: Release_Max2012</authoring_tool>
      <source_data>file:///C:/Dropbox/Prj/GGStout/Ryder/TP_Soldier_Ryder_Animation_Master.max</source_data>
    </contributor>
    <created>2011-09-29T18:38:17</created>
    <modified>2011-09-29T18:38:17</modified>
    <unit name="meter" meter="1"/>
    <up_axis>Z_UP</up_axis>
  </asset>
  <library_effects>
    <effect id="ShapeBounds">
      <profile_COMMON>
        <technique sid="common">
          <blinn>
            <emission>
              <color>0 0 0 1</color>
            </emission>
            <ambient>
              <color>0.1647059 1 0 1</color>
            </ambient>
            <diffuse>
              <color>0.1647059 1 0 1</color>
            </diffuse>
            <specular>
              <color>0.9 0.9 0.9 1</color>
            </specular>
            <shininess>
              <float>10</float>
            </shininess>
            <reflective>
              <color>0 0 0 1</color>
            </reflective>
            <transparent opaque="A_ONE">
              <color>1 1 1 1</color>
            </transparent>
            <transparency>
              <float>1</float>
            </transparency>
          </blinn>
        </technique>
      </profile_COMMON>
      <extra>
        <technique profile="OpenCOLLADA3dsMax">
          <extended_shader>
            <apply_reflection_dimming>0</apply_reflection_dimming>
            <dim_level>0</dim_level>
            <falloff_type>0</falloff_type>
            <index_of_refraction>1.5</index_of_refraction>
            <opacity_type>0</opacity_type>
            <reflection_level>3</reflection_level>
            <wire_size>1</wire_size>
            <wire_units>0</wire_units>
          </extended_shader>
          <shader>
            <ambient_diffuse_lock>1</ambient_diffuse_lock>
            <ambient_diffuse_texture_lock>1</ambient_diffuse_texture_lock>
            <diffuse_specular_lock>0</diffuse_specular_lock>
            <soften>0.1</soften>
            <use_self_illum_color>0</use_self_illum_color>
          </shader>
        </technique>
      </extra>
    </effect>
  </library_effects>
  <library_materials>
    <material id="ShapeBounds-material" name="ShapeBounds">
      <instance_effect url="#ShapeBounds"/>
    </material>
  </library_materials>
  <library_geometries>
    <geometry id="geom-Bounds" name="Bounds">
      <mesh>
        <source id="geom-Bounds-positions">
          <float_array id="geom-Bounds-positions-array" count="24">-0.425 -0.425 0 0.425 -0.425 0 -0.425 0.425 0 0.425 0.425 0 -0.425 -0.425 1.84 0.425 -0.425 1.84 -0.425 0.425 1.84 0.425 0.425 1.84</float_array>
          <technique_common>
            <accessor source="#geom-Bounds-positions-array" count="8" stride="3">
              <param name="X" type="float"/>
              <param name="Y" type="float"/>
              <param name="Z" type="float"/>
            </accessor>
          </technique_common>
        </source>
        <source id="geom-Bounds-normals">
          <float_array id="geom-Bounds-normals-array" count="72">0 0 -1 0 0 -1 0 0 -1 0 0 -1 0 0 1 0 0 1 0 0 1 0 0 1 0 -1 0 0 -1 0 0 -1 0 0 -1 0 1 0 0 1 0 0 1 0 0 1 0 0 0 1 0 0 1 0 0 1 0 0 1 0 -1 0 0 -1 0 0 -1 0 0 -1 0 0</float_array>
          <technique_common>
            <accessor source="#geom-Bounds-normals-array" count="24" stride="3">
              <param name="X" type="float"/>
              <param name="Y" type="float"/>
              <param name="Z" type="float"/>
            </accessor>
          </technique_common>
        </source>
        <source id="geom-Bounds-map1">
          <float_array id="geom-Bounds-map1-array" count="36">0 0 0 1 0 0 0 1 0 1 1 0 0 0 0 1 0 0 0 1 0 1 1 0 0 0 0 1 0 0 0 1 0 1 1 0</float_array>
          <technique_common>
            <accessor source="#geom-Bounds-map1-array" count="12" stride="3">
              <param name="S" type="float"/>
              <param name="T" type="float"/>
              <param name="P" type="float"/>
            </accessor>
          </technique_common>
        </source>
        <vertices id="geom-Bounds-vertices">
          <input semantic="POSITION" source="#geom-Bounds-positions"/>
        </vertices>
        <triangles material="ShapeBounds" count="12">
          <input semantic="VERTEX" source="#geom-Bounds-vertices" offset="0"/>
          <input semantic="NORMAL" source="#geom-Bounds-normals" offset="1"/>
          <input semantic="TEXCOORD" source="#geom-Bounds-map1" offset="2" set="0"/>
          <p>0 0 9 2 1 11 3 2 10 3 2 10 1 3 8 0 0 9 4 4 8 5 5 9 7 6 11 7 6 11 6 7 10 4 4 8 0 8 4 1 9 5 5 10 7 5 10 7 4 11 6 0 8 4 1 12 0 3 13 1 7 14 3 7 14 3 5 15 2 1 12 0 3 16 4 2 17 5 6 18 7 6 18 7 7 19 6 3 16 4 2 20 0 0 21 1 4 22 3 4 22 3 6 23 2 2 20 0</p>
        </triangles>
      </mesh>
      <extra>
        <technique profile="OpenCOLLADA3dsMax">
          <max_box>
            <generateuvs>1</generateuvs>
            <height>1.84</height>
            <heightsegments>1</heightsegments>
            <length>0.85</length>
            <lengthsegments>1</lengthsegments>
            <width>0.85</width>
            <widthsegments>1</widthsegments>
          </max_box>
        </technique>
      </extra>
    </geometry>
  </library_geometries>
  <library_lights>
    <light id="EnvironmentAmbientLight" name="EnvironmentAmbientLight">
      <technique_common>
        <ambient>
          <color>0 0 0</color>
        </ambient>
      </technique_common>
    </light>
  </library_lights>
  <library_visual_scenes>
    <visual_scene id="MaxScene">
      <node name="EnvironmentAmbientLight">
        <instance_light url="#EnvironmentAmbientLight"/>
      </node>
      <node id="node-Bip01" name="Bip01">
        <matrix sid="matrix">0.7792375 -0.6267175 0.003750234 -8.10623e-5 0.626718 0.7792453 0.001183394 0.009366653 -0.003664005 0.001428194 0.9999923 0.8592649 0 0 0 1</matrix>
        <node id="node-Bip01_Pelvis" name="Bip01_Pelvis">
          <matrix sid="matrix">-0.009626728 0.991236 0.1317526 0 -0.1217413 -0.1319404 0.9837535 0 0.9925151 -0.0065694 0.1219445 0 0 0 0 1</matrix>
          <node id="node-Bip01_Spine" name="Bip01_Spine">
            <matrix sid="matrix">0.9968564 0.004996393 -0.07907251 0.197499 -0.00299883 0.9996739 0.02536098 0.02499221 0.07917342 -0.02504417 0.9965463 0.02780575 0 0 0 1</matrix>
            <node id="node-Bip01_Spine1" name="Bip01_Spine1">
              <matrix sid="matrix">0.9850422 0.02363097 -0.1706854 0.1022276 -0.01319333 0.9979872 0.06202885 -1.00823e-4 0.1718076 -0.05884906 0.9833712 5.94929e-6 0 0 0 1</matrix>
              <node id="node-Bip01_Spine2" name="Bip01_Spine2">
                <matrix>0.9369743 -0.3477309 -0.03409588 0.1269256 0.3490361 0.9270919 0.1366548 -1.58805e-4 -0.01590907 -0.1399427 0.9900319 2.39462e-5 0 0 0 1</matrix>
                <node id="node-Bip01_Neck" name="Bip01_Neck">
                  <matrix>0.840708 -0.4308256 0.3280236 0.2151071 0.4136219 0.9019014 0.1244631 -4.96805e-5 -0.3494668 0.03104062 0.9364344 -1.69873e-6 0 0 0 1</matrix>
                  <node id="node-Bip01_Head" name="Bip01_Head">
                    <matrix sid="matrix">0.8838473 -0.3035827 -0.355881 0.07051814 -0.1849465 0.4720141 -0.8619727 -0.01395905 0.4296609 0.8276715 0.3610419 0 0 0 0 1</matrix>
                    <node id="node-ALTEYE" name="ALTEYE">
                      <matrix>0.4506336 0.3792481 0.8081467 0.06454694 0.04412798 0.8947043 -0.4444743 0.2214611 -0.8916181 0.2359566 0.3864482 0.04716265 0 0 0 1</matrix>
                    </node>
                  </node>
                  <node id="node-Bip01_L_Clavicle" name="Bip01_L_Clavicle">
                    <matrix>-0.5778345 -0.4531803 0.6787745 -0.04690325 0.283809 -0.891343 -0.3534965 -0.01204759 0.7652187 -0.0116202 0.6436655 0.05588406 0 0 0 1</matrix>
                    <node id="node-Bip01_L_UpperArm" name="Bip01_L_UpperArm">
                      <matrix sid="matrix">0.6873732 -0.3143811 0.6547385 0.1824007 -0.007524669 0.8983349 0.4392467 0 -0.7262653 -0.3068532 0.6151259 -1.19209e-7 0 0 0 1</matrix>
                      <node id="node-Bip01_L_Forearm" name="Bip01_L_Forearm">
                        <matrix sid="matrix">-0.6889163 0.7248411 0 0.2843689 -0.724841 -0.6889162 2.98023e-8 2.23517e-8 0 -1.49012e-8 1 5.96046e-8 0 0 0 1</matrix>
                        <node id="node-Bip01_L_Hand" name="Bip01_L_Hand">
                          <matrix sid="matrix">0.8446013 0.5014094 -0.1877158 0.2810681 0.3764316 -0.8054551 -0.4577568 -5.96046e-8 -0.3807202 0.3159598 -0.8690349 -5.96046e-8 0 0 0 1</matrix>
                          <node id="node-Bip01_L_Finger0" name="Bip01_L_Finger0">
                            <matrix>0.6413842 0.3141903 0.6999363 0.02119675 0.7352949 0.008702904 -0.6776915 -0.004734278 -0.2190156 0.9493201 -0.2254408 -0.02572188 0 0 0 1</matrix>
                            <node id="node-Bip01_L_Finger01" name="Bip01_L_Finger01">
                              <matrix>0.9975641 -0.06975639 -5.96046e-8 0.04982853 0.06975646 0.9975641 2.79397e-8 2.98023e-8 2.98023e-8 5.58794e-9 1 1.19209e-7 0 0 0 1</matrix>
                              <node id="node-Bip01_L_Finger02" name="Bip01_L_Finger02">
                                <matrix>0.9203136 0.3911814 2.98023e-8 0.05202246 -0.3911814 0.9203135 -3.44589e-8 -2.98023e-8 -5.96046e-8 -2.98023e-8 1 -5.96046e-8 0 0 0 1</matrix>
                              </node>
                            </node>
                          </node>
                          <node id="node-Bip01_L_Finger1" name="Bip01_L_Finger1">
                            <matrix>0.9592717 -0.2819768 -0.01693497 0.1199946 0.2798395 0.9567646 -0.07931918 -0.008367538 0.03856896 0.07134954 0.9967055 -0.04101387 0 0 0 1</matrix>
                            <node id="node-Bip01_L_Finger11" name="Bip01_L_Finger11">
                              <matrix>0.7001772 -0.7139691 -5.58794e-9 0.03644174 0.7139691 0.7001772 -3.72529e-9 1.19209e-7 -1.11759e-8 1.67638e-8 1 -5.96046e-8 0 0 0 1</matrix>
                              <node id="node-Bip01_L_Finger12" name="Bip01_L_Finger12">
                                <matrix>0.8757258 -0.4828087 -3.72529e-9 0.03117549 0.4828088 0.8757258 -5.58794e-9 -5.96046e-8 1.86265e-8 2.65427e-8 1 5.96046e-8 0 0 0 1</matrix>
                              </node>
                            </node>
                          </node>
                          <node id="node-Bip01_L_Finger2" name="Bip01_L_Finger2">
                            <matrix>0.9066655 -0.4205882 -0.03260921 0.1229538 0.4217876 0.9024838 0.08728345 -0.008802056 -0.007281108 -0.09289104 0.9956497 -0.01328248 0 0 0 1</matrix>
                            <node id="node-Bip01_L_Finger21" name="Bip01_L_Finger21">
                              <matrix>0.8156035 -0.5786112 -7.45058e-9 0.03895521 0.5786112 0.8156035 7.45058e-9 -1.19209e-7 7.45058e-9 0 1 5.96046e-8 0 0 0 1</matrix>
                              <node id="node-Bip01_L_Finger22" name="Bip01_L_Finger22">
                                <matrix>0.9762959 -0.2164396 -7.45058e-9 0.03800547 0.2164395 0.976296 -3.72529e-9 5.96046e-8 7.45058e-9 0 0.9999999 -2.98023e-8 0 0 0 1</matrix>
                              </node>
                            </node>
                          </node>
                          <node id="node-Bip01_L_Finger3" name="Bip01_L_Finger3">
                            <matrix>0.9367908 -0.338013 -0.09038846 0.1211881 0.3480916 0.9264981 0.1429456 -0.001191139 0.03542727 -0.1653736 0.9855944 0.01196867 0 0 0 1</matrix>
                            <node id="node-Bip01_L_Finger31" name="Bip01_L_Finger31">
                              <matrix>0.9381478 -0.3462351 3.72529e-9 0.03155851 0.3462351 0.9381478 0 0 7.45058e-9 -2.98023e-8 1 0 0 0 0 1</matrix>
                              <node id="node-Bip01_L_Finger32" name="Bip01_L_Finger32">
                                <matrix>0.8922837 -0.451475 -7.45058e-9 0.0336659 0.4514751 0.8922838 -7.45058e-9 0 1.49012e-8 0 1 -2.98023e-8 0 0 0 1</matrix>
                              </node>
                            </node>
                          </node>
                          <node id="node-Bip01_L_Finger4" name="Bip01_L_Finger4">
                            <matrix>0.9820987 -0.1883418 0.003122216 0.1136797 0.1857741 0.9711844 0.1492954 0.005147457 -0.03115076 -0.1460428 0.9887878 0.03886577 0 0 0 1</matrix>
                            <node id="node-Bip01_L_Finger41" name="Bip01_L_Finger41">
                              <matrix>0.8499687 -0.5268332 -7.45058e-9 0.03661621 0.5268333 0.8499687 0 0 -7.45058e-9 7.45058e-9 1 2.98023e-8 0 0 0 1</matrix>
                              <node id="node-Bip01_L_Finger42" name="Bip01_L_Finger42">
                                <matrix>0.9624561 -0.2714371 -7.45058e-9 0.01772642 0.271437 0.9624561 -7.45058e-9 5.96046e-8 -2.98023e-8 0 0.9999999 1.49012e-8 0 0 0 1</matrix>
                              </node>
                            </node>
                          </node>
                        </node>
                      </node>
                    </node>
                  </node>
                  <node id="node-Bip01_R_Clavicle" name="Bip01_R_Clavicle">
                    <matrix>0.2073931 -0.1669672 -0.9639034 8.67009e-4 0.5679265 -0.7817279 0.2576056 -0.01629031 -0.7965222 -0.600852 -0.0672998 -0.07212147 0 0 0 1</matrix>
                    <node id="node-Bip01_R_UpperArm" name="Bip01_R_UpperArm">
                      <matrix sid="matrix">-0.05361843 0.9941343 -0.09392688 0.1824007 -0.9832367 -0.03614537 0.1787155 0 0.1742722 0.1019348 0.9794073 1.19209e-7 0 0 0 1</matrix>
                      <node id="node-Bip01_R_Forearm" name="Bip01_R_Forearm">
                        <matrix>0.5407855 0.8411607 2.98023e-8 0.284369 -0.8411607 0.5407854 -2.98023e-8 0 -8.9407e-8 -5.96046e-8 1 0 0 0 0 1</matrix>
                        <node id="node-Bip01_R_Hand" name="Bip01_R_Hand">
                          <matrix>0.970637 0.2201094 0.0970349 0.281068 0.2283399 -0.7161989 -0.6594849 0 -0.07566255 0.6622772 -0.7454287 0 0 0 0 1</matrix>
                          <node id="node-Bip01_R_Finger0" name="Bip01_R_Finger0">
                            <matrix>0.5215105 0.269013 -0.8097275 0.02119675 0.7250715 0.3605265 0.5867638 -0.004734218 0.4497753 -0.8931141 -0.007035479 0.02572203 0 0 0 1</matrix>
                            <node id="node-Bip01_R_Finger01" name="Bip01_R_Finger01">
                              <matrix>0.6423536 -0.7636235 0.06527576 0.04982859 0.7605613 0.6456373 0.06854747 0 -0.0944888 0.005614454 0.9955102 -5.96046e-8 0 0 0 1</matrix>
                              <node id="node-Bip01_R_Finger02" name="Bip01_R_Finger02">
                                <matrix>0.9505157 -0.3106765 -7.45058e-9 0.0520224 0.3106764 0.9505156 2.6077e-8 2.38419e-7 -3.72529e-9 1.11759e-8 1 0 0 0 0 1</matrix>
                              </node>
                            </node>
                          </node>
                          <node id="node-Bip01_R_Finger1" name="Bip01_R_Finger1">
                            <matrix>0.9820224 -0.1733427 -0.07472672 0.1199947 0.1795577 0.9799359 0.0865149 -0.008367538 0.05823064 -0.09837734 0.9934441 0.04101396 0 0 0 1</matrix>
                            <node id="node-Bip01_R_Finger11" name="Bip01_R_Finger11">
                              <matrix>0.8240547 -0.5665103 0 0.03644174 0.5665102 0.8240547 -7.45058e-9 0 5.58794e-9 0 1 -1.19209e-7 0 0 0 1</matrix>
                              <node id="node-Bip01_R_Finger12" name="Bip01_R_Finger12">
                                <matrix>0.8146397 -0.5796779 0.01831834 0.03117551 0.5799671 0.8142334 -0.02573051 0 -7.45058e-9 0.03158514 0.999501 -1.19209e-7 0 0 0 1</matrix>
                              </node>
                            </node>
                          </node>
                          <node id="node-Bip01_R_Finger2" name="Bip01_R_Finger2">
                            <matrix>0.6754014 -0.7374504 -1.52122e-4 0.1229539 0.7368312 0.6748428 -0.04082684 -0.008802027 0.03021043 0.02746242 0.9991663 0.0132823 0 0 0 1</matrix>
                            <node id="node-Bip01_R_Finger21" name="Bip01_R_Finger21">
                              <matrix>0.5508358 -0.8338858 -0.0348487 0.03895514 0.832222 0.551937 -0.05265062 0 0.0631389 -1.30385e-8 0.9980047 -1.19209e-7 0 0 0 1</matrix>
                              <node id="node-Bip01_R_Finger22" name="Bip01_R_Finger22">
                                <matrix>0.1984734 -0.9799248 0.01886612 0.03800538 0.9755272 0.199368 0.09272985 -2.98023e-8 -0.09462959 2.23517e-8 0.9955126 1.19209e-7 0 0 0 1</matrix>
                              </node>
                            </node>
                          </node>
                          <node id="node-Bip01_R_Finger3" name="Bip01_R_Finger3">
                            <matrix>0.7159052 -0.6949217 0.06755453 0.1211881 0.6883785 0.6863562 -0.234627 -0.001191199 0.1166809 0.2144738 0.9697353 -0.01196861 0 0 0 1</matrix>
                            <node id="node-Bip01_R_Finger31" name="Bip01_R_Finger31">
                              <matrix>0.4441954 -0.8949345 0.04222351 0.03155842 0.8909186 0.4461977 0.08468728 -2.98023e-8 -0.09462961 2.23517e-8 0.9955125 0 0 0 0 1</matrix>
                              <node id="node-Bip01_R_Finger32" name="Bip01_R_Finger32">
                                <matrix>0.1993681 -0.9794358 -0.03095099 0.03366594 0.9799247 0.1992686 0.006297065 -5.96046e-8 -8.84756e-9 -0.03158514 0.9995012 0 0 0 0 1</matrix>
                              </node>
                            </node>
                          </node>
                          <node id="node-Bip01_R_Finger4" name="Bip01_R_Finger4">
                            <matrix>0.5925791 -0.7897949 -0.1583476 0.1136797 0.7783522 0.6120424 -0.1399001 0.005147427 0.2074078 -0.04034829 0.9774221 -0.03886569 0 0 0 1</matrix>
                            <node id="node-Bip01_R_Finger41" name="Bip01_R_Finger41">
                              <matrix>0.4202556 -0.9064695 0.04120621 0.03661627 0.906853 0.4211511 0.01578784 0 -0.03166521 0.03073302 0.9990259 1.19209e-7 0 0 0 1</matrix>
                              <node id="node-Bip01_R_Finger42" name="Bip01_R_Finger42">
                                <matrix>0.4024471 -0.9138246 -0.05441488 0.01772633 0.915423 0.4021219 0.01728314 -5.96046e-8 0.006087616 -0.05676816 0.9983688 -1.19209e-7 0 0 0 1</matrix>
                              </node>
                            </node>
                          </node>
                          <node id="node-MOUNT0" name="MOUNT0">
                            <matrix>-6.3295e-7 1 3.72529e-9 0.109539 -1 -6.61385e-7 4.76837e-7 0.0251826 4.73112e-7 3.72529e-9 1 0.01321685 0 0 0 1</matrix>
                          </node>
                        </node>
                      </node>
                    </node>
                  </node>
                </node>
                <node id="node-Bip01_L_Pauldron_Upper" name="Bip01_L_Pauldron_Upper">
                  <matrix>0.9726267 0.1182923 0.2000107 0.176903 0.1448455 -0.9816831 -0.1237686 -0.03908369 0.1817061 0.1493513 -0.9719452 0.2290198 0 0 0 1</matrix>
                </node>
                <node id="node-Bip01_R_Pauldron_Lower" name="Bip01_R_Pauldron_Lower">
                  <matrix sid="matrix">-0.1156724 -0.9403759 -0.3198654 0.172906 0.909775 -0.2295501 0.3458564 -0.1133294 -0.3986599 -0.2509994 0.8820828 -0.2351094 0 0 0 1</matrix>
                </node>
                <node id="node-Bip01_L_Pauldron_Lower" name="Bip01_L_Pauldron_Lower">
                  <matrix>-0.2099968 -0.76872 0.6041284 0.1529202 0.4002343 -0.6313506 -0.6642357 -0.1054225 0.892028 0.1023055 0.4402497 0.2344801 0 0 0 1</matrix>
                </node>
              </node>
            </node>
            <node id="node-Bip01_L_Thigh" name="Bip01_L_Thigh">
              <matrix sid="matrix">-0.9947155 -0.06665146 0.07809456 -0.1889111 0.01952847 0.6239235 0.7812412 -0.0284671 -0.1007959 0.7786379 -0.6193247 0.1143193 0 0 0 1</matrix>
              <node id="node-Bip01_L_Calf" name="Bip01_L_Calf">
                <matrix sid="matrix">0.7357388 0.6772655 3.72529e-9 0.4629987 -0.6772654 0.7357388 2.21189e-9 -7.45058e-9 -7.45058e-9 -5.58794e-9 0.9999999 0 0 0 0 1</matrix>
                <node id="node-Bip01_L_Foot" name="Bip01_L_Foot">
                  <matrix sid="matrix">0.7067724 -0.703546 -0.07413296 0.3610502 0.7054377 0.6930107 0.148639 0 -0.05319947 -0.1573502 0.986109 -1.11759e-8 0 0 0 1</matrix>
                  <node id="node-Bip01_L_Toe0" name="Bip01_L_Toe0">
                    <matrix sid="matrix">-1.22935e-7 -1 9.06177e-7 0.1486307 1 -1.22702e-7 -8.04466e-7 0.1543275 8.04885e-7 9.05246e-7 1 0 0 0 0 1</matrix>
                  </node>
                </node>
              </node>
            </node>
            <node id="node-Bip01_R_Thigh" name="Bip01_R_Thigh">
              <matrix sid="matrix">-0.5666596 0.8234881 0.02764524 -0.2090979 0.6682432 0.4396863 0.6001056 -0.02208188 0.4820245 0.3585294 -0.7994428 -0.139773 0 0 0 1</matrix>
              <node id="node-Bip01_R_Calf" name="Bip01_R_Calf">
                <matrix sid="matrix">-0.0965609 0.9953272 -3.91155e-8 0.4629988 -0.995327 -0.0965609 1.02445e-8 0 1.76951e-8 6.51926e-9 1 0 0 0 0 1</matrix>
                <node id="node-Bip01_R_Foot" name="Bip01_R_Foot">
                  <matrix sid="matrix">0.9795611 0.1840265 0.08120568 0.3610501 -0.1956629 0.96538 0.1725036 -1.49012e-8 -0.0466491 -0.1848667 0.9816558 -7.45058e-9 0 0 0 1</matrix>
                  <node id="node-Bip01_R_Toe0" name="Bip01_R_Toe0">
                    <matrix sid="matrix">-0.3051539 -0.9472734 0.09774533 0.1486307 0.9517195 -0.3069487 -0.003514022 0.1543275 0.0333315 0.09195386 0.9952053 0 0 0 0 1</matrix>
                  </node>
                </node>
              </node>
            </node>
          </node>
          <node id="node-Bip01_FannyPack" name="Bip01_FannyPack">
            <matrix sid="matrix">-0.9629918 -0.2062316 0.1735378 0.2299507 -0.2083318 0.9780384 0.006227053 -0.1378937 -0.1710108 -0.03015685 -0.9848076 0.01013962 0 0 0 1</matrix>
          </node>
        </node>
        <node id="node-EYE" name="EYE">
          <matrix sid="matrix">0.7792376 0.6267179 -0.003664042 0.05961523 -0.6267174 0.7792451 0.001428224 0.07226414 0.00375028 0.001183214 0.999992 0.7111303 0 0 0 1</matrix>
          <node id="node-CAM" name="CAM">
            <matrix>1 -6.03104e-8 3.55271e-15 4.84288e-8 6.03104e-8 1 -2.32831e-9 -0.104 0 2.32831e-9 1 0.3005601 0 0 0 1</matrix>
          </node>
        </node>
      </node>
      <node id="node-Bounds" name="Bounds">
        <matrix>0.9999915 0.001706907 0.003750479 0 -0.001711356 0.9999978 0.001183292 0.1035326 -0.003748452 -0.0011897 0.9999923 -8.93474e-5 0 0 0 1</matrix>
        <instance_geometry url="#geom-Bounds">
          <bind_material>
            <technique_common>
              <instance_material symbol="ShapeBounds" target="#ShapeBounds-material"/>
            </technique_common>
          </bind_material>
        </instance_geometry>
      </node>
    </visual_scene>
  </library_visual_scenes>
  <library_animations>
    <animation>
      <source id="node-Bip01_matrix-input">
        <float_array id="node-Bip01_matrix-input-array" count="20">8 8.033334 8.066667 8.1 8.133333 8.166667 8.2 8.233334 8.266666 8.3 8.333333 8.366667 8.4 8.433333 8.466666 8.5 8.533334 8.566667 8.6 8.633333</float_array>
        <technique_common>
          <accessor source="#node-Bip01_matrix-input-array" count="20" stride="1">
            <param name="TIME" type="float"/>
          </accessor>
        </technique_common>
      </source>
      <source id="node-Bip01_matrix-output">
        <float_array id="node-Bip01_matrix-output-array" count="320">0.7792375 -0.6267175 0.003750205 -8.10623e-5 0.626718 0.7792453 0.00118339 0.009366631 -0.003663957 0.001428186 0.9999923 0.8592649 0 0 0 1 0.7792375 -0.6267175 0.003750205 -6.55012e-5 0.626718 0.7792453 0.00118339 0.009366631 -0.003663957 0.001428186 0.9999923 0.8491101 0 0 0 1 0.7792375 -0.6267175 0.003750205 -4.18179e-5 0.626718 0.7792453 0.00118339 0.009366631 -0.003663957 0.001428186 0.9999923 0.8360103 0 0 0 1 0.7792375 -0.6267175 0.003750205 -1.74911e-5 0.626718 0.7792453 0.00118339 0.009366631 -0.003663957 0.001428186 0.9999923 0.8250438 0 0 0 1 0.7792375 -0.6267175 0.003750205 0 0.626718 0.7792453 0.00118339 0.009366631 -0.003663957 0.001428186 0.9999923 0.8212891 0 0 0 1 0.7792375 -0.6267176 0.003750205 5.14681e-6 0.6267181 0.7792452 0.00118339 0.009366631 -0.003663957 0.001428186 0.9999923 0.8336193 0 0 0 1 0.7792375 -0.6267176 0.003750205 2.57341e-6 0.6267181 0.7792452 0.00118339 0.009366631 -0.003663957 0.001428186 0.9999923 0.8557608 0 0 0 1 0.7792375 -0.6267175 0.003750205 0 0.626718 0.7792453 0.00118339 0.009366631 -0.003663957 0.001428186 0.9999923 0.870072 0 0 0 1 0.7792375 -0.6267176 0.003750205 0 0.6267181 0.7792452 0.00118339 0.009366631 -0.003663957 0.001428186 0.9999923 0.8679971 0 0 0 1 0.7792375 -0.6267176 0.003750205 0 0.6267181 0.7792452 0.00118339 0.009366631 -0.003663957 0.001428186 0.9999923 0.8580919 0 0 0 1 0.7792375 -0.6267175 0.003750205 0 0.626718 0.7792453 0.00118339 0.009366631 -0.003663957 0.001428186 0.9999923 0.8483815 0 0 0 1 0.7792375 -0.6267176 0.003750205 0 0.6267181 0.7792452 0.00118339 0.009366631 -0.003663957 0.001428186 0.9999923 0.8390638 0 0 0 1 0.7792375 -0.6267176 0.003750205 0 0.6267181 0.7792452 0.00118339 0.009366631 -0.003663957 0.001428186 0.9999923 0.8299412 0 0 0 1 0.7792375 -0.6267175 0.003750205 0 0.626718 0.7792453 0.00118339 0.009366631 -0.003663957 0.001428186 0.9999923 0.8284451 0 0 0 1 0.7792375 -0.6267176 0.003750205 2.57341e-6 0.6267181 0.7792452 0.00118339 0.009366631 -0.003663957 0.001428186 0.9999923 0.8422305 0 0 0 1 0.7792375 -0.6267176 0.003750205 5.14681e-6 0.6267181 0.7792452 0.00118339 0.009366631 -0.003663957 0.001428186 0.9999923 0.8636425 0 0 0 1 0.7792375 -0.6267175 0.003750205 0 0.626718 0.7792453 0.00118339 0.009366631 -0.003663957 0.001428186 0.9999923 0.8771492 0 0 0 1 0.7792375 -0.6267175 0.003750205 -1.74911e-5 0.626718 0.7792453 0.00118339 0.009366631 -0.003663957 0.001428186 0.9999923 0.8771606 0 0 0 1 0.7792375 -0.6267175 0.003750205 -4.18179e-5 0.626718 0.7792453 0.00118339 0.009366631 -0.003663957 0.001428186 0.9999923 0.8712972 0 0 0 1 0.7792375 -0.6267175 0.003750205 -6.55012e-5 0.626718 0.7792453 0.00118339 0.009366631 -0.003663957 0.001428186 0.9999923 0.863843 0 0 0 1</float_array>
        <technique_common>
          <accessor source="#node-Bip01_matrix-output-array" count="20" stride="16">
            <param name="TRANSFORM" type="float4x4"/>
          </accessor>
        </technique_common>
      </source>
      <source id="node-Bip01_matrix-interpolation">
        <Name_array id="node-Bip01_matrix-interpolation-array" count="20">LINEAR LINEAR LINEAR LINEAR LINEAR LINEAR LINEAR LINEAR LINEAR LINEAR LINEAR LINEAR LINEAR LINEAR LINEAR LINEAR LINEAR LINEAR LINEAR LINEAR</Name_array>
        <technique_common>
          <accessor source="#node-Bip01_matrix-interpolation-array" count="20" stride="1">
            <param name="INTERPOLATION" type="name"/>
          </accessor>
        </technique_common>
      </source>
      <source id="node-Bip01_Pelvis_matrix-input">
        <float_array id="node-Bip01_Pelvis_matrix-input-array" count="20">8 8.033334 8.066667 8.1 8.133333 8.166667 8.2 8.233334 8.266666 8.3 8.333333 8.366667 8.4 8.433333 8.466666 8.5 8.533334 8.566667 8.6 8.633333</float_array>
        <technique_common>
          <accessor source="#node-Bip01_Pelvis_matrix-input-array" count="20" stride="1">
            <param name="TIME" type="float"/>
          </accessor>
        </technique_common>
      </source>
      <source id="node-Bip01_Pelvis_matrix-output">
        <float_array id="node-Bip01_Pelvis_matrix-output-array" count="320">-0.009626686 0.991236 0.1317526 0 -0.1217413 -0.1319403 0.9837535 0 0.9925152 -0.006569385 0.1219445 0 0 0 0 1 -0.01201665 0.9965293 0.08237147 0 -0.1241871 -0.08322697 0.9887623 0 0.992186 0.001652121 0.1247561 0 0 0 0 1 -0.01410371 0.9998396 0.01104861 0 -0.126014 -0.01273888 0.9919467 0 0.9919282 0.01259785 0.1261734 0 0 0 0 1 -0.008875668 0.9996628 -0.02440351 0 -0.1161357 0.02320885 0.9929622 0 0.9931937 0.01164728 0.1158905 0 0 0 0 1 0.0230081 0.9983714 0.05220222 0 -0.07360363 -0.05038261 0.9960141 0 0.997022 -0.02675867 0.07232451 0 0 0 0 1 0.05400121 0.9890417 0.1374058 0 -0.02888631 -0.1360018 0.9902873 0 0.9981228 -0.05744588 0.02122551 0 0 0 0 1 0.05499166 0.9863836 0.1549944 0 0.001637101 -0.1553182 0.9878631 0 0.9984853 -0.05407047 -0.01015603 0 0 0 0 1 0.04977875 0.9851274 0.1644572 0 0.03396224 -0.1662358 0.985501 0 0.9981826 -0.04347169 -0.04173213 0 0 0 0 1 0.04040366 0.9855287 0.1646226 0 0.06226152 -0.1669202 0.9840025 0 0.9972416 -0.02950763 -0.06810474 0 0 0 0 1 0.02889841 0.9876431 0.1540321 0 0.08057421 -0.1558966 0.9844815 0 0.9963294 -0.01603895 -0.08408373 0 0 0 0 1 0.0176382 0.991236 0.1309209 0 0.08289796 -0.1319403 0.9877853 0 0.9964018 -0.006569683 -0.08449864 0 0 0 0 1 0.003105103 0.9980775 0.06190043 0 0.0335415 -0.06196981 0.9975143 0 0.9994323 -0.001021146 -0.03366941 0 0 0 0 1 -0.006529986 0.9991313 -0.04115545 0 -0.05065912 0.04077285 0.9978833 0 0.9986945 0.008601069 0.05034881 0 0 0 0 1 -0.005906403 0.9940372 -0.1088818 0 -0.09394544 0.1078506 0.9897184 0 0.9955598 0.01607465 0.09274822 0 0 0 0 1 -2.48197e-6 0.9940911 -0.1085489 0 -0.04213303 0.1084525 0.9932083 0 0.9991118 0.004575967 0.04188382 0 0 0 0 1 0.01072067 0.9972352 -0.07353085 0 0.05079907 0.07289701 0.9960448 0 0.9986512 -0.01441359 -0.0498771 0 0 0 0 1 0.01961016 0.9992695 -0.03280454 0 0.09777808 0.0307368 0.9947335 0 0.9950151 -0.02271443 -0.09710389 0 0 0 0 1 0.01921153 0.9997724 0.00928688 0 0.06537938 -0.01052492 0.9978049 0 0.9976754 -0.01856219 -0.06556671 0 0 0 0 1 0.01172941 0.998214 0.05857902 0 -0.002564966 -0.05855292 0.9982811 0 0.9999279 -0.01185953 0.001873552 0 0 0 0 1 -1.68778e-4 0.9946817 0.1029968 0 -0.075082 -0.1027187 0.9918729 0 0.9971772 -0.007565796 0.07470005 0 0 0 0 1</float_array>
        <technique_common>
          <accessor source="#node-Bip01_Pelvis_matrix-output-array" count="20" stride="16">
            <param name="TRANSFORM" type="float4x4"/>
          </accessor>
        </technique_common>
      </source>
      <source id="node-Bip01_Pelvis_matrix-interpolation">
        <Name_array id="node-Bip01_Pelvis_matrix-interpolation-array" count="20">LINEAR LINEAR LINEAR LINEAR LINEAR LINEAR LINEAR LINEAR LINEAR LINEAR LINEAR LINEAR LINEAR LINEAR LINEAR LINEAR LINEAR LINEAR LINEAR LINEAR</Name_array>
        <technique_common>
          <accessor source="#node-Bip01_Pelvis_matrix-interpolation-array" count="20" stride="1">
            <param name="INTERPOLATION" type="name"/>
          </accessor>
        </technique_common>
      </source>
      <source id="node-Bip01_Spine_matrix-input">
        <float_array id="node-Bip01_Spine_matrix-input-array" count="20">8 8.033334 8.066667 8.1 8.133333 8.166667 8.2 8.233334 8.266666 8.3 8.333333 8.366667 8.4 8.433333 8.466666 8.5 8.533334 8.566667 8.6 8.633333</float_array>
        <technique_common>
          <accessor source="#node-Bip01_Spine_matrix-input-array" count="20" stride="1">
            <param name="TIME" type="float"/>
          </accessor>
        </technique_common>
      </source>
      <source id="node-Bip01_Spine_matrix-output">
        <float_array id="node-Bip01_Spine_matrix-output-array" count="320">0.9968564 0.004996359 -0.07907247 0.1974989 -0.002998828 0.9996739 0.02536094 0.02499216 0.07917338 -0.02504414 0.9965463 0.02780574 0 0 0 1 0.9979441 0.01401364 -0.06253892 0.197369 -0.009373307 0.9972228 0.0738849 0.02677136 0.06340068 -0.07314676 0.9953039 0.02705556 0 0 0 1 0.9979668 0.01361328 -0.0622642 0.197262 -0.004483759 0.9894981 0.1444754 0.02904105 0.06357711 -0.1439026 0.9875474 0.02544534 0 0 0 1 0.9981788 0.01310431 -0.05888628 0.1976534 -0.002288877 0.9836462 0.1800977 0.02884739 0.06028336 -0.1796351 0.9818846 0.02245587 0 0 0 1 0.9992457 0.03240114 -0.02141517 0.1992633 -0.02996194 0.9939379 0.1057823 0.02115988 0.0247128 -0.1050609 0.9941586 0.01580834 0 0 0 1 0.9983232 0.0532155 0.02278411 0.2003059 -0.05364835 0.9983825 0.01882755 0.01479691 -0.02174532 -0.02001827 0.999563 0.00788784 0 0 0 1 0.9973685 0.04939532 0.05307096 0.2004047 -0.04943829 0.9987773 -5.03884e-4 0.01539868 -0.0530309 -0.00212121 0.9985908 0.002101838 0 0 0 1 0.9956845 0.03916907 0.08413165 0.2002064 -0.03837645 0.9992026 -0.01101851 0.01747697 -0.08449614 0.007742226 0.9963937 -0.003938496 0 0 0 1 0.9935455 0.02546787 0.1105387 0.1997703 -0.02439671 0.9996416 -0.01103198 0.02026993 -0.11078 0.008263885 0.9938105 -0.009188771 0 0 0 1 0.9918699 0.01123225 0.1267589 0.1992837 -0.01141995 0.9999345 7.54003e-4 0.02300977 -0.1267421 -0.002195596 0.9919332 -0.01265358 0 0 0 1 0.9918664 -2.53436e-4 0.1272847 0.1989994 -0.002999067 0.999674 0.025361 0.0249921 -0.1272495 -0.02553647 0.9915421 -0.01334947 0 0 0 1 0.9970512 -0.006863892 0.07643312 0.1992169 -4.84452e-4 0.9954093 0.0957098 0.0262801 -0.07673919 -0.09546458 0.9924705 -0.005053222 0 0 0 1 0.9999617 -0.003144264 -0.008188486 0.1988133 0.004700899 0.98026 0.1976578 0.02822661 0.00740534 -0.1976887 0.980237 0.008952498 0 0 0 1 0.9986929 0.004288256 -0.0509327 0.1982045 0.009288966 0.9646534 0.2633587 0.02958136 0.05026173 -0.2634876 0.9633526 0.01560318 0 0 0 1 0.9999975 0.001960277 0.001267611 0.1990697 -0.002225041 0.9646657 0.2634679 0.02729171 -7.06337e-4 -0.2634702 0.9646673 0.005477488 0 0 0 1 0.9955111 -0.002051293 0.09462374 0.1992636 -0.01967209 0.9734466 0.2280676 0.02359104 -0.09257894 -0.2289054 0.9690364 -0.01187634 0 0 0 1 0.9898354 -6.37864e-4 0.1422163 0.1987755 -0.02615344 0.9821192 0.1864348 0.02199059 -0.1397923 -0.1882593 0.9721196 -0.02020543 0 0 0 1 0.99389 0.004047274 0.1103021 0.1992946 -0.02022874 0.9890806 0.1459814 0.02283072 -0.1085068 -0.1473209 0.983119 -0.0128048 0 0 0 1 0.9990829 0.007324695 0.04218608 0.199544 -0.01146018 0.9950574 0.09863781 0.02412426 -0.04125511 -0.09903085 0.9942287 0.001940429 0 0 0 1 0.9994843 0.006982803 -0.03135007 0.1986793 -0.005260407 0.9984896 0.05469101 0.02488547 0.03168463 -0.05449801 0.9980111 0.01762944 0 0 0 1</float_array>
        <technique_common>
          <accessor source="#node-Bip01_Spine_matrix-output-array" count="20" stride="16">
            <param name="TRANSFORM" type="float4x4"/>
          </accessor>
        </technique_common>
      </source>
      <source id="node-Bip01_Spine_matrix-interpolation">
        <Name_array id="node-Bip01_Spine_matrix-interpolation-array" count="20">LINEAR LINEAR LINEAR LINEAR LINEAR LINEAR LINEAR LINEAR LINEAR LINEAR LINEAR LINEAR LINEAR LINEAR LINEAR LINEAR LINEAR LINEAR LINEAR LINEAR</Name_array>
        <technique_common>
          <accessor source="#node-Bip01_Spine_matrix-interpolation-array" count="20" stride="1">
            <param name="INTERPOLATION" type="name"/>
          </accessor>
        </technique_common>
      </source>
      <source id="node-Bip01_Spine1_matrix-input">
        <float_array id="node-Bip01_Spine1_matrix-input-array" count="20">8 8.033334 8.066667 8.1 8.133333 8.166667 8.2 8.233334 8.266666 8.3 8.333333 8.366667 8.4 8.433333 8.466666 8.5 8.533334 8.566667 8.6 8.633333</float_array>
        <technique_common>
          <accessor source="#node-Bip01_Spine1_matrix-input-array" count="20" stride="1">
            <param name="TIME" type="float"/>
          </accessor>
        </technique_common>
      </source>
      <source id="node-Bip01_Spine1_matrix-output">
        <float_array id="node-Bip01_Spine1_matrix-output-array" count="320">0.9850422 0.02363091 -0.1706854 0.1022275 -0.0131933 0.9979872 0.06202882 -1.00823e-4 0.1718076 -0.05884903 0.9833712 5.94929e-6 0 0 0 1 0.9851191 0.02323704 -0.1702958 0.1022274 -0.01255267 0.9978998 0.06355017 -1.00806e-4 0.1714149 -0.06046682 0.9833415 6.10203e-6 0 0 0 1 0.9852471 0.02264022 -0.1696334 0.1022275 -0.01157301 0.9977559 0.0659486 -1.00799e-4 0.1707458 -0.06301248 0.9832983 6.35535e-6 0 0 0 1 0.9853667 0.02199822 -0.169023 0.1022274 -0.01053982 0.9976029 0.06839233 -1.0078e-4 0.1701223 -0.06561005 0.9832364 6.61612e-6 0 0 0 1 0.9854184 0.02147138 -0.168788 0.1022275 -0.00973618 0.997496 0.07004886 -1.00762e-4 0.1698694 -0.06738412 0.98316 6.80238e-6 0 0 0 1 0.9853445 0.02122104 -0.1692509 0.1022276 -0.009444236 0.9974961 0.07008582 -1.00765e-4 0.1703145 -0.06746023 0.9830779 6.81728e-6 0 0 0 1 0.9851447 0.02120089 -0.1704127 0.1022276 -0.009599387 0.9975969 0.0686168 -1.00778e-4 0.171458 -0.06596159 0.9829808 6.66827e-6 0 0 0 1 0.9848714 0.0212484 -0.1719787 0.1022275 -0.009924709 0.9977412 0.06643718 -1.00795e-4 0.1730019 -0.06372523 0.9828577 6.42985e-6 0 0 0 1 0.9845448 0.02134895 -0.1738269 0.1022276 -0.01038557 0.9979125 0.0637378 -1.00814e-4 0.1748248 -0.06094735 0.9827114 6.15045e-6 0 0 0 1 0.9841849 0.0214889 -0.1758359 0.1022275 -0.01094621 0.9980955 0.06070935 -1.00829e-4 0.1768055 -0.05782443 0.9825457 5.84125e-6 0 0 0 1 0.9838131 0.02165585 -0.177884 0.1022275 -0.01156991 0.998276 0.05754244 -1.00851e-4 0.1788234 -0.05455291 0.9823675 5.50598e-6 0 0 0 1 0.9834516 0.0218389 -0.1798498 0.1022274 -0.01221829 0.998443 0.05442768 -1.00866e-4 0.1807584 -0.05132955 0.9821872 5.17443e-6 0 0 0 1 0.9831236 0.0220288 -0.1816117 0.1022276 -0.01285153 0.9985874 0.05155515 -1.00881e-4 0.1824909 -0.0483511 0.9820179 4.88758e-6 0 0 0 1 0.9828529 0.02221757 -0.1830484 0.1022275 -0.01342856 0.9987029 0.04911518 -1.00896e-4 0.1839022 -0.04581493 0.9818762 4.62308e-6 0 0 0 1 0.9826639 0.02239817 -0.1840385 0.1022274 -0.01390743 0.998784 0.04729765 -1.00898e-4 0.1848741 -0.04391813 0.9817804 4.4331e-6 0 0 0 1 0.9825809 0.02256363 -0.1844601 0.1022276 -0.01424616 0.9988264 0.04629242 -1.00907e-4 0.1852881 -0.04285812 0.9817492 4.33624e-6 0 0 0 1 0.9827911 0.02276623 -0.1833121 0.1022274 -0.01430773 0.9987766 0.04733413 -1.00901e-4 0.1841654 -0.04389673 0.9819144 4.4331e-6 0 0 0 1 0.9833334 0.02302473 -0.1803477 0.1022273 -0.01408576 0.998615 0.05069005 -1.00886e-4 0.1812651 -0.04730486 0.9822958 4.76837e-6 0 0 0 1 0.9840112 0.02328169 -0.1765784 0.1022275 -0.01373445 0.9983863 0.05509895 -1.00862e-4 0.1775763 -0.05179268 0.9827432 5.22286e-6 0 0 0 1 0.9846383 0.02349281 -0.1730184 0.1022274 -0.01339524 0.9981504 0.05929917 -1.00838e-4 0.1740915 -0.05607056 0.9831318 5.65499e-6 0 0 0 1</float_array>
        <technique_common>
          <accessor source="#node-Bip01_Spine1_matrix-output-array" count="20" stride="16">
            <param name="TRANSFORM" type="float4x4"/>
          </accessor>
        </technique_common>
      </source>
      <source id="node-Bip01_Spine1_matrix-interpolation">
        <Name_array id="node-Bip01_Spine1_matrix-interpolation-array" count="20">LINEAR LINEAR LINEAR LINEAR LINEAR LINEAR LINEAR LINEAR LINEAR LINEAR LINEAR LINEAR LINEAR LINEAR LINEAR LINEAR LINEAR LINEAR LINEAR LINEAR</Name_array>
        <technique_common>
          <accessor source="#node-Bip01_Spine1_matrix-interpolation-array" count="20" stride="1">
            <param name="INTERPOLATION" type="name"/>
          </accessor>
        </technique_common>
      </source>
      <source id="node-Bip01_Head_matrix-input">
        <float_array id="node-Bip01_Head_matrix-input-array" count="20">8 8.033334 8.066667 8.1 8.133333 8.166667 8.2 8.233334 8.266666 8.3 8.333333 8.366667 8.4 8.433333 8.466666 8.5 8.533334 8.566667 8.6 8.633333</float_array>
        <technique_common>
