<?xml version="1.0" encoding="utf-8"?>
<COLLADA xmlns="http://www.collada.org/2005/11/COLLADASchema" version="1.4.1">
  <asset>
    <contributor>
      <author>MattO</author>
      <authoring_tool>OpenCOLLADA for 3ds Max;  Version: 1.3.0;  Revision: 839M;  Platform: x64;  Configuration: Release_Max2012</authoring_tool>
      <source_data>file:///C:/Dropbox/Prj/GGStout/Ryder/TP_Soldier_Ryder_Animation_Master.max</source_data>
    </contributor>
    <created>2011-09-29T18:38:18</created>
    <modified>2011-09-29T18:38:18</modified>
    <unit name="meter" meter="1"/>
    <up_axis>Z_UP</up_axis>
  </asset>
  <library_effects>
    <effect id="ShapeBounds">
      <profile_COMMON>
        <technique sid="common">
          <blinn>
            <emission>
              <color>0 0 0 1</color>
            </emission>
            <ambient>
              <color>0.1647059 1 0 1</color>
            </ambient>
            <diffuse>
              <color>0.1647059 1 0 1</color>
            </diffuse>
            <specular>
              <color>0.9 0.9 0.9 1</color>
            </specular>
            <shininess>
              <float>10</float>
            </shininess>
            <reflective>
              <color>0 0 0 1</color>
            </reflective>
            <transparent opaque="A_ONE">
              <color>1 1 1 1</color>
            </transparent>
            <transparency>
              <float>1</float>
            </transparency>
          </blinn>
        </technique>
      </profile_COMMON>
      <extra>
        <technique profile="OpenCOLLADA3dsMax">
          <extended_shader>
            <apply_reflection_dimming>0</apply_reflection_dimming>
            <dim_level>0</dim_level>
            <falloff_type>0</falloff_type>
            <index_of_refraction>1.5</index_of_refraction>
            <opacity_type>0</opacity_type>
            <reflection_level>3</reflection_level>
            <wire_size>1</wire_size>
            <wire_units>0</wire_units>
          </extended_shader>
          <shader>
            <ambient_diffuse_lock>1</ambient_diffuse_lock>
            <ambient_diffuse_texture_lock>1</ambient_diffuse_texture_lock>
            <diffuse_specular_lock>0</diffuse_specular_lock>
            <soften>0.1</soften>
            <use_self_illum_color>0</use_self_illum_color>
          </shader>
        </technique>
      </extra>
    </effect>
  </library_effects>
  <library_materials>
    <material id="ShapeBounds-material" name="ShapeBounds">
      <instance_effect url="#ShapeBounds"/>
    </material>
  </library_materials>
  <library_geometries>
    <geometry id="geom-Bounds" name="Bounds">
      <mesh>
        <source id="geom-Bounds-positions">
          <float_array id="geom-Bounds-positions-array" count="24">-0.425 -0.425 0 0.425 -0.425 0 -0.425 0.425 0 0.425 0.425 0 -0.425 -0.425 1.84 0.425 -0.425 1.84 -0.425 0.425 1.84 0.425 0.425 1.84</float_array>
          <technique_common>
            <accessor source="#geom-Bounds-positions-array" count="8" stride="3">
              <param name="X" type="float"/>
              <param name="Y" type="float"/>
              <param name="Z" type="float"/>
            </accessor>
          </technique_common>
        </source>
        <source id="geom-Bounds-normals">
          <float_array id="geom-Bounds-normals-array" count="72">0 0 -1 0 0 -1 0 0 -1 0 0 -1 0 0 1 0 0 1 0 0 1 0 0 1 0 -1 0 0 -1 0 0 -1 0 0 -1 0 1 0 0 1 0 0 1 0 0 1 0 0 0 1 0 0 1 0 0 1 0 0 1 0 -1 0 0 -1 0 0 -1 0 0 -1 0 0</float_array>
          <technique_common>
            <accessor source="#geom-Bounds-normals-array" count="24" stride="3">
              <param name="X" type="float"/>
              <param name="Y" type="float"/>
              <param name="Z" type="float"/>
            </accessor>
          </technique_common>
        </source>
        <source id="geom-Bounds-map1">
          <float_array id="geom-Bounds-map1-array" count="36">0 0 0 1 0 0 0 1 0 1 1 0 0 0 0 1 0 0 0 1 0 1 1 0 0 0 0 1 0 0 0 1 0 1 1 0</float_array>
          <technique_common>
            <accessor source="#geom-Bounds-map1-array" count="12" stride="3">
              <param name="S" type="float"/>
              <param name="T" type="float"/>
              <param name="P" type="float"/>
            </accessor>
          </technique_common>
        </source>
        <vertices id="geom-Bounds-vertices">
          <input semantic="POSITION" source="#geom-Bounds-positions"/>
        </vertices>
        <triangles material="ShapeBounds" count="12">
          <input semantic="VERTEX" source="#geom-Bounds-vertices" offset="0"/>
          <input semantic="NORMAL" source="#geom-Bounds-normals" offset="1"/>
          <input semantic="TEXCOORD" source="#geom-Bounds-map1" offset="2" set="0"/>
          <p>0 0 9 2 1 11 3 2 10 3 2 10 1 3 8 0 0 9 4 4 8 5 5 9 7 6 11 7 6 11 6 7 10 4 4 8 0 8 4 1 9 5 5 10 7 5 10 7 4 11 6 0 8 4 1 12 0 3 13 1 7 14 3 7 14 3 5 15 2 1 12 0 3 16 4 2 17 5 6 18 7 6 18 7 7 19 6 3 16 4 2 20 0 0 21 1 4 22 3 4 22 3 6 23 2 2 20 0</p>
        </triangles>
      </mesh>
      <extra>
        <technique profile="OpenCOLLADA3dsMax">
          <max_box>
            <generateuvs>1</generateuvs>
            <height>1.84</height>
            <heightsegments>1</heightsegments>
            <length>0.85</length>
            <lengthsegments>1</lengthsegments>
            <width>0.85</width>
            <widthsegments>1</widthsegments>
          </max_box>
        </technique>
      </extra>
    </geometry>
  </library_geometries>
  <library_lights>
    <light id="EnvironmentAmbientLight" name="EnvironmentAmbientLight">
      <technique_common>
        <ambient>
          <color>0 0 0</color>
        </ambient>
      </technique_common>
    </light>
  </library_lights>
  <library_visual_scenes>
    <visual_scene id="MaxScene">
      <node name="EnvironmentAmbientLight">
        <instance_light url="#EnvironmentAmbientLight"/>
      </node>
      <node id="node-Bip01" name="Bip01">
        <matrix sid="matrix">0.7792375 -0.6267175 0.003750234 -8.10623e-5 0.626718 0.7792453 0.001183394 0.009366653 -0.003664005 0.001428194 0.9999923 0.8622909 0 0 0 1</matrix>
        <node id="node-Bip01_Pelvis" name="Bip01_Pelvis">
          <matrix sid="matrix">-0.01362201 0.9946367 -0.1025299 0 -0.08326687 0.1010549 0.9913902 0 0.996434 0.02204208 0.0814437 0 0 0 0 1</matrix>
          <node id="node-Bip01_Spine" name="Bip01_Spine">
            <matrix sid="matrix">0.9257579 -0.1711981 -0.3371403 0.1981878 0.2559394 0.9400379 0.2254411 0.0307883 0.2783295 -0.2949914 0.9140638 0.01352245 0 0 0 1</matrix>
            <node id="node-Bip01_Spine1" name="Bip01_Spine1">
              <matrix sid="matrix">0.9850423 0.02363096 -0.1706854 0.1022273 -0.01319334 0.9979873 0.06202873 -1.00821e-4 0.1718076 -0.05884897 0.9833714 5.93066e-6 0 0 0 1</matrix>
              <node id="node-Bip01_Spine2" name="Bip01_Spine2">
                <matrix>0.9369742 -0.3477308 -0.03409591 0.1269256 0.3490359 0.9270917 0.1366548 -1.58794e-4 -0.01590914 -0.1399427 0.9900318 2.39611e-5 0 0 0 1</matrix>
                <node id="node-Bip01_Neck" name="Bip01_Neck">
                  <matrix>0.840708 -0.4308255 0.3280236 0.215107 0.4136219 0.9019012 0.1244631 -4.96507e-5 -0.3494668 0.03104058 0.9364344 -1.66893e-6 0 0 0 1</matrix>
                  <node id="node-Bip01_Head" name="Bip01_Head">
                    <matrix sid="matrix">0.947571 -0.06889546 -0.3120292 0.07051814 -0.2855056 0.2560081 -0.9235508 -0.01395911 0.1435106 0.9642162 0.2229159 1.49012e-8 0 0 0 1</matrix>
                    <node id="node-ALTEYE" name="ALTEYE">
                      <matrix>0.4506336 0.3792482 0.8081469 0.06454706 0.04412793 0.8947045 -0.4444743 0.2214611 -0.891618 0.2359565 0.3864484 0.04716259 0 0 0 1</matrix>
                    </node>
                  </node>
                  <node id="node-Bip01_L_Clavicle" name="Bip01_L_Clavicle">
                    <matrix>-0.5778345 -0.4531803 0.6787745 -0.04690337 0.2838089 -0.8913431 -0.3534966 -0.01204771 0.7652187 -0.01162019 0.6436654 0.05588402 0 0 0 1</matrix>
                    <node id="node-Bip01_L_UpperArm" name="Bip01_L_UpperArm">
                      <matrix sid="matrix">0.9495988 0.1279872 0.2861493 0.1824007 -0.303987 0.5988006 0.7409655 -2.98023e-8 -0.07651228 -0.7906057 0.6075267 -1.19209e-7 0 0 0 1</matrix>
                      <node id="node-Bip01_L_Forearm" name="Bip01_L_Forearm">
                        <matrix sid="matrix">-0.6192183 0.7852188 -5.96046e-8 0.2843689 -0.7852188 -0.6192184 5.96046e-8 0 -1.19209e-7 0 1 0 0 0 0 1</matrix>
                        <node id="node-Bip01_L_Hand" name="Bip01_L_Hand">
                          <matrix sid="matrix">0.8445927 0.5014265 -0.1877092 0.281068 0.3764446 -0.8054419 -0.4577693 8.9407e-8 -0.3807264 0.3159665 -0.8690296 5.96046e-8 0 0 0 1</matrix>
                          <node id="node-Bip01_L_Finger0" name="Bip01_L_Finger0">
                            <matrix>0.6413841 0.3141903 0.6999363 0.02119678 0.7352949 0.008702971 -0.6776913 -0.004734159 -0.2190155 0.9493202 -0.2254407 -0.02572179 0 0 0 1</matrix>
                            <node id="node-Bip01_L_Finger01" name="Bip01_L_Finger01">
                              <matrix>0.997564 -0.06975642 -2.98023e-8 0.04982865 0.06975644 0.9975641 1.11759e-8 -5.96046e-8 5.96046e-8 -2.6077e-8 1 0 0 0 0 1</matrix>
                              <node id="node-Bip01_L_Finger02" name="Bip01_L_Finger02">
                                <matrix>0.9203135 0.3911815 -2.98023e-8 0.05202234 -0.3911814 0.9203135 1.86265e-8 -5.96046e-8 -2.98023e-8 1.04308e-7 1 0 0 0 0 1</matrix>
                              </node>
                            </node>
                          </node>
                          <node id="node-Bip01_L_Finger1" name="Bip01_L_Finger1">
                            <matrix>0.9592717 -0.2819768 -0.01693498 0.1199946 0.2798396 0.9567645 -0.07931919 -0.008367658 0.03856897 0.07134958 0.9967055 -0.0410139 0 0 0 1</matrix>
                            <node id="node-Bip01_L_Finger11" name="Bip01_L_Finger11">
                              <matrix>0.7001771 -0.7139691 -1.49012e-8 0.03644168 0.7139691 0.7001772 1.49012e-8 -1.19209e-7 0 -1.67638e-8 1 -5.96046e-8 0 0 0 1</matrix>
                              <node id="node-Bip01_L_Finger12" name="Bip01_L_Finger12">
                                <matrix>0.8757259 -0.4828089 2.98023e-8 0.03117549 0.4828089 0.8757259 -1.86265e-9 2.98023e-8 0 5.96046e-8 1 1.19209e-7 0 0 0 1</matrix>
                              </node>
                            </node>
                          </node>
                          <node id="node-Bip01_L_Finger2" name="Bip01_L_Finger2">
                            <matrix>0.9066654 -0.4205882 -0.0326092 0.1229538 0.4217875 0.9024836 0.08728345 -0.008801937 -0.007281095 -0.09289098 0.9956498 -0.01328242 0 0 0 1</matrix>
                            <node id="node-Bip01_L_Finger21" name="Bip01_L_Finger21">
                              <matrix>0.8156036 -0.578611 0 0.03895521 0.5786113 0.8156036 0 -5.96046e-8 -2.98023e-8 1.86265e-8 1 0 0 0 0 1</matrix>
                              <node id="node-Bip01_L_Finger22" name="Bip01_L_Finger22">
                                <matrix>0.976296 -0.2164396 0 0.03800523 0.2164397 0.976296 5.58794e-9 4.47035e-8 -1.49012e-8 3.53903e-8 1 5.96046e-8 0 0 0 1</matrix>
                              </node>
                            </node>
                          </node>
                          <node id="node-Bip01_L_Finger3" name="Bip01_L_Finger3">
                            <matrix>0.9367907 -0.338013 -0.09038847 0.1211881 0.3480916 0.926498 0.1429456 -0.001191199 0.03542729 -0.1653736 0.9855945 0.01196873 0 0 0 1</matrix>
                            <node id="node-Bip01_L_Finger31" name="Bip01_L_Finger31">
                              <matrix>0.9381478 -0.3462352 0 0.03155851 0.3462351 0.9381478 -7.45058e-9 5.96046e-8 0 7.45058e-9 1 0 0 0 0 1</matrix>
                              <node id="node-Bip01_L_Finger32" name="Bip01_L_Finger32">
                                <matrix>0.8922839 -0.4514749 0 0.03366578 0.451475 0.8922839 -7.45058e-9 -1.49012e-7 -1.49012e-8 -5.58794e-9 1 -5.96046e-8 0 0 0 1</matrix>
                              </node>
                            </node>
                          </node>
                          <node id="node-Bip01_L_Finger4" name="Bip01_L_Finger4">
                            <matrix>0.9820985 -0.1883418 0.003122155 0.1136796 0.1857742 0.9711843 0.1492954 0.005147457 -0.03115076 -0.1460428 0.9887878 0.0388658 0 0 0 1</matrix>
                            <node id="node-Bip01_L_Finger41" name="Bip01_L_Finger41">
                              <matrix>0.8499686 -0.5268333 -1.49012e-8 0.03661627 0.5268333 0.8499687 7.45058e-9 1.19209e-7 0 -1.49012e-8 1 0 0 0 0 1</matrix>
                              <node id="node-Bip01_L_Finger42" name="Bip01_L_Finger42">
                                <matrix>0.9624562 -0.2714371 7.45058e-9 0.01772618 0.2714371 0.9624562 7.45058e-9 -2.98023e-8 0 -1.86265e-8 1 0 0 0 0 1</matrix>
                              </node>
                            </node>
                          </node>
                        </node>
                      </node>
                    </node>
                  </node>
                  <node id="node-Bip01_R_Clavicle" name="Bip01_R_Clavicle">
                    <matrix>0.2073931 -0.1669673 -0.9639034 8.6689e-4 0.5679266 -0.781728 0.2576056 -0.01629043 -0.7965221 -0.600852 -0.06729983 -0.07212146 0 0 0 1</matrix>
                    <node id="node-Bip01_R_UpperArm" name="Bip01_R_UpperArm">
                      <matrix sid="matrix">-0.23343 0.9286885 -0.288181 0.1824007 -0.9698443 -0.2437254 1.59174e-4 5.96046e-8 -0.07008928 0.2795278 0.9575759 -1.19209e-7 0 0 0 1</matrix>
                      <node id="node-Bip01_R_Forearm" name="Bip01_R_Forearm">
                        <matrix>0.5407855 0.8411607 2.98023e-8 0.284369 -0.8411607 0.5407854 -2.98023e-8 1.19209e-7 -8.9407e-8 -5.96046e-8 1 1.19209e-7 0 0 0 1</matrix>
                        <node id="node-Bip01_R_Hand" name="Bip01_R_Hand">
                          <matrix>0.970637 0.2201094 0.09703486 0.281068 0.2283399 -0.7161989 -0.6594849 -5.96046e-8 -0.07566257 0.6622772 -0.7454287 0 0 0 0 1</matrix>
                          <node id="node-Bip01_R_Finger0" name="Bip01_R_Finger0">
                            <matrix>0.5215105 0.269013 -0.8097275 0.02119684 0.7250715 0.3605265 0.5867639 -0.004734278 0.4497753 -0.8931141 -0.00703546 0.02572179 0 0 0 1</matrix>
                            <node id="node-Bip01_R_Finger01" name="Bip01_R_Finger01">
                              <matrix>0.6423535 -0.7636236 0.0652757 0.04982859 0.7605615 0.6456373 0.06854745 0 -0.0944888 0.005614515 0.9955101 -5.96046e-8 0 0 0 1</matrix>
                              <node id="node-Bip01_R_Finger02" name="Bip01_R_Finger02">
                                <matrix>0.9505156 -0.3106765 -1.11759e-8 0.05202249 0.3106765 0.9505156 2.6077e-8 2.38419e-7 -4.09782e-8 -7.07805e-8 1 -5.96046e-8 0 0 0 1</matrix>
                              </node>
                            </node>
                          </node>
                          <node id="node-Bip01_R_Finger1" name="Bip01_R_Finger1">
                            <matrix>0.9820224 -0.1733427 -0.07472672 0.1199947 0.1795577 0.9799359 0.08651491 -0.008367628 0.05823065 -0.09837732 0.9934441 0.04101384 0 0 0 1</matrix>
                            <node id="node-Bip01_R_Finger11" name="Bip01_R_Finger11">
                              <matrix>0.8240547 -0.5665103 7.45058e-9 0.03644162 0.5665103 0.8240548 0 -5.96046e-8 -1.86265e-9 -1.49012e-8 1 1.19209e-7 0 0 0 1</matrix>
                              <node id="node-Bip01_R_Finger12" name="Bip01_R_Finger12">
                                <matrix>0.8146398 -0.5796779 0.01831834 0.03117552 0.5799671 0.8142334 -0.02573051 0 0 0.03158513 0.9995011 -1.19209e-7 0 0 0 1</matrix>
                              </node>
                            </node>
                          </node>
                          <node id="node-Bip01_R_Finger2" name="Bip01_R_Finger2">
                            <matrix>0.6754014 -0.7374504 -1.52122e-4 0.1229538 0.7368312 0.6748427 -0.04082685 -0.008802056 0.03021042 0.02746242 0.9991663 0.0132823 0 0 0 1</matrix>
                            <node id="node-Bip01_R_Finger21" name="Bip01_R_Finger21">
                              <matrix>0.5508358 -0.8338858 -0.0348487 0.03895515 0.832222 0.551937 -0.05265062 5.96046e-8 0.0631389 -1.30385e-8 0.9980046 -1.19209e-7 0 0 0 1</matrix>
                              <node id="node-Bip01_R_Finger22" name="Bip01_R_Finger22">
                                <matrix>0.1984736 -0.9799247 0.01886614 0.03800538 0.9755273 0.1993682 0.09272985 0 -0.09462959 0 0.9955126 1.19209e-7 0 0 0 1</matrix>
                              </node>
                            </node>
                          </node>
                          <node id="node-Bip01_R_Finger3" name="Bip01_R_Finger3">
                            <matrix>0.7159052 -0.6949216 0.06755453 0.1211882 0.6883785 0.6863562 -0.234627 -0.001191288 0.1166809 0.2144738 0.9697353 -0.01196885 0 0 0 1</matrix>
                            <node id="node-Bip01_R_Finger31" name="Bip01_R_Finger31">
                              <matrix>0.4441952 -0.8949345 0.0422235 0.03155842 0.8909185 0.4461976 0.08468726 0 -0.09462956 1.86265e-8 0.9955125 -1.19209e-7 0 0 0 1</matrix>
                              <node id="node-Bip01_R_Finger32" name="Bip01_R_Finger32">
                                <matrix>0.199368 -0.979436 -0.03095102 0.03366601 0.9799249 0.1992685 0.006297067 -5.96046e-8 -1.02445e-8 -0.0315851 0.9995012 1.19209e-7 0 0 0 1</matrix>
                              </node>
                            </node>
                          </node>
                          <node id="node-Bip01_R_Finger4" name="Bip01_R_Finger4">
                            <matrix>0.592579 -0.789795 -0.1583476 0.1136796 0.7783522 0.6120424 -0.1399001 0.005147427 0.2074078 -0.04034827 0.9774221 -0.0388658 0 0 0 1</matrix>
                            <node id="node-Bip01_R_Finger41" name="Bip01_R_Finger41">
                              <matrix>0.4202556 -0.9064698 0.04120623 0.03661624 0.9068531 0.4211511 0.01578784 0 -0.03166524 0.03073305 0.9990259 0 0 0 0 1</matrix>
                              <node id="node-Bip01_R_Finger42" name="Bip01_R_Finger42">
                                <matrix>0.402447 -0.9138246 -0.05441485 0.01772627 0.915423 0.4021218 0.01728316 -5.96046e-8 0.006087661 -0.05676816 0.9983687 0 0 0 0 1</matrix>
                              </node>
                            </node>
                          </node>
                          <node id="node-MOUNT0" name="MOUNT0">
                            <matrix>-6.3327e-7 1 1.86265e-9 0.109539 -1 -6.61297e-7 4.74975e-7 0.02518257 4.73112e-7 3.72529e-9 1 0.01321661 0 0 0 1</matrix>
                          </node>
                        </node>
                      </node>
                    </node>
                  </node>
                </node>
                <node id="node-Bip01_L_Pauldron_Upper" name="Bip01_L_Pauldron_Upper">
                  <matrix>0.9726267 0.1182922 0.2000107 0.176903 0.1448454 -0.9816832 -0.1237684 -0.03908366 0.181706 0.1493511 -0.9719452 0.2290198 0 0 0 1</matrix>
                </node>
                <node id="node-Bip01_R_Pauldron_Lower" name="Bip01_R_Pauldron_Lower">
                  <matrix sid="matrix">-0.1156723 -0.9403758 -0.3198653 0.1729059 0.909775 -0.2295501 0.3458563 -0.1133294 -0.3986598 -0.2509995 0.8820826 -0.2351094 0 0 0 1</matrix>
                </node>
                <node id="node-Bip01_L_Pauldron_Lower" name="Bip01_L_Pauldron_Lower">
                  <matrix>-0.2099968 -0.7687199 0.6041282 0.1529201 0.4002343 -0.6313505 -0.6642357 -0.1054226 0.8920279 0.1023054 0.4402497 0.2344801 0 0 0 1</matrix>
                </node>
              </node>
            </node>
            <node id="node-Bip01_L_Thigh" name="Bip01_L_Thigh">
              <matrix sid="matrix">-0.6576646 0.7530864 -0.0183972 -0.1596344 0.4626876 0.4230929 0.7790461 -0.02863103 0.5944728 0.5038388 -0.6266968 0.1640466 0 0 0 1</matrix>
              <node id="node-Bip01_L_Calf" name="Bip01_L_Calf">
                <matrix sid="matrix">0.5160398 0.8565645 7.21775e-9 0.4629987 -0.8565644 0.5160398 1.83936e-8 0 -2.56114e-8 -5.58794e-8 0.9999999 -7.45058e-9 0 0 0 1</matrix>
                <node id="node-Bip01_L_Foot" name="Bip01_L_Foot">
                  <matrix sid="matrix">0.8804433 -0.469058 -0.06931303 0.3610502 0.4739667 0.8665649 0.1562714 2.23517e-8 -0.01323607 -0.1704402 0.9852791 -1.49012e-8 0 0 0 1</matrix>
                  <node id="node-Bip01_L_Toe0" name="Bip01_L_Toe0">
                    <matrix sid="matrix">4.75673e-7 -1 1.38953e-6 0.1486307 1 4.76139e-7 2.21444e-8 0.1543275 -2.21044e-8 1.38953e-6 1 7.45058e-9 0 0 0 1</matrix>
                  </node>
                </node>
              </node>
            </node>
            <node id="node-Bip01_R_Thigh" name="Bip01_R_Thigh">
              <matrix sid="matrix">-0.3379636 0.8165721 0.4679649 -0.2306007 0.9280948 0.2065952 0.3097719 0.04658338 0.1562718 0.5390074 -0.8276778 -0.06901515 0 0 0 1</matrix>
              <node id="node-Bip01_R_Calf" name="Bip01_R_Calf">
                <matrix sid="matrix">-0.004213482 0.9999912 5.96046e-8 0.4629987 -0.9999909 -0.004213601 0 -5.96046e-8 -1.49012e-7 0 1 0 0 0 0 1</matrix>
                <node id="node-Bip01_R_Foot" name="Bip01_R_Foot">
                  <matrix sid="matrix">0.9574755 -0.01522899 -0.2881134 0.3610501 0.06356575 0.9852028 0.1591704 5.96046e-8 0.2814261 -0.1707159 0.9442751 0 0 0 0 1</matrix>
                  <node id="node-Bip01_R_Toe0" name="Bip01_R_Toe0">
                    <matrix sid="matrix">-0.3051539 -0.9472735 0.09774536 0.1486307 0.9517195 -0.3069488 -0.003513992 0.1543275 0.03333148 0.09195384 0.9952053 0 0 0 0 1</matrix>
                  </node>
                </node>
              </node>
            </node>
          </node>
          <node id="node-Bip01_FannyPack" name="Bip01_FannyPack">
            <matrix sid="matrix">-0.9629917 -0.2062316 0.1735378 0.2299507 -0.2083318 0.9780383 0.006227001 -0.1378937 -0.1710108 -0.03015696 -0.9848074 0.01013964 0 0 0 1</matrix>
          </node>
        </node>
        <node id="node-EYE" name="EYE">
          <matrix sid="matrix">0.7792377 0.6267179 -0.003664043 0.05962633 -0.6267177 0.7792451 0.001428225 0.07225983 0.003750282 0.001183215 0.999992 0.7081043 0 0 0 1</matrix>
          <node id="node-CAM" name="CAM">
            <matrix>1 -6.03104e-8 0 4.81959e-8 6.03104e-8 1 -2.32831e-9 -0.104 0 2.32831e-9 1 0.3005601 0 0 0 1</matrix>
          </node>
        </node>
      </node>
      <node id="node-Bounds" name="Bounds">
        <matrix>0.9999915 0.001706907 0.003750479 0 -0.001711356 0.9999978 0.001183292 0.1035326 -0.003748452 -0.0011897 0.9999923 -8.93474e-5 0 0 0 1</matrix>
        <instance_geometry url="#geom-Bounds">
          <bind_material>
            <technique_common>
              <instance_material symbol="ShapeBounds" target="#ShapeBounds-material"/>
            </technique_common>
          </bind_material>
        </instance_geometry>
      </node>
    </visual_scene>
  </library_visual_scenes>
  <library_animations>
    <animation>
      <source id="node-Bip01_matrix-input">
        <float_array id="node-Bip01_matrix-input-array" count="20">6.333333 6.366667 6.4 6.433333 6.466667 6.5 6.533333 6.566667 6.6 6.633333 6.666667 6.7 6.733333 6.766667 6.8 6.833333 6.866667 6.9 6.933333 6.966667</float_array>
        <technique_common>
          <accessor source="#node-Bip01_matrix-input-array" count="20" stride="1">
            <param name="TIME" type="float"/>
          </accessor>
        </technique_common>
      </source>
      <source id="node-Bip01_matrix-output">
        <float_array id="node-Bip01_matrix-output-array" count="320">0.7792375 -0.6267175 0.003750205 -8.10623e-5 0.626718 0.7792453 0.00118339 0.009366631 -0.003663957 0.001428186 0.9999923 0.8622909 0 0 0 1 0.7792375 -0.6267176 0.003750205 -6.6098e-5 0.6267181 0.7792452 0.00118339 0.009366631 -0.003663957 0.001428186 0.9999923 0.8688695 0 0 0 1 0.7792375 -0.6267176 0.003750205 -4.34468e-5 0.6267181 0.7792452 0.00118339 0.009366631 -0.003663957 0.001428186 0.9999923 0.8788275 0 0 0 1 0.7792375 -0.6267175 0.003750205 -2.57152e-5 0.626718 0.7792453 0.00118339 0.009366631 -0.003663957 0.001428186 0.9999923 0.8866227 0 0 0 1 0.7792375 -0.6267175 0.003750205 -2.40193e-5 0.626718 0.7792453 0.00118339 0.009366631 -0.003663957 0.001428186 0.9999923 0.8897026 0 0 0 1 0.7792375 -0.6267175 0.003750205 -2.57152e-5 0.626718 0.7792453 0.00118339 0.009366631 -0.003663957 0.001428186 0.9999923 0.8866227 0 0 0 1 0.7792375 -0.6267175 0.003750205 -1.99752e-5 0.626718 0.7792453 0.00118339 0.009366631 -0.003663957 0.001428186 0.9999923 0.8754518 0 0 0 1 0.7792375 -0.6267175 0.003750205 -1.25514e-5 0.626718 0.7792453 0.00118339 0.009366631 -0.003663957 0.001428186 0.9999923 0.8605603 0 0 0 1 0.7792375 -0.6267175 0.003750205 -5.28079e-6 0.626718 0.7792453 0.00118339 0.009366631 -0.003663957 0.001428186 0.9999923 0.8475202 0 0 0 1 0.7792375 -0.6267175 0.003750205 0 0.626718 0.7792453 0.00118339 0.009366631 -0.003663957 0.001428186 0.9999923 0.8419037 0 0 0 1 0.7792375 -0.6267176 0.003750205 1.63271e-6 0.6267181 0.7792452 0.00118339 0.009366631 -0.003663957 0.001428186 0.9999923 0.8517466 0 0 0 1 0.7792375 -0.6267176 0.003750205 8.16357e-7 0.6267181 0.7792452 0.00118339 0.009366631 -0.003663957 0.001428186 0.9999923 0.8714848 0 0 0 1 0.7792375 -0.6267175 0.003750205 0 0.626718 0.7792453 0.00118339 0.009366631 -0.003663957 0.001428186 0.9999923 0.8862912 0 0 0 1 0.7792375 -0.6267176 0.003750205 0 0.6267181 0.7792452 0.00118339 0.009366631 -0.003663957 0.001428186 0.9999923 0.8912107 0 0 0 1 0.7792375 -0.6267176 0.003750205 0 0.6267181 0.7792452 0.00118339 0.009366631 -0.003663957 0.001428186 0.9999923 0.8911982 0 0 0 1 0.7792375 -0.6267175 0.003750205 0 0.626718 0.7792453 0.00118339 0.009366631 -0.003663957 0.001428186 0.9999923 0.8862912 0 0 0 1 0.7792375 -0.6267176 0.003750205 3.60278e-6 0.6267181 0.7792452 0.00118339 0.009366631 -0.003663957 0.001428186 0.9999923 0.8726741 0 0 0 1 0.7792375 -0.6267176 0.003750205 7.20554e-6 0.6267181 0.7792452 0.00118339 0.009366631 -0.003663957 0.001428186 0.9999923 0.8541625 0 0 0 1 0.7792375 -0.6267175 0.003750205 0 0.626718 0.7792453 0.00118339 0.009366631 -0.003663957 0.001428186 0.9999923 0.84224 0 0 0 1 0.7792375 -0.6267175 0.003750205 -4.16892e-5 0.626718 0.7792453 0.00118339 0.009366631 -0.003663957 0.001428186 0.9999923 0.8503568 0 0 0 1</float_array>
        <technique_common>
          <accessor source="#node-Bip01_matrix-output-array" count="20" stride="16">
            <param name="TRANSFORM" type="float4x4"/>
          </accessor>
        </technique_common>
      </source>
      <source id="node-Bip01_matrix-interpolation">
        <Name_array id="node-Bip01_matrix-interpolation-array" count="20">LINEAR LINEAR LINEAR LINEAR LINEAR LINEAR LINEAR LINEAR LINEAR LINEAR LINEAR LINEAR LINEAR LINEAR LINEAR LINEAR LINEAR LINEAR LINEAR LINEAR</Name_array>
        <technique_common>
          <accessor source="#node-Bip01_matrix-interpolation-array" count="20" stride="1">
            <param name="INTERPOLATION" type="name"/>
          </accessor>
        </technique_common>
      </source>
      <source id="node-Bip01_Pelvis_matrix-input">
        <float_array id="node-Bip01_Pelvis_matrix-input-array" count="20">6.333333 6.366667 6.4 6.433333 6.466667 6.5 6.533333 6.566667 6.6 6.633333 6.666667 6.7 6.733333 6.766667 6.8 6.833333 6.866667 6.9 6.933333 6.966667</float_array>
        <technique_common>
          <accessor source="#node-Bip01_Pelvis_matrix-input-array" count="20" stride="1">
            <param name="TIME" type="float"/>
          </accessor>
        </technique_common>
      </source>
      <source id="node-Bip01_Pelvis_matrix-output">
        <float_array id="node-Bip01_Pelvis_matrix-output-array" count="320">-0.01362198 0.9946367 -0.1025299 0 -0.08326685 0.1010549 0.9913902 0 0.996434 0.02204203 0.08144366 0 0 0 0 1 -2.46371e-4 0.9946012 -0.1037704 0 -0.09144562 0.1033132 0.9904363 0 0.9958099 0.009733319 0.09092646 0 0 0 0 1 0.01855075 0.9944969 -0.1031098 0 -0.1053181 0.1044976 0.9889329 0 0.9942654 -0.007486045 0.1066771 0 0 0 0 1 0.04005366 0.9938876 -0.1028754 0 -0.1201483 0.1070016 0.9869727 0 0.9919475 -0.02717161 0.1236997 0 0 0 0 1 0.06161063 0.9924926 -0.105654 0 -0.1311446 0.1129871 0.9849036 0 0.9894469 -0.04682457 0.1371213 0 0 0 0 1 0.08058416 0.9901723 -0.1143027 0 -0.1334829 0.1243631 0.9832173 0 0.9877695 -0.06397426 0.1421928 0 0 0 0 1 0.09415888 0.9867918 -0.1318184 0 -0.1223493 0.1428728 0.9821497 0 0.9880105 -0.07635027 0.134186 0 0 0 0 1 0.09287494 0.9796248 -0.1780719 0 -0.06018471 0.1840413 0.9810742 0 0.9938572 -0.08039999 0.07605129 0 0 0 0 1 0.07423204 0.9661471 -0.2470818 0 0.03568488 0.2450333 0.9688578 0 0.9966022 -0.08073735 -0.0162875 0 0 0 0 1 0.05554223 0.9504534 -0.3058652 0 0.08792752 0.3004918 0.9497228 0 0.9945772 -0.07964366 -0.06688094 0 0 0 0 1 0.05029052 0.9329103 -0.3565797 0 0.06809085 0.352998 0.9331431 0 0.9964106 -0.07120811 -0.04577016 0 0 0 0 1 0.05277794 0.9115066 -0.407885 0 0.01545953 0.4076594 0.9130032 0 0.9984864 -0.05449217 0.007423877 0 0 0 0 1 0.05875474 0.8946825 -0.4428219 0 -0.04249936 0.4454278 0.8943087 0 0.9973673 -0.0337252 0.06419444 0 0 0 0 1 0.05960202 0.8928356 -0.4464216 0 -0.07885563 0.4500304 0.8895249 0 0.9951026 -0.01781463 0.09722781 0 0 0 0 1 0.05250388 0.9063239 -0.4193093 0 -0.09184098 0.4224913 0.9017018 0 0.9943884 -0.00883305 0.1054201 0 0 0 0 1 0.04197555 0.9259994 -0.3751847 0 -0.09819728 0.377521 0.9207798 0 0.9942813 -0.001808166 0.1067773 0 0 0 0 1 0.02944886 0.9472004 -0.3192864 0 -0.0991528 0.3206177 0.9420047 0 0.9946362 0.003917157 0.1033594 0 0 0 0 1 0.01643043 0.9661615 -0.2574139 0 -0.09618091 0.2577821 0.961404 0 0.9952282 0.008961975 0.09716176 0 0 0 0 1 0.004265904 0.9805899 -0.1960234 0 -0.09108895 0.1955912 0.9764461 0 0.9958336 0.01369011 0.0901553 0 0 0 0 1 -0.005999386 0.9898437 -0.1420339 0 -0.08600246 0.1409994 0.9862671 0 0.9962767 0.01813226 0.08428311 0 0 0 0 1</float_array>
        <technique_common>
          <accessor source="#node-Bip01_Pelvis_matrix-output-array" count="20" stride="16">
            <param name="TRANSFORM" type="float4x4"/>
          </accessor>
        </technique_common>
      </source>
      <source id="node-Bip01_Pelvis_matrix-interpolation">
        <Name_array id="node-Bip01_Pelvis_matrix-interpolation-array" count="20">LINEAR LINEAR LINEAR LINEAR LINEAR LINEAR LINEAR LINEAR LINEAR LINEAR LINEAR LINEAR LINEAR LINEAR LINEAR LINEAR LINEAR LINEAR LINEAR LINEAR</Name_array>
        <technique_common>
          <accessor source="#node-Bip01_Pelvis_matrix-interpolation-array" count="20" stride="1">
            <param name="INTERPOLATION" type="name"/>
          </accessor>
        </technique_common>
      </source>
      <source id="node-Bip01_Spine_matrix-input">
        <float_array id="node-Bip01_Spine_matrix-input-array" count="20">6.333333 6.366667 6.4 6.433333 6.466667 6.5 6.533333 6.566667 6.6 6.633333 6.666667 6.7 6.733333 6.766667 6.8 6.833333 6.866667 6.9 6.933333 6.966667</float_array>
        <technique_common>
          <accessor source="#node-Bip01_Spine_matrix-input-array" count="20" stride="1">
            <param name="TIME" type="float"/>
          </accessor>
        </technique_common>
      </source>
      <source id="node-Bip01_Spine_matrix-output">
        <float_array id="node-Bip01_Spine_matrix-output-array" count="320">0.9257579 -0.171198 -0.3371403 0.1981878 0.2559394 0.9400379 0.225441 0.0307883 0.2783295 -0.2949914 0.9140638 0.01352244 0 0 0 1 0.9261811 -0.1566492 -0.3430005 0.1984182 0.2447366 0.9417304 0.2307551 0.02833473 0.2868664 -0.297666 0.9105508 0.01537901 0 0 0 1 0.925607 -0.1356515 -0.3533414 0.198609 0.2286088 0.9444068 0.2362917 0.02490079 0.3016446 -0.2994903 0.9051608 0.01853501 0 0 0 1 0.9246599 -0.1117259 -0.3640348 0.1987175 0.2103251 0.9467814 0.2436557 0.02096211 0.3174388 -0.3018643 0.8989497 0.02193313 0 0 0 1 0.924412 -0.08841854 -0.3710048 0.1987912 0.192687 0.9477527 0.2542372 0.01700913 0.3291416 -0.3065077 0.8931512 0.0245338 0 0 0 1 0.9263409 -0.06934022 -0.370249 0.1989603 0.1784428 0.9464058 0.2692103 0.01353043 0.3317387 -0.3154489 0.8890677 0.0253148 0 0 0 1 0.9319691 -0.05828726 -0.3578213 0.1993688 0.170114 0.941896 0.289643 0.01097494 0.320148 -0.3308088 0.8877336 0.02325457 0 0 0 1 0.9512231 -0.07193493 -0.3000001 0.2005006 0.1739852 0.9281236 0.3291137 0.009978413 0.2547624 -0.3652562 0.8953683 0.01044309 0 0 0 1 0.9713975 -0.1080141 -0.2114712 0.2005543 0.1844937 0.9039679 0.3857518 0.009554445 0.1494965 -0.4137334 0.8980399 -0.009787857 0 0 0 1 0.9772227 -0.1353166 -0.1634781 0.1996555 0.1946463 0.8784327 0.4364273 0.009356737 0.08454865 -0.4583072 0.8847634 -0.02142935 0 0 0 1 0.9733877 -0.1370827 -0.1836426 0.1998813 0.2107214 0.8503724 0.4821442 0.01057285 0.09007096 -0.5080108 0.8566284 -0.01856887 0 0 0 1 0.9640653 -0.1253948 -0.2342097 0.2003602 0.2343294 0.8167419 0.5272781 0.01333653 0.1251709 -0.5632129 0.8167763 -0.009331166 0 0 0 1 0.9512527 -0.108799 -0.2885847 0.2002949 0.2589704 0.7899329 0.5558239 0.01702862 0.1674894 -0.603464 0.7796016 0.001053571 0 0 0 1 0.9411105 -0.1009249 -0.3226839 0.1998656 0.2747377 0.784536 0.5558978 0.02015006 0.1970531 -0.6118149 0.766063 0.007540225 0 0 0 1 0.9359987 -0.1052898 -0.3358874 0.1995347 0.2799674 0.8010705 0.5290601 0.02229726 0.2133648 -0.5892373 0.7792787 0.009892284 0 0 0 1 0.9322216 -0.1142936 -0.3433656 0.199234 0.2807402 0.8271247 0.4868775 0.02421855 0.2283591 -0.5502742 0.8031504 0.01133394 0 0 0 1 0.9296708 -0.1263008 -0.3460635 0.1989722 0.2779215 0.8570677 0.4338139 0.02592116 0.2418088 -0.4994828 0.8318926 0.01213657 0 0 0 1 0.9281231 -0.1395444 -0.34513 0.1987448 0.2726447 0.8860481 0.3749448 0.02742862 0.2534804 -0.442093 0.860408 0.01254385 0 0 0 1 0.9272468 -0.1523526 -0.3420556 0.1985427 0.2662443 0.9105799 0.3161616 0.02875268 0.2633008 -0.3842302 0.8848954 0.01277703 0 0 0 1 0.9266204 -0.1632941 -0.3386883 0.1983585 0.2601753 0.9287623 0.2640253 0.0298826 0.2714471 -0.3327696 0.9030953 0.01303982 0 0 0 1</float_array>
        <technique_common>
          <accessor source="#node-Bip01_Spine_matrix-output-array" count="20" stride="16">
            <param name="TRANSFORM" type="float4x4"/>
          </accessor>
        </technique_common>
      </source>
      <source id="node-Bip01_Spine_matrix-interpolation">
        <Name_array id="node-Bip01_Spine_matrix-interpolation-array" count="20">LINEAR LINEAR LINEAR LINEAR LINEAR LINEAR LINEAR LINEAR LINEAR LINEAR LINEAR LINEAR LINEAR LINEAR LINEAR LINEAR LINEAR LINEAR LINEAR LINEAR</Name_array>
        <technique_common>
          <accessor source="#node-Bip01_Spine_matrix-interpolation-array" count="20" stride="1">
            <param name="INTERPOLATION" type="name"/>
          </accessor>
        </technique_common>
      </source>
      <source id="node-Bip01_Spine1_matrix-input">
        <float_array id="node-Bip01_Spine1_matrix-input-array" count="20">6.333333 6.366667 6.4 6.433333 6.466667 6.5 6.533333 6.566667 6.6 6.633333 6.666667 6.7 6.733333 6.766667 6.8 6.833333 6.866667 6.9 6.933333 6.966667</float_array>
        <technique_common>
          <accessor source="#node-Bip01_Spine1_matrix-input-array" count="20" stride="1">
            <param name="TIME" type="float"/>
          </accessor>
        </technique_common>
      </source>
      <source id="node-Bip01_Spine1_matrix-output">
        <float_array id="node-Bip01_Spine1_matrix-output-array" count="320">0.9850423 0.02363091 -0.1706854 0.1022273 -0.0131933 0.9979873 0.0620287 -1.00821e-4 0.1718076 -0.05884897 0.9833714 5.93066e-6 0 0 0 1 0.9849742 0.0243383 -0.170978 0.1022273 -0.01427578 0.9981059 0.0598374 -1.00821e-4 0.1721106 -0.05649739 0.9834561 5.66244e-6 0 0 0 1 0.9848795 0.02545458 -0.1713609 0.1022272 -0.01597225 0.9982756 0.05648857 -1.00836e-4 0.1725032 -0.05289733 0.9835876 5.33462e-6 0 0 0 1 0.984768 0.02668076 -0.1718158 0.1022272 -0.01784551 0.9984477 0.05276411 -1.00881e-4 0.1729568 -0.04889422 0.9837151 4.91738e-6 0 0 0 1 0.9846509 0.02771872 -0.1723212 0.102227 -0.01945757 0.9985874 0.0494464 -1.00896e-4 0.1734482 -0.04533439 0.9837991 4.52995e-6 0 0 0 1 0.9845423 0.02827131 -0.1728519 0.102227 -0.02036976 0.9986723 0.04731762 -1.00911e-4 0.17396 -0.04306519 0.9838106 4.32134e-6 0 0 0 1 0.9844555 0.02804261 -0.1733822 0.1022268 -0.02014213 0.9986845 0.04715973 -1.00866e-4 0.1744765 -0.04293429 0.983725 4.35114e-6 0 0 0 1 0.9843777 0.02698725 -0.17399 0.1022272 -0.01871997 0.9986244 0.04898321 -1.00911e-4 0.1750726 -0.04496085 0.9835285 4.47035e-6 0 0 0 1 0.9842892 0.02537333 -0.1747318 0.1022272 -0.01650154 0.9985087 0.05204099 -1.00851e-4 0.1757916 -0.04833996 0.9832398 4.85778e-6 0 0 0 1 0.9841929 0.02337539 -0.1755517 0.1022273 -0.01372653 0.9983378 0.05597752 -1.00836e-4 0.1765683 -0.05268299 0.9828776 5.30481e-6 0 0 0 1 0.9840925 0.02116709 -0.1763926 0.1022276 -0.01063561 0.9981153 0.06043809 -1.00836e-4 0.1773394 -0.05760055 0.9824628 5.78165e-6 0 0 0 1 0.9839939 0.01892119 -0.1771944 0.1022278 -0.007470369 0.9978528 0.06506866 -1.00821e-4 0.1780451 -0.06270354 0.9820224 6.28829e-6 0 0 0 1 0.9839061 0.01680898 -0.1778947 0.1022281 -0.004473507 0.9975709 0.06951683 -1.00762e-4 0.1786311 -0.06760227 0.9815911 6.82473e-6 0 0 0 1 0.9838388 0.0150007 -0.1784276 0.1022284 -0.001888632 0.9972985 0.07343101 -1.00762e-4 0.1790472 -0.07190722 0.9812092 7.24196e-6 0 0 0 1 0.9838042 0.01366597 -0.1787252 0.1022282 4.00692e-5 0.9970726 0.07646054 -1.00717e-4 0.1792469 -0.07522928 0.9809235 7.59959e-6 0 0 0 1 0.9838148 0.01297402 -0.1787184 0.1022286 0.001068651 0.9969329 0.07825511 -1.00717e-4 0.1791855 -0.07717949 0.9807835 7.80821e-6 0 0 0 1 0.9839554 0.01370483 -0.1778882 0.1022284 1.26794e-4 0.9969916 0.07751148 -1.00717e-4 0.1784153 -0.0762903 0.9809934 7.689e-6 0 0 0 1 0.9842382 0.01597142 -0.1761265 0.1022282 -0.002922475 0.9972466 0.07410085 -1.00762e-4 0.176825 -0.07241797 0.9815747 7.30157e-6 0 0 0 1 0.9845668 0.01894301 -0.173982 0.1022278 -0.006923198 0.9975624 0.069435 -1.00762e-4 0.1748731 -0.06715881 0.9822979 6.79493e-6 0 0 0 1 0.9848573 0.02177983 -0.1719933 0.1022278 -0.01072674 0.997832 0.06493425 -1.00806e-4 0.1730346 -0.06210595 0.9829556 6.25849e-6 0 0 0 1</float_array>
        <technique_common>
          <accessor source="#node-Bip01_Spine1_matrix-output-array" count="20" stride="16">
            <param name="TRANSFORM" type="float4x4"/>
          </accessor>
        </technique_common>
      </source>
      <source id="node-Bip01_Spine1_matrix-interpolation">
        <Name_array id="node-Bip01_Spine1_matrix-interpolation-array" count="20">LINEAR LINEAR LINEAR LINEAR LINEAR LINEAR LINEAR LINEAR LINEAR LINEAR LINEAR LINEAR LINEAR LINEAR LINEAR LINEAR LINEAR LINEAR LINEAR LINEAR</Name_array>
        <technique_common>
          <accessor source="#node-Bip01_Spine1_matrix-interpolation-array" count="20" stride="1">
            <param name="INTERPOLATION" type="name"/>
          </accessor>
        </technique_common>
      </source>
      <source id="node-Bip01_Head_matrix-input">
        <float_array id="node-Bip01_Head_matrix-input-array" count="20">6.333333 6.366667 6.4 6.433333 6.466667 6.5 6.533333 6.566667 6.6 6.633333 6.666667 6.7 6.733333 6.766667 6.8 6.833333 6.866667 6.9 6.933333 6.966667</float_array>
        <technique_common>
          <accessor source="#node-Bip01_Head_matrix-input-array" count="20" stride="1">
            <param name="TIME" type="float"/>
          </accessor>
