<?xml version="1.0" encoding="utf-8"?>
<COLLADA xmlns="http://www.collada.org/2005/11/COLLADASchema" version="1.4.1">
  <asset>
    <contributor>
      <author>MattO</author>
      <authoring_tool>OpenCOLLADA for 3ds Max;  Version: 1.3.0;  Revision: 839M;  Platform: x64;  Configuration: Release_Max2012</authoring_tool>
      <source_data>file:///Z:/Art_Resources/WIP/Art_Pack/Gun_Pack/Ryder/TP_Soldier_Ryder_Animation_Master.max</source_data>
    </contributor>
    <created>2011-09-30T01:03:02</created>
    <modified>2011-09-30T01:03:02</modified>
    <unit name="meter" meter="1"/>
    <up_axis>Z_UP</up_axis>
  </asset>
  <library_lights>
    <light id="EnvironmentAmbientLight" name="EnvironmentAmbientLight">
      <technique_common>
        <ambient>
          <color>0 0 0</color>
        </ambient>
      </technique_common>
    </light>
  </library_lights>
  <library_visual_scenes>
    <visual_scene id="MaxScene">
      <node name="EnvironmentAmbientLight">
        <instance_light url="#EnvironmentAmbientLight"/>
      </node>
      <node id="node-Bip01" name="Bip01">
        <matrix>0.7792375 -0.6267176 0.003750265 -8.10623e-5 0.626718 0.7792452 0.001183461 0.009366653 -0.003664072 0.001428162 0.9999923 0.8041399 0 0 0 1</matrix>
        <node id="node-Bip01_Pelvis" name="Bip01_Pelvis">
          <matrix>-0.009626739 0.9912359 0.1317526 0 -0.1217414 -0.1319404 0.9837533 0 0.992515 -0.0065694 0.1219446 0 0 0 0 1</matrix>
          <node id="node-Bip01_Spine" name="Bip01_Spine">
            <matrix>0.9142388 -0.1596023 -0.3724172 0.1975123 0.1756539 0.9844077 0.009333325 0.02499345 0.3651207 -0.0739495 0.9280186 0.02780976 0 0 0 1</matrix>
            <node id="node-Bip01_Spine1" name="Bip01_Spine1">
              <matrix sid="matrix">0.9850424 0.02363099 -0.1706854 0.1022273 -0.01319335 0.9979874 0.0620288 -1.00821e-4 0.1718077 -0.05884904 0.9833714 5.93066e-6 0 0 0 1</matrix>
              <node id="node-Bip01_Spine2" name="Bip01_Spine2">
                <matrix sid="matrix">0.9369742 -0.3477308 -0.03409597 0.1269256 0.349036 0.9270918 0.1366547 -1.58794e-4 -0.01590914 -0.1399427 0.9900317 2.39313e-5 0 0 0 1</matrix>
                <node id="node-Bip01_Neck" name="Bip01_Neck">
                  <matrix sid="matrix">0.8407081 -0.4308255 0.3280236 0.2151071 0.4136219 0.9019012 0.1244631 -4.96507e-5 -0.3494668 0.03104058 0.9364345 -1.66893e-6 0 0 0 1</matrix>
                  <node id="node-Bip01_Head" name="Bip01_Head">
                    <matrix sid="matrix">0.947571 -0.06889546 -0.3120291 0.07051814 -0.2855057 0.2560082 -0.9235508 -0.01395911 0.1435104 0.9642161 0.2229159 1.49012e-8 0 0 0 1</matrix>
                    <node id="node-ALTEYE" name="ALTEYE">
                      <matrix sid="matrix">0.4506335 0.3792483 0.8081468 0.06454694 0.04412793 0.8947045 -0.4444744 0.2214611 -0.8916179 0.2359566 0.3864482 0.04716265 0 0 0 1</matrix>
                    </node>
                  </node>
                  <node id="node-Bip01_L_Clavicle" name="Bip01_L_Clavicle">
                    <matrix sid="matrix">-0.5778344 -0.4531803 0.6787746 -0.04690331 0.283809 -0.8913431 -0.3534966 -0.01204771 0.7652187 -0.01162021 0.6436654 0.05588399 0 0 0 1</matrix>
                    <node id="node-Bip01_L_UpperArm" name="Bip01_L_UpperArm">
                      <matrix sid="matrix">0.9495991 0.1279813 0.2861509 0.1824008 -0.3039839 0.5988075 0.740961 -2.98023e-8 -0.07652017 -0.790601 0.6075314 -5.96046e-8 0 0 0 1</matrix>
                      <node id="node-Bip01_L_Forearm" name="Bip01_L_Forearm">
                        <matrix sid="matrix">-0.6192181 0.7852188 0 0.2843689 -0.785219 -0.6192181 2.98023e-8 0 2.98023e-8 2.98023e-8 1 -5.96046e-8 0 0 0 1</matrix>
                        <node id="node-Bip01_L_Hand" name="Bip01_L_Hand">
                          <matrix sid="matrix">0.8445969 0.5014189 -0.1877106 0.2810681 0.3764395 -0.8054477 -0.4577636 0 -0.3807223 0.3159641 -0.8690324 1.19209e-7 0 0 0 1</matrix>
                          <node id="node-Bip01_L_Finger0" name="Bip01_L_Finger0">
                            <matrix sid="matrix">0.6413842 0.3141903 0.6999363 0.02119672 0.7352948 0.008702949 -0.6776913 -0.004734278 -0.2190156 0.9493201 -0.2254408 -0.02572185 0 0 0 1</matrix>
                            <node id="node-Bip01_L_Finger01" name="Bip01_L_Finger01">
                              <matrix sid="matrix">0.997564 -0.06975641 0 0.04982865 0.06975643 0.9975641 -2.23517e-8 5.96046e-8 2.98023e-8 -7.45058e-9 0.9999999 -2.98023e-8 0 0 0 1</matrix>
                              <node id="node-Bip01_L_Finger02" name="Bip01_L_Finger02">
                                <matrix sid="matrix">0.9203137 0.3911814 2.98023e-8 0.05202234 -0.3911815 0.9203137 1.49012e-8 0 0 -2.23517e-8 1 2.98023e-8 0 0 0 1</matrix>
                              </node>
                            </node>
                          </node>
                          <node id="node-Bip01_L_Finger1" name="Bip01_L_Finger1">
                            <matrix sid="matrix">0.9592717 -0.2819768 -0.01693499 0.1199946 0.2798395 0.9567645 -0.07931915 -0.008367538 0.03856897 0.07134952 0.9967054 -0.04101378 0 0 0 1</matrix>
                            <node id="node-Bip01_L_Finger11" name="Bip01_L_Finger11">
                              <matrix sid="matrix">0.7001772 -0.7139692 0 0.03644156 0.7139691 0.7001772 -1.49012e-8 -1.19209e-7 0 -3.72529e-9 1 0 0 0 0 1</matrix>
                              <node id="node-Bip01_L_Finger12" name="Bip01_L_Finger12">
                                <matrix sid="matrix">0.8757259 -0.4828088 -2.98023e-8 0.03117537 0.4828088 0.8757257 1.30385e-8 -2.98023e-8 2.98023e-8 2.23517e-8 1 0 0 0 0 1</matrix>
                              </node>
                            </node>
                          </node>
                          <node id="node-Bip01_L_Finger2" name="Bip01_L_Finger2">
                            <matrix sid="matrix">0.9066654 -0.4205882 -0.03260922 0.1229538 0.4217875 0.9024836 0.08728345 -0.008801997 -0.00728111 -0.09289105 0.9956498 -0.01328236 0 0 0 1</matrix>
                            <node id="node-Bip01_L_Finger21" name="Bip01_L_Finger21">
                              <matrix sid="matrix">0.8156036 -0.578611 -1.49012e-8 0.03895509 0.5786111 0.8156035 2.98023e-8 0 -1.49012e-8 1.86265e-9 1 5.96046e-8 0 0 0 1</matrix>
                              <node id="node-Bip01_L_Finger22" name="Bip01_L_Finger22">
                                <matrix sid="matrix">0.976296 -0.2164397 1.49012e-8 0.03800535 0.2164397 0.9762961 -7.45058e-9 -4.47035e-8 -1.49012e-8 4.65661e-9 1 5.96046e-8 0 0 0 1</matrix>
                              </node>
                            </node>
                          </node>
                          <node id="node-Bip01_L_Finger3" name="Bip01_L_Finger3">
                            <matrix sid="matrix">0.9367908 -0.338013 -0.09038849 0.1211882 0.3480915 0.9264979 0.1429456 -0.001191199 0.03542729 -0.1653736 0.9855945 0.01196867 0 0 0 1</matrix>
                            <node id="node-Bip01_L_Finger31" name="Bip01_L_Finger31">
                              <matrix sid="matrix">0.9381478 -0.3462351 -1.49012e-8 0.03155863 0.3462352 0.9381479 0 1.19209e-7 0 -7.45058e-9 1 0 0 0 0 1</matrix>
                              <node id="node-Bip01_L_Finger32" name="Bip01_L_Finger32">
                                <matrix sid="matrix">0.8922837 -0.4514749 1.49012e-8 0.03366578 0.451475 0.8922838 -1.49012e-8 -1.49012e-7 0 4.19095e-9 0.9999999 5.96046e-8 0 0 0 1</matrix>
                              </node>
                            </node>
                          </node>
                          <node id="node-Bip01_L_Finger4" name="Bip01_L_Finger4">
                            <matrix sid="matrix">0.9820986 -0.1883418 0.003122136 0.1136798 0.1857741 0.9711843 0.1492954 0.005147696 -0.03115072 -0.1460429 0.9887877 0.03886586 0 0 0 1</matrix>
                            <node id="node-Bip01_L_Finger41" name="Bip01_L_Finger41">
                              <matrix sid="matrix">0.8499687 -0.5268333 3.72529e-9 0.03661627 0.5268332 0.8499687 -7.45058e-9 5.96046e-8 7.45058e-9 1.49012e-8 1 0 0 0 0 1</matrix>
                              <node id="node-Bip01_L_Finger42" name="Bip01_L_Finger42">
                                <matrix sid="matrix">0.9624562 -0.271437 -7.45058e-9 0.01772606 0.2714371 0.9624562 7.45058e-9 -8.9407e-8 0 -5.58794e-9 1 0 0 0 0 1</matrix>
                              </node>
                            </node>
                          </node>
                        </node>
                      </node>
                    </node>
                  </node>
                  <node id="node-Bip01_R_Clavicle" name="Bip01_R_Clavicle">
                    <matrix sid="matrix">0.2073931 -0.1669673 -0.9639035 8.67009e-4 0.5679266 -0.781728 0.2576056 -0.01629043 -0.7965221 -0.600852 -0.06729986 -0.07212146 0 0 0 1</matrix>
                    <node id="node-Bip01_R_UpperArm" name="Bip01_R_UpperArm">
                      <matrix sid="matrix">-0.2334301 0.9286884 -0.2881812 0.1824007 -0.9698443 -0.2437256 1.58936e-4 0 -0.0700894 0.2795279 0.9575759 -1.19209e-7 0 0 0 1</matrix>
                      <node id="node-Bip01_R_Forearm" name="Bip01_R_Forearm">
                        <matrix sid="matrix">0.5407854 0.8411607 2.98023e-8 0.284369 -0.8411605 0.5407854 0 0 -1.19209e-7 0 1 1.19209e-7 0 0 0 1</matrix>
                        <node id="node-Bip01_R_Hand" name="Bip01_R_Hand">
                          <matrix sid="matrix">0.970637 0.2201094 0.09703486 0.281068 0.2283398 -0.7161987 -0.6594847 -1.19209e-7 -0.07566257 0.6622773 -0.7454287 -1.19209e-7 0 0 0 1</matrix>
                          <node id="node-Bip01_R_Finger0" name="Bip01_R_Finger0">
                            <matrix>0.5215106 0.269013 -0.8097274 0.02119678 0.7250716 0.3605265 0.5867639 -0.004734248 0.4497753 -0.893114 -0.007035498 0.02572203 0 0 0 1</matrix>
                            <node id="node-Bip01_R_Finger01" name="Bip01_R_Finger01">
                              <matrix>0.6423535 -0.7636236 0.06527568 0.04982871 0.7605615 0.6456373 0.06854738 0 -0.09448893 0.005614432 0.9955102 -5.96046e-8 0 0 0 1</matrix>
                              <node id="node-Bip01_R_Finger02" name="Bip01_R_Finger02">
                                <matrix>0.9505156 -0.3106765 2.98023e-8 0.05202243 0.3106765 0.9505156 -2.6077e-8 1.19209e-7 9.68575e-8 -3.72529e-8 0.9999999 5.96046e-8 0 0 0 1</matrix>
                              </node>
                            </node>
                          </node>
                          <node id="node-Bip01_R_Finger1" name="Bip01_R_Finger1">
                            <matrix>0.9820225 -0.1733427 -0.0747267 0.1199946 0.1795577 0.9799359 0.08651492 -0.008367568 0.05823064 -0.0983773 0.9934441 0.04101396 0 0 0 1</matrix>
                            <node id="node-Bip01_R_Finger11" name="Bip01_R_Finger11">
                              <matrix>0.8240547 -0.5665103 7.45058e-9 0.03644168 0.5665103 0.8240548 7.45058e-9 0 -1.58325e-8 1.49012e-8 1 0 0 0 0 1</matrix>
                              <node id="node-Bip01_R_Finger12" name="Bip01_R_Finger12">
                                <matrix>0.8146398 -0.5796779 0.01831833 0.03117543 0.5799671 0.8142334 -0.02573051 0 7.45058e-9 0.0315851 0.9995011 0 0 0 0 1</matrix>
                              </node>
                            </node>
                          </node>
                          <node id="node-Bip01_R_Finger2" name="Bip01_R_Finger2">
                            <matrix>0.6754013 -0.7374505 -1.52122e-4 0.1229538 0.7368313 0.6748427 -0.04082684 -0.008802056 0.03021042 0.02746242 0.9991662 0.01328254 0 0 0 1</matrix>
                            <node id="node-Bip01_R_Finger21" name="Bip01_R_Finger21">
                              <matrix>0.5508358 -0.8338858 -0.0348487 0.03895518 0.8322219 0.551937 -0.05265061 -5.96046e-8 0.0631389 -1.11759e-8 0.9980047 0 0 0 0 1</matrix>
                              <node id="node-Bip01_R_Finger22" name="Bip01_R_Finger22">
                                <matrix>0.1984734 -0.9799246 0.01886613 0.03800538 0.9755272 0.1993681 0.09272984 0 -0.09462958 7.45058e-9 0.9955125 0 0 0 0 1</matrix>
                              </node>
                            </node>
                          </node>
                          <node id="node-Bip01_R_Finger3" name="Bip01_R_Finger3">
                            <matrix>0.7159052 -0.6949216 0.06755453 0.1211881 0.6883786 0.6863561 -0.234627 -0.001191258 0.1166809 0.2144738 0.9697353 -0.01196861 0 0 0 1</matrix>
                            <node id="node-Bip01_R_Finger31" name="Bip01_R_Finger31">
                              <matrix>0.4441952 -0.8949345 0.04222352 0.03155839 0.8909185 0.4461976 0.08468727 0 -0.09462959 1.67638e-8 0.9955126 -1.19209e-7 0 0 0 1</matrix>
                              <node id="node-Bip01_R_Finger32" name="Bip01_R_Finger32">
                                <matrix>0.1993681 -0.9794359 -0.03095101 0.03366591 0.9799247 0.1992686 0.006297082 5.96046e-8 -1.44355e-8 -0.03158511 0.999501 1.19209e-7 0 0 0 1</matrix>
                              </node>
                            </node>
                          </node>
                          <node id="node-Bip01_R_Finger4" name="Bip01_R_Finger4">
                            <matrix>0.5925791 -0.7897949 -0.1583475 0.1136796 0.7783521 0.6120424 -0.1399001 0.005147398 0.2074078 -0.04034829 0.9774221 -0.03886569 0 0 0 1</matrix>
                            <node id="node-Bip01_R_Finger41" name="Bip01_R_Finger41">
                              <matrix>0.4202556 -0.9064697 0.04120621 0.03661621 0.9068531 0.4211511 0.01578783 0 -0.03166522 0.03073308 0.9990258 1.19209e-7 0 0 0 1</matrix>
                              <node id="node-Bip01_R_Finger42" name="Bip01_R_Finger42">
                                <matrix>0.402447 -0.9138247 -0.05441483 0.01772636 0.9154232 0.4021218 0.01728317 -5.96046e-8 0.006087616 -0.05676819 0.9983689 -1.19209e-7 0 0 0 1</matrix>
                              </node>
                            </node>
                          </node>
                          <node id="node-MOUNT0" name="MOUNT0">
                            <matrix>-6.25529e-7 1 1.86265e-9 0.109539 -1 -6.52595e-7 4.74975e-7 0.02518257 4.76837e-7 7.45058e-9 0.9999999 0.01321673 0 0 0 1</matrix>
                          </node>
                        </node>
                      </node>
                    </node>
                  </node>
                </node>
                <node id="node-Bip01_L_Pauldron_Upper" name="Bip01_L_Pauldron_Upper">
                  <matrix sid="matrix">0.9726268 0.1182923 0.2000106 0.176903 0.1448455 -0.9816831 -0.1237685 -0.03908372 0.1817062 0.1493512 -0.9719452 0.2290199 0 0 0 1</matrix>
                </node>
                <node id="node-Bip01_R_Pauldron_Lower" name="Bip01_R_Pauldron_Lower">
                  <matrix sid="matrix">-0.1156724 -0.940376 -0.3198654 0.1729059 0.9097751 -0.2295502 0.3458564 -0.1133294 -0.39866 -0.2509995 0.8820826 -0.2351094 0 0 0 1</matrix>
                </node>
                <node id="node-Bip01_L_Pauldron_Lower" name="Bip01_L_Pauldron_Lower">
                  <matrix sid="matrix">-0.2099967 -0.76872 0.6041284 0.1529201 0.4002343 -0.6313506 -0.6642358 -0.1054225 0.8920279 0.1023055 0.4402497 0.2344801 0 0 0 1</matrix>
                </node>
              </node>
            </node>
          </node>
        </node>
      </node>
    </visual_scene>
  </library_visual_scenes>
  <library_animations>
    <animation>
      <source id="node-Bip01_Spine1_matrix-input">
        <float_array id="node-Bip01_Spine1_matrix-input-array" count="76">43.66667 43.7 43.73333 43.76667 43.8 43.83333 43.86666 43.9 43.93333 43.96667 44 44.03333 44.06667 44.1 44.13334 44.16667 44.2 44.23333 44.26667 44.3 44.33333 44.36666 44.4 44.43333 44.46667 44.5 44.53333 44.56667 44.6 44.63334 44.66667 44.7 44.73333 44.76667 44.8 44.83333 44.86666 44.9 44.93333 44.96667 45 45.03333 45.06667 45.1 45.13334 45.16667 45.2 45.23333 45.26667 45.3 45.33333 45.36666 45.4 45.43333 45.46667 45.5 45.53333 45.56667 45.6 45.63334 45.66667 45.7 45.73333 45.76667 45.8 45.83333 45.86666 45.9 45.93333 45.96667 46 46.03333 46.06667 46.1 46.13334 46.16667</float_array>
        <technique_common>
          <accessor source="#node-Bip01_Spine1_matrix-input-array" count="76" stride="1">
            <param name="TIME" type="float"/>
          </accessor>
        </technique_common>
      </source>
      <source id="node-Bip01_Spine1_matrix-output">
        <float_array id="node-Bip01_Spine1_matrix-output-array" count="1216">0.9850424 0.02363097 -0.1706854 0.1022273 -0.0131933 0.9979875 0.06202876 -1.00821e-4 0.1718077 -0.05884903 0.9833714 5.93066e-6 0 0 0 1 0.9880935 0.03063791 -0.1507741 0.1022267 -0.0246334 0.9988337 0.04153257 -1.00926e-4 0.1518707 -0.03732395 0.9876956 3.72529e-6 0 0 0 1 0.9911839 0.03986376 -0.126355 0.1022256 -0.03815239 0.999145 0.01593631 -1.0094e-4 0.1268822 -0.010975 0.9918572 1.11759e-6 0 0 0 1 0.9937949 0.05113714 -0.0987764 0.1022246 -0.05273109 0.9985165 -0.01359224 -1.00881e-4 0.09793472 0.01871651 0.9950169 -1.90735e-6 0 0 0 1 0.9955236 0.06417226 -0.06939095 0.1022235 -0.0674386 0.9966719 -0.04579919 -1.00702e-4 0.06622093 0.05027383 0.9965378 -5.126e-6 0 0 0 1 0.9961273 0.07853764 -0.03952997 0.1022217 -0.08148002 0.9935121 -0.07934099 -1.00374e-4 0.03304225 0.08225464 0.9960634 -8.29995e-6 0 0 0 1 0.9955506 0.09364646 -0.0104736 0.1022202 -0.09423011 0.9891396 -0.1128008 -9.99421e-5 -2.0355e-4 0.1132858 0.9935625 -1.14441e-5 0 0 0 1 0.9939294 0.1087652 0.01657688 0.1022188 -0.1052497 0.9838598 -0.1447161 -9.94056e-5 -0.03204947 0.1420928 0.9893344 -1.43796e-5 0 0 0 1 0.9915746 0.1230387 0.04051661 0.1022173 -0.1142804 0.9781612 -0.1736105 -9.88096e-5 -0.06099265 0.1675176 0.9839805 -1.69277e-5 0 0 0 1 0.988935 0.1355262 0.06033712 0.102216 -0.1212161 0.9726742 -0.1980202 -9.82583e-5 -0.08552527 0.1885153 0.9783393 -1.90139e-5 0 0 0 1 0.9865411 0.1452455 0.07510554 0.102215 -0.1260489 0.9681093 -0.2165096 -9.78112e-5 -0.1041575 0.2041287 0.9733874 -2.06232e-5 0 0 0 1 0.9848214 0.1516728 0.08439409 0.1022145 -0.1289633 0.9648286 -0.2290731 -9.74983e-5 -0.11617 0.2147124 0.969744 -2.17259e-5 0 0 0 1 0.9838526 0.1552363 0.0890842 0.1022142 -0.1304346 0.962701 -0.2370526 -9.7245e-5 -0.1225607 0.2216053 0.9674038 -2.24113e-5 0 0 0 1 0.9835624 0.1564311 0.09019297 0.102214 -0.1308398 0.9616485 -0.2410671 -9.71258e-5 -0.1244443 0.2253038 0.9663085 -2.27839e-5 0 0 0 1 0.983799 0.1557993 0.08869266 0.102214 -0.130479 0.961529 -0.2417386 -9.71407e-5 -0.1229433 0.2262498 0.9662796 -2.28584e-5 0 0 0 1 0.9843762 0.1539095 0.08553034 0.1022142 -0.12961 0.9621598 -0.2396873 -9.72003e-5 -0.119184 0.2248569 0.9670753 -2.27541e-5 0 0 0 1 0.9851046 0.1513398 0.08164423 0.1022145 -0.1284756 0.9633383 -0.2355287 -9.73195e-5 -0.1142959 0.221531 0.9684321 -2.23815e-5 0 0 0 1 0.9858086 0.1486658 0.07797551 0.1022147 -0.1273235 0.964856 -0.229874 -9.74536e-5 -0.1094096 0.2166836 0.9700917 -2.18749e-5 0 0 0 1 0.9863345 0.1464518 0.07547503 0.102215 -0.1264188 0.96651 -0.2233316 -9.76622e-5 -0.1056548 0.2107383 0.9718162 -2.13087e-5 0 0 0 1 0.9865411 0.1452455 0.07510554 0.102215 -0.1260489 0.9681093 -0.2165096 -9.78112e-5 -0.1041575 0.2041287 0.9733874 -2.06381e-5 0 0 0 1 0.9865407 0.1446626 0.07622808 0.1022151 -0.1260476 0.9697482 -0.209047 -9.79602e-5 -0.1041635 0.1966249 0.9749302 -1.98781e-5 0 0 0 1 0.9865401 0.1439693 0.0775367 0.1022152 -0.1260462 0.9715942 -0.2002939 -9.81688e-5 -0.1041705 0.1878247 0.976663 -1.89841e-5 0 0 0 1 0.9865395 0.1431754 0.07900106 0.1022154 -0.1260446 0.9735759 -0.1904289 -9.83775e-5 -0.1041784 0.1779081 0.9785171 -1.80006e-5 0 0 0 1 0.9865387 0.1422913 0.08059114 0.1022154 -0.126043 0.9756258 -0.1796323 -9.85861e-5 -0.104187 0.1670563 0.9804272 -1.69128e-5 0 0 0 1 0.9865379 0.1413284 0.08227717 0.1022155 -0.1260414 0.9776814 -0.1680858 -9.87649e-5 -0.1041962 0.1554527 0.9823327 -1.57207e-5 0 0 0 1 0.9865372 0.1402992 0.08402997 0.1022157 -0.1260398 0.9796871 -0.1559727 -9.89884e-5 -0.104206 0.1432818 0.9841807 -1.45137e-5 0 0 0 1 0.9865362 0.139217 0.08582079 0.1022157 -0.1260382 0.9815948 -0.1434785 -9.91672e-5 -0.1042159 0.1307299 0.9859253 -1.32173e-5 0 0 0 1 0.9865354 0.1380969 0.0876218 0.1022158 -0.1260368 0.9833662 -0.1307902 -9.93609e-5 -0.1042261 0.1179857 0.9875307 -1.19507e-5 0 0 0 1 0.9865346 0.1369552 0.08940583 0.102216 -0.1260355 0.9849712 -0.1180968 -9.951e-5 -0.1042363 0.1052383 0.9889691 -1.06543e-5 0 0 0 1 0.9865337 0.1358094 0.09114676 0.102216 -0.1260344 0.9863908 -0.105588 -9.9659e-5 -0.1042462 0.09267842 0.9902241 -9.34303e-6 0 0 0 1 0.9865327 0.1346786 0.09281915 0.1022162 -0.1260334 0.9876144 -0.09345477 -9.97782e-5 -0.104256 0.08049786 0.9912875 -8.16584e-6 0 0 0 1 0.9865319 0.1335827 0.09439849 0.1022162 -0.1260326 0.9886407 -0.08188855 -9.98825e-5 -0.1042652 0.0688883 0.992161 -6.94394e-6 0 0 0 1 0.9865309 0.1325432 0.09586125 0.1022163 -0.1260319 0.9894765 -0.07108122 -9.9957e-5 -0.1042738 0.05804216 0.9928535 -5.87106e-6 0 0 0 1 0.9865303 0.1315818 0.0971843 0.1022164 -0.1260314 0.9901353 -0.06122434 -1.00046e-4 -0.1042817 0.04815137 0.9933816 -4.87268e-6 0 0 0 1 0.9865296 0.1307215 0.09834539 0.1022164 -0.1260311 0.9906359 -0.05250936 -1.00076e-4 -0.1042886 0.03940737 0.9937661 -3.96371e-6 0 0 0 1 0.9865289 0.1299851 0.09932249 0.1022167 -0.1260308 0.9909995 -0.04512763 -1.00121e-4 -0.1042945 0.03200191 0.9940316 -3.24845e-6 0 0 0 1 0.9864007 0.1304116 0.1000348 0.1022166 -0.1270036 0.991106 -0.03973913 -1.00121e-4 -0.1043276 0.02649396 0.9941902 -2.65241e-6 0 0 0 1 0.9860699 0.1325698 0.1004573 0.1022164 -0.1294898 0.9909048 -0.03661322 -1.00121e-4 -0.1043975 0.02309507 0.9942677 -2.35438e-6 0 0 0 1 0.9856148 0.1357754 0.1006416 0.102216 -0.1328396 0.9905071 -0.03535115 -1.00076e-4 -0.1044862 0.02147334 0.9942945 -2.16067e-6 0 0 0 1 0.9851179 0.1393428 0.100632 0.1022156 -0.1364037 0.9900153 -0.03555274 -1.00002e-4 -0.1045813 0.02129709 0.9942885 -2.14577e-6 0 0 0 1 0.9846696 0.1425866 0.1004729 0.1022154 -0.139534 0.9895327 -0.03681784 -9.9957e-5 -0.104671 0.02223408 0.9942584 -2.26498e-6 0 0 0 1 0.9843699 0.1448224 0.1002132 0.1022151 -0.1415836 0.989168 -0.03874671 -9.9957e-5 -0.1047391 0.02395254 0.9942112 -2.44379e-6 0 0 0 1 0.9843208 0.145366 0.09990823 0.1022151 -0.1419065 0.9890334 -0.04094022 -9.99272e-5 -0.1047639 0.02612084 0.9941541 -2.65241e-6 0 0 0 1 0.984619 0.1435331 0.09961813 0.1022152 -0.1398558 0.989238 -0.0430004 -9.99123e-5 -0.104718 0.02840685 0.9940962 -2.86102e-6 0 0 0 1 0.9853422 0.1386366 0.09940415 0.1022157 -0.1347821 0.9898744 -0.04452913 -1.00017e-4 -0.1045711 0.03047841 0.9940505 -3.08454e-6 0 0 0 1 0.986529 0.129985 0.09932255 0.1022167 -0.1260308 0.9909995 -0.04512757 -1.00136e-4 -0.1042945 0.03200197 0.9940316 -3.24845e-6 0 0 0 1 0.9887177 0.1121289 0.09932249 0.1022185 -0.1080943 0.9931161 -0.04512757 -1.0033e-4 -0.1036989 0.0338822 0.9940317 -3.42727e-6 0 0 0 1 0.9915623 0.0833047 0.09932237 0.1022213 -0.07914394 0.9958414 -0.04512751 -1.00598e-4 -0.1026687 0.03688591 0.9940316 -3.69549e-6 0 0 0 1 0.9938783 0.048388 0.09932231 0.102225 -0.0440793 0.9980086 -0.04512751 -1.00851e-4 -0.1013081 0.04047316 0.9940317 -4.12762e-6 0 0 0 1 0.9949792 0.012326 0.09932219 0.1022286 -0.007870495 0.9989504 -0.04512757 -1.00926e-4 -0.09977424 0.04411923 0.9940317 -4.47035e-6 0 0 0 1 0.9948566 -0.01989364 0.09932214 0.1022318 0.02447539 0.9986816 -0.04512751 -1.00881e-4 -0.09829348 0.04732638 0.9940318 -4.79817e-6 0 0 0 1 0.994113 -0.0432986 0.09932202 0.102234 0.04796916 0.997829 -0.04512751 -1.00791e-4 -0.09715247 0.04962623 0.9940316 -5.00679e-6 0 0 0 1 0.99364 -0.053056 0.09932202 0.102235 0.0577628 0.99731 -0.04512751 -1.00732e-4 -0.09666055 0.05057758 0.9940316 -5.0962e-6 0 0 0 1 0.9936972 -0.05197215 0.09932202 0.102235 0.05667495 0.9973725 -0.04512751 -1.00777e-4 -0.09671568 0.05047214 0.9940318 -5.126e-6 0 0 0 1 0.9939661 -0.04655158 0.09932202 0.1022344 0.0512343 0.9976668 -0.04512751 -1.00791e-4 -0.09698957 0.04994392 0.9940318 -5.05149e-6 0 0 0 1 0.994113 -0.0432986 0.09932202 0.102234 0.04796916 0.997829 -0.04512751 -1.00791e-4 -0.09715247 0.04962623 0.9940317 -4.97699e-6 0 0 0 1 0.9939531 -0.04683017 0.09931915 0.1022344 0.05119842 0.9978094 -0.04189753 -1.00821e-4 -0.09713959 0.0467292 0.9941733 -4.73857e-6 0 0 0 1 0.9937819 -0.05036121 0.09930497 0.1022349 0.05442708 0.9977689 -0.0386672 -1.00821e-4 -0.09713613 0.04383164 0.9943056 -4.47035e-6 0 0 0 1 0.994113 -0.0432986 0.09932208 0.1022339 0.04796922 0.997829 -0.04512757 -1.00791e-4 -0.09715247 0.04962623 0.9940317 -4.97699e-6 0 0 0 1 0.9948402 -0.01227325 0.1007094 0.102231 0.01995378 0.9969376 -0.07561469 -1.00732e-4 -0.09947305 0.07723402 0.9920383 -7.82311e-6 0 0 0 1 0.9945069 0.02938663 0.1004612 0.1022268 -0.01765793 0.9931269 -0.1157038 -1.0033e-4 -0.1031709 0.1132943 0.9881903 -1.14292e-5 0 0 0 1 0.9941106 0.05199658 0.09508341 0.1022245 -0.03918588 0.9904813 -0.1319532 -1.00076e-4 -0.1010395 0.1274501 0.9866853 -1.28746e-5 0 0 0 1 0.9948688 0.05144953 0.08711653 0.1022245 -0.04076939 0.99191 -0.1202196 -1.00195e-4 -0.092597 0.116051 0.9889178 -1.17272e-5 0 0 0 1 0.9958474 0.04475384 0.07928138 0.1022253 -0.03669369 0.9942748 -0.1003561 -1.00464e-4 -0.08331888 0.09703028 0.991788 -9.80496e-6 0 0 0 1 0.9969144 0.03409594 0.0707066 0.1022262 -0.02875548 0.9967526 -0.07521855 -1.00702e-4 -0.07304161 0.07295334 0.9946572 -7.36117e-6 0 0 0 1 0.9979274 0.02166283 0.060597 0.1022276 -0.01878428 0.9986863 -0.0476768 -1.00896e-4 -0.06155025 0.04643964 0.9970232 -4.69387e-6 0 0 0 1 0.9987856 0.009638309 0.04831779 0.1022289 -0.008650481 0.9997503 -0.02061182 -1.0103e-4 -0.04850447 0.02016884 0.9986194 -2.08616e-6 0 0 0 1 0.9994418 1.72973e-4 0.03341597 0.1022297 -2.77206e-4 0.9999954 0.003115952 -1.01015e-4 -0.03341531 -0.003123402 0.9994369 3.42727e-7 0 0 0 1 0.999868 -0.004660665 0.01557916 0.1022302 0.004337489 0.9997763 0.02071171 -1.01e-4 -0.01567232 -0.02064132 0.9996642 2.08616e-6 0 0 0 1 0.9999632 -0.004778802 -0.007149934 0.1022304 0.005008816 0.9994592 0.03250598 -1.01e-4 0.006990611 -0.03254061 0.999446 3.24845e-6 0 0 0 1 0.9993855 -0.001994669 -0.03499895 0.1022299 0.003435254 0.9991473 0.04114955 -1.0094e-4 0.03488701 -0.0412445 0.9985398 4.15742e-6 0 0 0 1 0.997839 0.002786278 -0.0656498 0.1022294 3.29286e-4 0.998876 0.04739964 -1.00926e-4 0.06570798 -0.04731875 0.9967164 4.76837e-6 0 0 0 1 0.9952663 0.008636653 -0.09680229 0.1022289 -0.003610491 0.9986419 0.05197763 -1.00896e-4 0.09711974 -0.051382 0.9939456 5.1856e-6 0 0 0 1 0.9918994 0.01464217 -0.1261801 0.1022284 -0.00767225 0.9984267 0.05554807 -1.00881e-4 0.1267948 -0.05412989 0.9904511 5.45382e-6 0 0 0 1 0.9882503 0.01992195 -0.1515416 0.1022278 -0.0111193 0.9982132 0.05871415 -1.00836e-4 0.1524404 -0.05633914 0.9867057 5.69224e-6 0 0 0 1 0.9850424 0.02363097 -0.1706854 0.1022273 -0.0131933 0.9979875 0.06202876 -1.00821e-4 0.1718077 -0.05884903 0.9833714 5.93066e-6 0 0 0 1</float_array>
        <technique_common>
          <accessor source="#node-Bip01_Spine1_matrix-output-array" count="76" stride="16">
            <param name="TRANSFORM" type="float4x4"/>
          </accessor>
        </technique_common>
      </source>
      <source id="node-Bip01_Spine1_matrix-interpolation">
        <Name_array id="node-Bip01_Spine1_matrix-interpolation-array" count="76">LINEAR LINEAR LINEAR LINEAR LINEAR LINEAR LINEAR LINEAR LINEAR LINEAR LINEAR LINEAR LINEAR LINEAR LINEAR LINEAR LINEAR LINEAR LINEAR LINEAR LINEAR LINEAR LINEAR LINEAR LINEAR LINEAR LINEAR LINEAR LINEAR LINEAR LINEAR LINEAR LINEAR LINEAR LINEAR LINEAR LINEAR LINEAR LINEAR LINEAR LINEAR LINEAR LINEAR LINEAR LINEAR LINEAR LINEAR LINEAR LINEAR LINEAR LINEAR LINEAR LINEAR LINEAR LINEAR LINEAR LINEAR LINEAR LINEAR LINEAR LINEAR LINEAR LINEAR LINEAR LINEAR LINEAR LINEAR LINEAR LINEAR LINEAR LINEAR LINEAR LINEAR LINEAR LINEAR LINEAR</Name_array>
        <technique_common>
          <accessor source="#node-Bip01_Spine1_matrix-interpolation-array" count="76" stride="1">
            <param name="INTERPOLATION" type="name"/>
          </accessor>
        </technique_common>
      </source>
      <source id="node-Bip01_Spine2_matrix-input">
        <float_array id="node-Bip01_Spine2_matrix-input-array" count="76">43.66667 43.7 43.73333 43.76667 43.8 43.83333 43.86666 43.9 43.93333 43.96667 44 44.03333 44.06667 44.1 44.13334 44.16667 44.2 44.23333 44.26667 44.3 44.33333 44.36666 44.4 44.43333 44.46667 44.5 44.53333 44.56667 44.6 44.63334 44.66667 44.7 44.73333 44.76667 44.8 44.83333 44.86666 44.9 44.93333 44.96667 45 45.03333 45.06667 45.1 45.13334 45.16667 45.2 45.23333 45.26667 45.3 45.33333 45.36666 45.4 45.43333 45.46667 45.5 45.53333 45.56667 45.6 45.63334 45.66667 45.7 45.73333 45.76667 45.8 45.83333 45.86666 45.9 45.93333 45.96667 46 46.03333 46.06667 46.1 46.13334 46.16667</float_array>
        <technique_common>
          <accessor source="#node-Bip01_Spine2_matrix-input-array" count="76" stride="1">
            <param name="TIME" type="float"/>
          </accessor>
        </technique_common>
      </source>
      <source id="node-Bip01_Spine2_matrix-output">
        <float_array id="node-Bip01_Spine2_matrix-output-array" count="1216">0.9369742 -0.3477308 -0.03409594 0.1269255 0.349036 0.9270918 0.1366547 -1.58794e-4 -0.01590913 -0.1399427 0.9900317 2.39313e-5 0 0 0 1 0.9406916 -0.3388009 -0.01770526 0.126924 0.338314 0.9328806 0.1236016 -1.59808e-4 -0.02535951 -0.1222609 0.9921739 2.09212e-5 0 0 0 1 0.9449038 -0.3273402 0.002323329 0.1269222 0.3252188 0.9395412 0.1072153 -1.6097e-4 -0.03727871 -0.1005525 0.994233 1.71363e-5 0 0 0 1 0.9491962 -0.3137016 0.02485924 0.1269198 0.3104931 0.9464761 0.08818656 -1.62132e-4 -0.05119293 -0.07598769 0.9957937 1.29938e-5 0 0 0 1 0.9532167 -0.2983246 0.04879081 0.126917 0.2948662 0.9531677 0.0672689 -1.63257e-4 -0.06657373 -0.04973495 0.9965412 8.61287e-6 0 0 0 1 0.9567007 -0.28176 0.07304334 0.1269142 0.2790414 0.9592105 0.04529017 -1.64285e-4 -0.08282494 -0.02294701 0.9962999 3.96371e-6 0 0 0 1 0.9594865 -0.2646782 0.09659832 0.1269114 0.2636836 0.9643313 0.02315378 -1.65164e-4 -0.09928113 0.003255546 0.9950541 -5.06639e-7 0 0 0 1 0.9615195 -0.2478635 0.1185062 0.1269083 0.2494108 0.9683959 0.001827955 -1.6585e-4 -0.115214 0.02779901 0.9929518 -4.70877e-6 0 0 0 1 0.9628449 -0.2321967 0.1378926 0.1269059 0.2367903 0.9714001 -0.01766937 -1.66364e-4 -0.129846 0.04966455 0.9902895 -8.47876e-6 0 0 0 1 0.9635873 -0.218628 0.1539517 0.1269035 0.2263429 0.9734439 -0.03429031 -1.66729e-4 -0.1423665 0.06788748 0.9874832 -1.16378e-5 0 0 0 1 0.9639212 -0.2081436 0.165928 0.1269018 0.2185559 0.9746929 -0.04697597 -1.66949e-4 -0.1519511 0.08154553 0.9850183 -1.39624e-5 0 0 0 1 0.9640315 -0.2011837 0.1736908 0.1269004 0.2136037 0.9753223 -0.05585682 -1.67049e-4 -0.158167 0.0909487 0.9832149 -1.55419e-5 0 0 0 1 0.9640543 -0.1972176 0.1780576 0.1268998 0.2109989 0.9755235 -0.06191259 -1.67087e-4 -0.1614891 0.09725701 0.9820704 -1.66371e-5 0 0 0 1 0.9640534 -0.1957424 0.1796827 0.1268994 0.2102451 0.9754598 -0.06538569 -1.67072e-4 -0.1624745 0.1008126 0.9815492 -1.72481e-5 0 0 0 1 0.9640484 -0.1962196 0.1791894 0.1268997 0.2108668 0.9752477 -0.06653881 -1.67042e-4 -0.1616977 0.1019316 0.981562 -1.74567e-5 0 0 0 1 0.9640369 -0.19809 0.1771813 0.1268999 0.2124022 0.9749749 -0.0656436 -1.67005e-4 -0.159744 0.1009165 0.9819867 -1.72779e-5 0 0 0 1 0.964013 -0.2007843 0.1742537 0.1269004 0.2143961 0.9747146 -0.06297284 -1.6696e-4 -0.1572036 0.09806579 0.982685 -1.67936e-5 0 0 0 1 0.963977 -0.2037327 0.171001 0.1269009 0.2163937 0.9745342 -0.0587958 -1.66915e-4 -0.1546676 0.09368145 0.9835149 -1.60262e-5 0 0 0 1 0.9639396 -0.2063707 0.1680229 0.1269013 0.2179361 0.9745024 -0.05337685 -1.66915e-4 -0.1527233 0.08807039 0.984337 -1.50353e-5 0 0 0 1 0.9639212 -0.2081436 0.165928 0.1269018 0.2185559 0.9746929 -0.04697597 -1.66953e-4 -0.1519511 0.08154553 0.9850184 -1.39475e-5 0 0 0 1 0.9639201 -0.2094156 0.1643257 0.1269019 0.2185563 0.9750261 -0.03946542 -1.67001e-4 -0.1519572 0.07395595 0.9856163 -1.26362e-5 0 0 0 1 0.9639191 -0.2108891 0.1624374 0.1269021 0.2185565 0.9753422 -0.03066897 -1.67042e-4 -0.1519643 0.06506431 0.9862421 -1.11014e-5 0 0 0 1 0.9639176 -0.212526 0.1602976 0.1269021 0.2185568 0.975603 -0.02077215 -1.67094e-4 -0.1519722 0.05505675 0.9868502 -9.38773e-6 0 0 0 1 0.9639161 -0.214289 0.1579417 0.1269026 0.218557 0.9757732 -0.009960412 -1.67135e-4 -0.1519809 0.04412025 0.9873981 -7.53999e-6 0 0 0 1 0.9639147 -0.2161415 0.1554062 0.126903 0.218557 0.9758229 0.001579284 -1.67131e-4 -0.1519902 0.03244274 0.9878494 -5.52833e-6 0 0 0 1 0.9639132 -0.2180486 0.1527284 0.1269035 0.218557 0.9757285 0.01365983 -1.67131e-4 -0.152 0.02021294 0.9881737 -3.45707e-6 0 0 0 1 0.9639117 -0.219977 0.1499475 0.1269038 0.2185569 0.9754753 0.0260933 -1.67079e-4 -0.15201 0.007620275 0.9883497 -1.3113e-6 0 0 0 1 0.9639102 -0.2218955 0.1471039 0.1269041 0.2185566 0.9750568 0.03869187 -1.6699e-4 -0.1520202 -0.005145192 0.988364 8.79168e-7 0 0 0 1 0.9639086 -0.2237744 0.1442394 0.1269044 0.2185561 0.9744766 0.05126768 -1.66912e-4 -0.1520304 -0.01789301 0.9882138 3.05474e-6 0 0 0 1 0.9639073 -0.2255871 0.1413975 0.1269048 0.2185556 0.9737476 0.06363314 -1.66796e-4 -0.1520403 -0.03043317 0.9879056 5.20051e-6 0 0 0 1 0.9639058 -0.2273085 0.1386231 0.1269046 0.218555 0.9728915 0.07560169 -1.66625e-4 -0.15205 -0.04257613 0.9874555 7.33137e-6 0 0 0 1 0.9639046 -0.2289158 0.1359617 0.1269053 0.2185543 0.97194 0.08698719 -1.66468e-4 -0.1520593 -0.05413234 0.9868879 9.28342e-6 0 0 0 1 0.9639033 -0.2303879 0.1334604 0.1269055 0.2185535 0.9709313 0.0976051 -1.66301e-4 -0.1520678 -0.06491357 0.9862361 1.11163e-5 0 0 0 1 0.9639023 -0.2317057 0.1311669 0.1269056 0.2185527 0.9699111 0.1072715 -1.66111e-4 -0.1520757 -0.07473236 0.9855395 1.2815e-5 0 0 0 1 0.9639014 -0.2328511 0.1291295 0.126906 0.218552 0.9689295 0.1158044 -1.65954e-4 -0.1520826 -0.08340251 0.9848425 1.43051e-5 0 0 0 1 0.9639006 -0.2338068 0.1273967 0.126906 0.2185513 0.9680397 0.1230219 -1.65798e-4 -0.1520884 -0.09073823 0.9841929 1.55568e-5 0 0 0 1 0.9641348 -0.2334883 0.1262032 0.1269061 0.2176065 0.9676331 0.1278021 -1.65746e-4 -0.1519587 -0.09575581 0.9837375 1.64062e-5 0 0 0 1 0.9647307 -0.2313095 0.1256616 0.1269056 0.2151927 0.967931 0.1296226 -1.65768e-4 -0.1516147 -0.09800958 0.9835687 1.68234e-5 0 0 0 1 0.9655239 -0.2279955 0.1256251 0.126905 0.2119371 0.9687058 0.1291962 -1.65917e-4 -0.1511499 -0.09811735 0.9836294 1.68234e-5 0 0 0 1 0.9663553 -0.2242684 0.125941 0.1269044 0.2084673 0.9697182 0.1272318 -1.66103e-4 -0.1506615 -0.09669667 0.9838451 1.65999e-5 0 0 0 1 0.967074 -0.2208513 0.1264616 0.1269038 0.2054139 0.9707316 0.1244394 -1.66256e-4 -0.1502428 -0.09436529 0.9841354 1.61827e-5 0 0 0 1 0.9675384 -0.2184692 0.1270477 0.1269034 0.2034104 0.9715219 0.1215307 -1.66394e-4 -0.1499803 -0.09174281 0.9844235 1.57505e-5 0 0 0 1 0.9676093 -0.2178493 0.1275688 0.1269032 0.2030918 0.9718746 0.11922 -1.66487e-4 -0.1499529 -0.08945024 0.9846385 1.53184e-5 0 0 0 1 0.9671434 -0.219719 0.1278966 0.1269037 0.2050921 0.9715764 0.1182227 -1.66416e-4 -0.1502371 -0.0881077 0.9847161 1.508e-5 0 0 0 1 0.965975 -0.2248008 0.1278936 0.1269047 0.2100399 0.9703926 0.1192537 -1.66215e-4 -0.1509153 -0.08833324 0.9845923 1.51247e-5 0 0 0 1 0.9639008 -0.2338068 0.1273967 0.126906 0.2185513 0.9680398 0.123022 -1.65802e-4 -0.1520884 -0.09073829 0.984193 1.55568e-5 0 0 0 1 0.9593868 -0.2520082 0.126762 0.1269093 0.2358585 0.9631044 0.1296178 -1.64967e-4 -0.1547498 -0.09445565 0.9834281 1.61827e-5 0 0 0 1 0.9514231 -0.2809388 0.125966 0.1269142 0.2634961 0.9546138 0.1388613 -1.63488e-4 -0.1592603 -0.0989241 0.982268 1.69724e-5 0 0 0 1 0.940693 -0.315694 0.1242326 0.1269201 0.296527 0.9430088 0.1510182 -1.61521e-4 -0.164828 -0.1052234 0.9806933 1.80453e-5 0 0 0 1 0.9283735 -0.3514621 0.1208198 0.1269263 0.3301224 0.9291735 0.1663005 -1.59144e-4 -0.1707109 -0.1145035 0.9786455 1.96546e-5 0 0 0 1 0.9162961 -0.3836088 0.1150914 0.1269316 0.3596687 0.9145805 0.1848809 -1.56641e-4 -0.1761823 -0.1280108 0.9759985 2.19494e-5 0 0 0 1 0.9068749 -0.4076938 0.1066008 0.126936 0.3808159 0.9011968 0.2069386 -1.54391e-4 -0.1804358 -0.1470721 0.9725288 2.5183e-5 0 0 0 1 0.9027562 -0.4209178 0.08865416 0.1269382 0.389503 0.8873533 0.2467625 -1.52037e-4 -0.1825342 -0.1882352 0.9650122 3.22312e-5 0 0 0 1 0.903189 -0.4246503 0.06262487 0.1269388 0.3884595 0.8706981 0.301635 -1.49146e-4 -0.1826168 -0.2481061 0.9513645 4.24981e-5 0 0 0 1 0.9054875 -0.422423 0.04063677 0.1269384 0.3836351 0.8557419 0.3471742 -1.46568e-4 -0.1814289 -0.2987722 0.9369198 5.12004e-5 0 0 0 1 0.9068651 -0.4200222 0.03431141 0.1269381 0.3807766 0.8515666 0.3603387 -1.45897e-4 -0.1805686 -0.3137136 0.9321904 5.37336e-5 0 0 0 1 0.9058864 -0.4199585 0.05481916 0.1269379 0.3844775 0.8697389 0.3094049 -1.49012e-4 -0.1776156 -0.2592089 0.9493491 4.44204e-5 0 0 0 1 0.9050878 -0.4142678 0.0959078 0.1269367 0.3878857 0.8967596 0.212996 -1.53586e-4 -0.1742435 -0.1555788 0.9723346 2.66731e-5 0 0 0 1 0.9068836 -0.3968541 0.1416651 0.1269341 0.3808274 0.9158023 0.1275804 -1.56865e-4 -0.180368 -0.06175047 0.981659 1.05798e-5 0 0 0 1 0.9124609 -0.3597387 0.1949451 0.1269276 0.3511744 0.933049 0.07807809 -1.59785e-4 -0.209981 -0.002783358 0.9777016 5.1409e-7 0 0 0 1 0.9162744 -0.3118379 0.2513928 0.1269196 0.3122558 0.9491847 0.03930014 -1.62601e-4 -0.2508735 0.04248917 0.967087 -7.27922e-6 0 0 0 1 0.9160951 -0.2806134 0.2864015 0.1269141 0.2930581 0.9560945 -6.15053e-4 -1.63764e-4 -0.2736543 0.08449584 0.9581093 -1.44616e-5 0 0 0 1 0.9141867 -0.2693085 0.302879 0.1269122 0.2975504 0.9533748 -0.05039852 -1.63287e-4 -0.2751845 0.1361956 0.9516955 -2.32905e-5 0 0 0 1 0.9113877 -0.2614141 0.3178601 0.1269106 0.3087683 0.9449675 -0.1081603 -1.61842e-4 -0.2720929 0.196721 0.941948 -3.36617e-5 0 0 0 1 0.9085 -0.2566167 0.3298116 0.1269102 0.3237336 0.9312632 -0.1671692 -1.59547e-4 -0.264243 0.2586444 0.9291281 -4.43011e-5 0 0 0 1 0.9062105 -0.2549889 0.3372883 0.1269097 0.3395152 0.9142669 -0.2210106 -1.56581e-4 -0.2520162 0.3147967 0.9150907 -5.38677e-5 0 0 0 1 0.9051055 -0.2568526 0.3388375 0.12691 0.3534381 0.8975021 -0.2637637 -1.5372e-4 -0.2363589 0.3584921 0.9031157 -6.14077e-5 0 0 0 1 0.905687 -0.2625243 0.3328847 0.1269111 0.3632238 0.8854383 -0.2899442 -1.51664e-4 -0.2186314 0.3835104 0.8972849 -6.56992e-5 0 0 0 1 0.9083957 -0.2719347 0.3175989 0.1269125 0.3670095 0.8825002 -0.294105 -1.51113e-4 -0.2003037 0.3837256 0.9014618 -6.56694e-5 0 0 0 1 0.9136828 -0.2871604 0.2876156 0.1269152 0.3648607 0.8913015 -0.2691805 -1.52677e-4 -0.1790543 0.3508852 0.9191406 -6.00815e-5 0 0 0 1 0.9204871 -0.3070161 0.2417529 0.1269186 0.3596879 0.9074687 -0.2170833 -1.55449e-4 -0.1527351 0.286778 0.9457433 -4.91142e-5 0 0 0 1 0.9271399 -0.3260889 0.1846018 0.1269218 0.3539557 0.9238262 -0.1458112 -1.58235e-4 -0.1229925 0.2005282 0.971937 -3.43025e-5 0 0 0 1 0.9324122 -0.3402643 0.1217697 0.1269243 0.3495243 0.9347047 -0.06449842 -1.60113e-4 -0.09187215 0.1027006 0.9904605 -1.76132e-5 0 0 0 1 0.9356896 -0.3477185 0.05981141 0.1269255 0.3473594 0.9375846 0.01663327 -1.60612e-4 -0.06186217 0.005212366 0.998071 -8.64267e-7 0 0 0 1 0.9370175 -0.3492371 0.005640923 0.1269259 0.347457 0.9336476 0.08703875 -1.59934e-4 -0.03566384 -0.07959669 0.996189 1.36495e-5 0 0 0 1 0.9369742 -0.3477307 -0.03409594 0.1269255 0.349036 0.9270918 0.1366547 -1.58817e-4 -0.01590907 -0.1399427 0.9900317 2.39313e-5 0 0 0 1</float_array>
        <technique_common>
          <accessor source="#node-Bip01_Spine2_matrix-output-array" count="76" stride="16">
            <param name="TRANSFORM" type="float4x4"/>
          </accessor>
        </technique_common>
      </source>
      <source id="node-Bip01_Spine2_matrix-interpolation">
