<?xml version="1.0" encoding="utf-8"?>
<COLLADA xmlns="http://www.collada.org/2005/11/COLLADASchema" version="1.4.1">
  <asset>
    <contributor>
      <author>MattO</author>
      <authoring_tool>OpenCOLLADA for 3ds Max;  Version: 1.3.0;  Revision: 839M;  Platform: x64;  Configuration: Release_Max2012</authoring_tool>
      <source_data>file:///C:/Dropbox/Prj/GGStout/Ryder/TP_Soldier_Ryder_Animation_Master.max</source_data>
    </contributor>
    <created>2011-09-29T18:37:55</created>
    <modified>2011-09-29T18:37:55</modified>
    <unit name="meter" meter="1"/>
    <up_axis>Z_UP</up_axis>
  </asset>
  <library_effects>
    <effect id="ShapeBounds">
      <profile_COMMON>
        <technique sid="common">
          <blinn>
            <emission>
              <color>0 0 0 1</color>
            </emission>
            <ambient>
              <color>0.1647059 1 0 1</color>
            </ambient>
            <diffuse>
              <color>0.1647059 1 0 1</color>
            </diffuse>
            <specular>
              <color>0.9 0.9 0.9 1</color>
            </specular>
            <shininess>
              <float>10</float>
            </shininess>
            <reflective>
              <color>0 0 0 1</color>
            </reflective>
            <transparent opaque="A_ONE">
              <color>1 1 1 1</color>
            </transparent>
            <transparency>
              <float>1</float>
            </transparency>
          </blinn>
        </technique>
      </profile_COMMON>
      <extra>
        <technique profile="OpenCOLLADA3dsMax">
          <extended_shader>
            <apply_reflection_dimming>0</apply_reflection_dimming>
            <dim_level>0</dim_level>
            <falloff_type>0</falloff_type>
            <index_of_refraction>1.5</index_of_refraction>
            <opacity_type>0</opacity_type>
            <reflection_level>3</reflection_level>
            <wire_size>1</wire_size>
            <wire_units>0</wire_units>
          </extended_shader>
          <shader>
            <ambient_diffuse_lock>1</ambient_diffuse_lock>
            <ambient_diffuse_texture_lock>1</ambient_diffuse_texture_lock>
            <diffuse_specular_lock>0</diffuse_specular_lock>
            <soften>0.1</soften>
            <use_self_illum_color>0</use_self_illum_color>
          </shader>
        </technique>
      </extra>
    </effect>
  </library_effects>
  <library_materials>
    <material id="ShapeBounds-material" name="ShapeBounds">
      <instance_effect url="#ShapeBounds"/>
    </material>
  </library_materials>
  <library_geometries>
    <geometry id="geom-Bounds" name="Bounds">
      <mesh>
        <source id="geom-Bounds-positions">
          <float_array id="geom-Bounds-positions-array" count="24">-0.425 -0.425 0 0.425 -0.425 0 -0.425 0.425 0 0.425 0.425 0 -0.425 -0.425 1.84 0.425 -0.425 1.84 -0.425 0.425 1.84 0.425 0.425 1.84</float_array>
          <technique_common>
            <accessor source="#geom-Bounds-positions-array" count="8" stride="3">
              <param name="X" type="float"/>
              <param name="Y" type="float"/>
              <param name="Z" type="float"/>
            </accessor>
          </technique_common>
        </source>
        <source id="geom-Bounds-normals">
          <float_array id="geom-Bounds-normals-array" count="72">0 0 -1 0 0 -1 0 0 -1 0 0 -1 0 0 1 0 0 1 0 0 1 0 0 1 0 -1 0 0 -1 0 0 -1 0 0 -1 0 1 0 0 1 0 0 1 0 0 1 0 0 0 1 0 0 1 0 0 1 0 0 1 0 -1 0 0 -1 0 0 -1 0 0 -1 0 0</float_array>
          <technique_common>
            <accessor source="#geom-Bounds-normals-array" count="24" stride="3">
              <param name="X" type="float"/>
              <param name="Y" type="float"/>
              <param name="Z" type="float"/>
            </accessor>
          </technique_common>
        </source>
        <source id="geom-Bounds-map1">
          <float_array id="geom-Bounds-map1-array" count="36">0 0 0 1 0 0 0 1 0 1 1 0 0 0 0 1 0 0 0 1 0 1 1 0 0 0 0 1 0 0 0 1 0 1 1 0</float_array>
          <technique_common>
            <accessor source="#geom-Bounds-map1-array" count="12" stride="3">
              <param name="S" type="float"/>
              <param name="T" type="float"/>
              <param name="P" type="float"/>
            </accessor>
          </technique_common>
        </source>
        <vertices id="geom-Bounds-vertices">
          <input semantic="POSITION" source="#geom-Bounds-positions"/>
        </vertices>
        <triangles material="ShapeBounds" count="12">
          <input semantic="VERTEX" source="#geom-Bounds-vertices" offset="0"/>
          <input semantic="NORMAL" source="#geom-Bounds-normals" offset="1"/>
          <input semantic="TEXCOORD" source="#geom-Bounds-map1" offset="2" set="0"/>
          <p>0 0 9 2 1 11 3 2 10 3 2 10 1 3 8 0 0 9 4 4 8 5 5 9 7 6 11 7 6 11 6 7 10 4 4 8 0 8 4 1 9 5 5 10 7 5 10 7 4 11 6 0 8 4 1 12 0 3 13 1 7 14 3 7 14 3 5 15 2 1 12 0 3 16 4 2 17 5 6 18 7 6 18 7 7 19 6 3 16 4 2 20 0 0 21 1 4 22 3 4 22 3 6 23 2 2 20 0</p>
        </triangles>
      </mesh>
      <extra>
        <technique profile="OpenCOLLADA3dsMax">
          <max_box>
            <generateuvs>1</generateuvs>
            <height>1.84</height>
            <heightsegments>1</heightsegments>
            <length>0.85</length>
            <lengthsegments>1</lengthsegments>
            <width>0.85</width>
            <widthsegments>1</widthsegments>
          </max_box>
        </technique>
      </extra>
    </geometry>
  </library_geometries>
  <library_lights>
    <light id="EnvironmentAmbientLight" name="EnvironmentAmbientLight">
      <technique_common>
        <ambient>
          <color>0 0 0</color>
        </ambient>
      </technique_common>
    </light>
  </library_lights>
  <library_visual_scenes>
    <visual_scene id="MaxScene">
      <node name="EnvironmentAmbientLight">
        <instance_light url="#EnvironmentAmbientLight"/>
      </node>
      <node id="node-Bip01" name="Bip01">
        <matrix sid="matrix">0.7792375 -0.6267175 0.003750234 -8.10623e-5 0.626718 0.7792453 0.001183394 0.009366653 -0.003664005 0.001428194 0.9999923 0.8041399 0 0 0 1</matrix>
        <node id="node-Bip01_Pelvis" name="Bip01_Pelvis">
          <matrix sid="matrix">-0.009626728 0.991236 0.1317526 0 -0.1217413 -0.1319404 0.9837535 0 0.9925151 -0.0065694 0.1219445 0 0 0 0 1</matrix>
          <node id="node-Bip01_Spine" name="Bip01_Spine">
            <matrix sid="matrix">0.9142388 -0.1596023 -0.3724171 0.1975123 0.1756539 0.9844077 0.009333367 0.02499344 0.3651206 -0.07394945 0.9280186 0.02780972 0 0 0 1</matrix>
            <node id="node-Bip01_Spine1" name="Bip01_Spine1">
              <matrix sid="matrix">0.9850423 0.02363096 -0.1706854 0.1022274 -0.01319334 0.9979873 0.06202873 -1.00806e-4 0.1718076 -0.05884897 0.9833714 5.94556e-6 0 0 0 1</matrix>
              <node id="node-Bip01_Spine2" name="Bip01_Spine2">
                <matrix>0.9369742 -0.3477308 -0.03409591 0.1269256 0.3490359 0.9270917 0.1366548 -1.58794e-4 -0.01590914 -0.1399427 0.9900318 2.39611e-5 0 0 0 1</matrix>
                <node id="node-Bip01_Neck" name="Bip01_Neck">
                  <matrix>0.8407079 -0.4308255 0.3280236 0.2151071 0.4136219 0.9019011 0.1244632 -4.96805e-5 -0.3494667 0.03104061 0.9364344 -1.63913e-6 0 0 0 1</matrix>
                  <node id="node-Bip01_Head" name="Bip01_Head">
                    <matrix sid="matrix">0.9475711 -0.06889541 -0.3120293 0.07051814 -0.2855058 0.2560083 -0.923551 -0.01395905 0.1435106 0.9642163 0.2229159 0 0 0 0 1</matrix>
                    <node id="node-ALTEYE" name="ALTEYE">
                      <matrix>0.4506336 0.3792481 0.8081469 0.06454706 0.04412796 0.8947044 -0.4444743 0.2214611 -0.891618 0.2359566 0.3864483 0.04716259 0 0 0 1</matrix>
                    </node>
                  </node>
                  <node id="node-Bip01_L_Clavicle" name="Bip01_L_Clavicle">
                    <matrix>-0.5778345 -0.4531804 0.6787746 -0.04690337 0.283809 -0.8913432 -0.3534967 -0.01204771 0.7652189 -0.01162021 0.6436654 0.05588402 0 0 0 1</matrix>
                    <node id="node-Bip01_L_UpperArm" name="Bip01_L_UpperArm">
                      <matrix sid="matrix">0.9495989 0.1279878 0.2861489 0.1824006 -0.3039868 0.598803 0.7409637 -5.96046e-8 -0.07651249 -0.7906038 0.6075293 -5.96046e-8 0 0 0 1</matrix>
                      <node id="node-Bip01_L_Forearm" name="Bip01_L_Forearm">
                        <matrix sid="matrix">-0.619219 0.7852183 0 0.2843689 -0.7852184 -0.619219 -2.98023e-8 0 -2.98023e-8 -4.47035e-8 1 5.96046e-8 0 0 0 1</matrix>
                        <node id="node-Bip01_L_Hand" name="Bip01_L_Hand">
                          <matrix sid="matrix">0.8445935 0.5014257 -0.187707 0.2810681 0.3764451 -0.8054422 -0.4577684 -5.96046e-8 -0.380724 0.315967 -0.8690304 -1.19209e-7 0 0 0 1</matrix>
                          <node id="node-Bip01_L_Finger0" name="Bip01_L_Finger0">
                            <matrix>0.6413841 0.3141903 0.6999362 0.02119684 0.7352948 0.008702874 -0.6776913 -0.004734278 -0.2190156 0.94932 -0.2254407 -0.02572179 0 0 0 1</matrix>
                            <node id="node-Bip01_L_Finger01" name="Bip01_L_Finger01">
                              <matrix>0.9975641 -0.06975643 -2.98023e-8 0.04982865 0.06975645 0.9975642 -2.98023e-8 -1.19209e-7 -2.98023e-8 0 1 0 0 0 0 1</matrix>
                              <node id="node-Bip01_L_Finger02" name="Bip01_L_Finger02">
                                <matrix>0.9203135 0.3911815 0 0.05202222 -0.3911814 0.9203135 7.45058e-8 5.96046e-8 2.98023e-8 7.45058e-9 1 2.98023e-8 0 0 0 1</matrix>
                              </node>
                            </node>
                          </node>
                          <node id="node-Bip01_L_Finger1" name="Bip01_L_Finger1">
                            <matrix>0.9592716 -0.2819768 -0.01693498 0.1199946 0.2798395 0.9567645 -0.07931916 -0.008367598 0.03856897 0.07134953 0.9967054 -0.04101384 0 0 0 1</matrix>
                            <node id="node-Bip01_L_Finger11" name="Bip01_L_Finger11">
                              <matrix>0.7001772 -0.7139691 0 0.03644168 0.7139691 0.7001771 -2.98023e-8 -1.19209e-7 -8.9407e-8 4.28408e-8 1 -5.96046e-8 0 0 0 1</matrix>
                              <node id="node-Bip01_L_Finger12" name="Bip01_L_Finger12">
                                <matrix>0.8757258 -0.4828087 -2.98023e-8 0.03117573 0.4828088 0.8757258 -9.31323e-9 2.98023e-8 2.98023e-8 2.23517e-8 1 -1.19209e-7 0 0 0 1</matrix>
                              </node>
                            </node>
                          </node>
                          <node id="node-Bip01_L_Finger2" name="Bip01_L_Finger2">
                            <matrix sid="matrix">0.9066654 -0.4205882 -0.03260919 0.1229538 0.4217875 0.9024836 0.08728343 -0.008802056 -0.007281095 -0.09289104 0.9956495 -0.0132823 0 0 0 1</matrix>
                            <node id="node-Bip01_L_Finger21" name="Bip01_L_Finger21">
                              <matrix>0.8156037 -0.5786111 0 0.03895521 0.5786111 0.8156036 0 0 -1.49012e-8 -2.42144e-8 1 -5.96046e-8 0 0 0 1</matrix>
                              <node id="node-Bip01_L_Finger22" name="Bip01_L_Finger22">
                                <matrix>0.9762961 -0.2164397 -1.49012e-8 0.03800535 0.2164396 0.9762961 3.35276e-8 1.49012e-8 2.98023e-8 -1.86265e-9 1 1.19209e-7 0 0 0 1</matrix>
                              </node>
                            </node>
                          </node>
                          <node id="node-Bip01_L_Finger3" name="Bip01_L_Finger3">
                            <matrix sid="matrix">0.9367907 -0.338013 -0.09038844 0.1211882 0.3480915 0.9264979 0.1429455 -0.001191378 0.0354273 -0.1653736 0.9855943 0.01196867 0 0 0 1</matrix>
                            <node id="node-Bip01_L_Finger31" name="Bip01_L_Finger31">
                              <matrix>0.9381478 -0.3462351 0 0.03155857 0.3462351 0.9381477 2.23517e-8 1.19209e-7 1.49012e-8 7.45058e-9 1 -5.96046e-8 0 0 0 1</matrix>
                              <node id="node-Bip01_L_Finger32" name="Bip01_L_Finger32">
                                <matrix sid="matrix">0.8922837 -0.451475 0 0.03366601 0.4514751 0.8922837 0 -5.96046e-8 1.49012e-8 3.21306e-8 1 0 0 0 0 1</matrix>
                              </node>
                            </node>
                          </node>
                          <node id="node-Bip01_L_Finger4" name="Bip01_L_Finger4">
                            <matrix sid="matrix">0.9820985 -0.1883418 0.003122147 0.1136796 0.1857741 0.9711842 0.1492954 0.005147398 -0.03115074 -0.1460428 0.9887876 0.0388658 0 0 0 1</matrix>
                            <node id="node-Bip01_L_Finger41" name="Bip01_L_Finger41">
                              <matrix sid="matrix">0.8499687 -0.5268332 1.11759e-8 0.03661621 0.5268332 0.8499687 -7.45058e-9 0 2.98023e-8 -7.45058e-9 1 -1.19209e-7 0 0 0 1</matrix>
                              <node id="node-Bip01_L_Finger42" name="Bip01_L_Finger42">
                                <matrix sid="matrix">0.9624562 -0.2714371 -1.49012e-8 0.0177263 0.2714372 0.9624562 -3.72529e-9 -2.98023e-8 0 -2.6077e-8 1 0 0 0 0 1</matrix>
                              </node>
                            </node>
                          </node>
                        </node>
                      </node>
                    </node>
                  </node>
                  <node id="node-Bip01_R_Clavicle" name="Bip01_R_Clavicle">
                    <matrix>0.2073931 -0.1669673 -0.9639035 8.67009e-4 0.5679266 -0.7817281 0.2576057 -0.01629037 -0.7965221 -0.6008521 -0.06729984 -0.07212144 0 0 0 1</matrix>
                    <node id="node-Bip01_R_UpperArm" name="Bip01_R_UpperArm">
                      <matrix sid="matrix">-0.23343 0.9286885 -0.288181 0.1824007 -0.9698443 -0.2437254 1.59174e-4 5.96046e-8 -0.07008928 0.2795278 0.9575759 0 0 0 0 1</matrix>
                      <node id="node-Bip01_R_Forearm" name="Bip01_R_Forearm">
                        <matrix>0.5407855 0.8411607 2.98023e-8 0.284369 -0.8411607 0.5407854 -2.98023e-8 1.19209e-7 -8.9407e-8 -5.96046e-8 1 1.19209e-7 0 0 0 1</matrix>
                        <node id="node-Bip01_R_Hand" name="Bip01_R_Hand">
                          <matrix>0.970637 0.2201094 0.09703485 0.281068 0.2283399 -0.7161989 -0.6594849 -5.96046e-8 -0.07566257 0.6622773 -0.7454287 0 0 0 0 1</matrix>
                          <node id="node-Bip01_R_Finger0" name="Bip01_R_Finger0">
                            <matrix>0.5215105 0.269013 -0.8097275 0.02119672 0.7250716 0.3605265 0.5867639 -0.004734218 0.4497753 -0.893114 -0.007035486 0.02572179 0 0 0 1</matrix>
                            <node id="node-Bip01_R_Finger01" name="Bip01_R_Finger01">
                              <matrix>0.6423535 -0.7636236 0.06527573 0.04982859 0.7605615 0.6456373 0.06854742 -2.38419e-7 -0.09448884 0.005614458 0.99551 0 0 0 0 1</matrix>
                              <node id="node-Bip01_R_Finger02" name="Bip01_R_Finger02">
                                <matrix>0.9505157 -0.3106764 -3.91155e-8 0.05202246 0.3106765 0.9505157 3.35276e-8 1.19209e-7 1.86265e-8 6.70552e-8 1 -5.96046e-8 0 0 0 1</matrix>
                              </node>
                            </node>
                          </node>
                          <node id="node-Bip01_R_Finger1" name="Bip01_R_Finger1">
                            <matrix>0.9820224 -0.1733427 -0.0747267 0.1199946 0.1795577 0.9799358 0.08651489 -0.008367568 0.05823065 -0.09837732 0.9934441 0.04101384 0 0 0 1</matrix>
                            <node id="node-Bip01_R_Finger11" name="Bip01_R_Finger11">
                              <matrix>0.8240547 -0.5665103 7.45058e-9 0.03644168 0.5665102 0.8240547 0 -5.96046e-8 -2.32831e-8 0 1 0 0 0 0 1</matrix>
                              <node id="node-Bip01_R_Finger12" name="Bip01_R_Finger12">
                                <matrix>0.8146398 -0.5796778 0.01831833 0.03117552 0.5799672 0.8142334 -0.02573048 0 -7.45058e-9 0.03158511 0.999501 0 0 0 0 1</matrix>
                              </node>
                            </node>
                          </node>
                          <node id="node-Bip01_R_Finger2" name="Bip01_R_Finger2">
                            <matrix>0.6754013 -0.7374504 -1.5212e-4 0.1229538 0.7368312 0.6748427 -0.04082684 -0.008802027 0.03021043 0.02746241 0.9991662 0.0132823 0 0 0 1</matrix>
                            <node id="node-Bip01_R_Finger21" name="Bip01_R_Finger21">
                              <matrix>0.5508358 -0.8338858 -0.0348487 0.03895515 0.832222 0.551937 -0.05265062 -5.96046e-8 0.0631389 -9.31323e-9 0.9980047 -1.19209e-7 0 0 0 1</matrix>
                              <node id="node-Bip01_R_Finger22" name="Bip01_R_Finger22">
                                <matrix>0.1984735 -0.9799248 0.01886613 0.0380054 0.9755273 0.1993681 0.09272986 0 -0.09462959 0 0.9955127 1.19209e-7 0 0 0 1</matrix>
                              </node>
                            </node>
                          </node>
                          <node id="node-Bip01_R_Finger3" name="Bip01_R_Finger3">
                            <matrix>0.7159052 -0.6949215 0.06755453 0.1211882 0.6883785 0.6863561 -0.234627 -0.001191229 0.1166809 0.2144738 0.9697353 -0.01196885 0 0 0 1</matrix>
                            <node id="node-Bip01_R_Finger31" name="Bip01_R_Finger31">
                              <matrix>0.4441952 -0.8949344 0.04222354 0.03155842 0.8909185 0.4461976 0.08468728 0 -0.09462957 1.49012e-8 0.9955126 -1.19209e-7 0 0 0 1</matrix>
                              <node id="node-Bip01_R_Finger32" name="Bip01_R_Finger32">
                                <matrix>0.199368 -0.9794359 -0.03095105 0.03366591 0.9799247 0.1992686 0.006297072 -5.96046e-8 -9.31323e-9 -0.03158513 0.9995011 0 0 0 0 1</matrix>
                              </node>
                            </node>
                          </node>
                          <node id="node-Bip01_R_Finger4" name="Bip01_R_Finger4">
                            <matrix>0.5925789 -0.789795 -0.1583476 0.1136795 0.7783522 0.6120424 -0.1399001 0.005147427 0.2074078 -0.0403483 0.977422 -0.0388658 0 0 0 1</matrix>
                            <node id="node-Bip01_R_Finger41" name="Bip01_R_Finger41">
                              <matrix>0.4202555 -0.9064696 0.0412062 0.03661621 0.906853 0.421151 0.0157878 0 -0.03166522 0.03073305 0.9990259 0 0 0 0 1</matrix>
                              <node id="node-Bip01_R_Finger42" name="Bip01_R_Finger42">
                                <matrix>0.402447 -0.9138246 -0.05441484 0.01772621 0.915423 0.4021218 0.01728319 -5.96046e-8 0.006087616 -0.05676816 0.9983687 -2.38419e-7 0 0 0 1</matrix>
                              </node>
                            </node>
                          </node>
                          <node id="node-MOUNT0" name="MOUNT0">
                            <matrix>-6.33707e-7 1 5.58794e-9 0.109539 -1 -6.52188e-7 4.73112e-7 0.0251826 4.74975e-7 7.45058e-9 1 0.01321661 0 0 0 1</matrix>
                          </node>
                        </node>
                      </node>
                    </node>
                  </node>
                </node>
                <node id="node-Bip01_L_Pauldron_Upper" name="Bip01_L_Pauldron_Upper">
                  <matrix>0.9726267 0.1182922 0.2000107 0.176903 0.1448454 -0.9816832 -0.1237684 -0.03908369 0.181706 0.1493511 -0.9719452 0.2290199 0 0 0 1</matrix>
                </node>
                <node id="node-Bip01_R_Pauldron_Lower" name="Bip01_R_Pauldron_Lower">
                  <matrix>-0.1156723 -0.9403758 -0.3198653 0.172906 0.909775 -0.2295501 0.3458563 -0.1133294 -0.3986598 -0.2509995 0.8820826 -0.2351094 0 0 0 1</matrix>
                </node>
                <node id="node-Bip01_L_Pauldron_Lower" name="Bip01_L_Pauldron_Lower">
                  <matrix>-0.2099968 -0.7687199 0.6041282 0.1529202 0.4002343 -0.6313505 -0.6642357 -0.1054225 0.8920279 0.1023054 0.4402497 0.2344801 0 0 0 1</matrix>
                </node>
              </node>
            </node>
            <node id="node-Bip01_L_Thigh" name="Bip01_L_Thigh">
              <matrix sid="matrix">-0.5620559 0.826076 -0.04113143 -0.1485698 0.4835209 0.3685173 0.7939792 -4.51192e-4 0.6710446 0.4263727 -0.6065522 0.1658256 0 0 0 1</matrix>
              <node id="node-Bip01_L_Calf" name="Bip01_L_Calf">
                <matrix sid="matrix">0.5122988 0.8588073 -1.86265e-9 0.4629987 -0.8588071 0.5122988 9.31323e-10 5.96046e-8 5.7742e-8 -9.12696e-8 0.9999999 0 0 0 0 1</matrix>
                <node id="node-Bip01_L_Foot" name="Bip01_L_Foot">
                  <matrix sid="matrix">0.8140749 0.576306 -0.07179186 0.3610502 -0.5642482 0.8141303 0.1371719 0 0.1375007 -0.07115968 0.9879423 7.45058e-9 0 0 0 1</matrix>
                  <node id="node-Bip01_L_Toe0" name="Bip01_L_Toe0">
                    <matrix sid="matrix">4.47035e-7 -1 1.38907e-6 0.1486306 1 4.47035e-7 2.18861e-8 0.1543275 -2.23517e-8 1.38953e-6 1 -3.72529e-9 0 0 0 1</matrix>
                  </node>
                </node>
              </node>
            </node>
            <node id="node-Bip01_R_Thigh" name="Bip01_R_Thigh">
              <matrix sid="matrix">-0.9065015 0.4213504 -0.0268158 -0.2416654 0.3850639 0.8511403 0.356772 0.01840353 0.17315 0.3130886 -0.9338068 -0.07079412 0 0 0 1</matrix>
              <node id="node-Bip01_R_Calf" name="Bip01_R_Calf">
                <matrix sid="matrix">0.7818699 0.6234417 -1.49012e-8 0.4629988 -0.6234415 0.7818699 1.49012e-8 -1.49012e-8 -2.98023e-8 3.72529e-8 0.9999999 0 0 0 0 1</matrix>
                <node id="node-Bip01_R_Foot" name="Bip01_R_Foot">
                  <matrix sid="matrix">0.7349802 0.6750681 0.06393219 0.3610502 -0.6771921 0.7355851 0.01803267 2.23517e-8 -0.03485417 -0.05654802 0.9977911 1.49012e-8 0 0 0 1</matrix>
                  <node id="node-Bip01_R_Toe0" name="Bip01_R_Toe0">
                    <matrix sid="matrix">-0.1805803 -0.9786913 0.09774528 0.1486307 0.9833316 -0.1817874 -0.003513992 0.1543275 0.02120797 0.09548151 0.9952053 2.98023e-8 0 0 0 1</matrix>
                  </node>
                </node>
              </node>
            </node>
          </node>
          <node id="node-Bip01_FannyPack" name="Bip01_FannyPack">
            <matrix>-0.9629918 -0.2062316 0.1735378 0.2299507 -0.2083318 0.9780384 0.006227053 -0.1378937 -0.1710108 -0.03015685 -0.9848076 0.01013962 0 0 0 1</matrix>
          </node>
        </node>
        <node id="node-EYE" name="EYE">
          <matrix sid="matrix">0.7792377 0.6267179 -0.003664042 0.05941326 -0.6267175 0.7792451 0.001428224 0.07234287 0.003750281 0.001183214 0.999992 0.766255 0 0 0 1</matrix>
          <node id="node-CAM" name="CAM">
            <matrix>1 -6.03104e-8 3.55271e-15 4.84288e-8 6.03104e-8 1 -2.32831e-9 -0.104 -3.55271e-15 2.32832e-9 1 0.3005601 0 0 0 1</matrix>
          </node>
        </node>
      </node>
      <node id="node-Bounds" name="Bounds">
        <matrix>0.9999915 0.001706907 0.003750479 0 -0.001711356 0.9999978 0.001183292 0.1035326 -0.003748452 -0.0011897 0.9999923 -8.93474e-5 0 0 0 1</matrix>
        <instance_geometry url="#geom-Bounds">
          <bind_material>
            <technique_common>
              <instance_material symbol="ShapeBounds" target="#ShapeBounds-material"/>
            </technique_common>
          </bind_material>
        </instance_geometry>
      </node>
    </visual_scene>
  </library_visual_scenes>
  <library_animations>
    <animation>
      <source id="node-Bip01_matrix-input">
        <float_array id="node-Bip01_matrix-input-array" count="60">47.33333 47.36666 47.4 47.43333 47.46667 47.5 47.53333 47.56667 47.6 47.63334 47.66667 47.7 47.73333 47.76667 47.8 47.83333 47.86666 47.9 47.93333 47.96667 48 48.03333 48.06667 48.1 48.13334 48.16667 48.2 48.23333 48.26667 48.3 48.33333 48.36666 48.4 48.43333 48.46667 48.5 48.53333 48.56667 48.6 48.63334 48.66667 48.7 48.73333 48.76667 48.8 48.83333 48.86666 48.9 48.93333 48.96667 49 49.03333 49.06667 49.1 49.13334 49.16667 49.2 49.23333 49.26667 49.3</float_array>
        <technique_common>
          <accessor source="#node-Bip01_matrix-input-array" count="60" stride="1">
            <param name="TIME" type="float"/>
          </accessor>
        </technique_common>
      </source>
      <source id="node-Bip01_matrix-output">
        <float_array id="node-Bip01_matrix-output-array" count="960">0.7792375 -0.6267175 0.003750205 -8.10623e-5 0.626718 0.7792453 0.00118339 0.009366631 -0.003663957 0.001428186 0.9999923 0.8041399 0 0 0 1 0.7792375 -0.6267175 0.003750205 -8.10623e-5 0.626718 0.7792453 0.00118339 0.009366631 -0.003663957 0.001428186 0.9999923 0.8070518 0 0 0 1 0.7792375 -0.6267175 0.003750205 -8.10623e-5 0.626718 0.7792453 0.00118339 0.009366631 -0.003663957 0.001428186 0.9999923 0.8102074 0 0 0 1 0.7792375 -0.6267176 0.003750205 -8.10623e-5 0.6267181 0.7792452 0.00118339 0.009366631 -0.003663957 0.001428186 0.9999923 0.8135831 0 0 0 1 0.7792375 -0.6267176 0.003750205 -8.10623e-5 0.6267181 0.7792452 0.00118339 0.009366631 -0.003663957 0.001428186 0.9999923 0.8171564 0 0 0 1 0.7792375 -0.6267175 0.003750205 -8.10623e-5 0.626718 0.7792453 0.00118339 0.009366631 -0.003663957 0.001428186 0.9999923 0.8209043 0 0 0 1 0.7792375 -0.6267176 0.003750205 -8.10623e-5 0.6267181 0.7792452 0.00118339 0.009366631 -0.003663957 0.001428186 0.9999923 0.8248035 0 0 0 1 0.7792375 -0.6267175 0.003750205 -8.10623e-5 0.626718 0.7792453 0.00118339 0.009366631 -0.003663957 0.001428186 0.9999923 0.8288313 0 0 0 1 0.7792375 -0.6267175 0.003750205 -8.10623e-5 0.626718 0.7792453 0.00118339 0.009366631 -0.003663957 0.001428186 0.9999923 0.8329666 0 0 0 1 0.7792375 -0.6267175 0.003750205 -8.10623e-5 0.626718 0.7792453 0.00118339 0.009366631 -0.003663957 0.001428186 0.9999923 0.8371826 0 0 0 1 0.7792375 -0.6267175 0.003750205 -8.10623e-5 0.626718 0.7792453 0.00118339 0.009366631 -0.003663957 0.001428186 0.9999923 0.8414582 0 0 0 1 0.7792375 -0.6267176 0.003750205 -8.10623e-5 0.6267181 0.7792452 0.00118339 0.009366631 -0.003663957 0.001428186 0.9999923 0.8457703 0 0 0 1 0.7792375 -0.6267176 0.003750205 -8.10623e-5 0.6267181 0.7792452 0.00118339 0.009366631 -0.003663957 0.001428186 0.9999923 0.8500961 0 0 0 1 0.7792375 -0.6267175 0.003750205 -8.10623e-5 0.626718 0.7792453 0.00118339 0.009366631 -0.003663957 0.001428186 0.9999923 0.8544124 0 0 0 1 0.7792375 -0.6267175 0.003750205 -8.10623e-5 0.626718 0.7792453 0.00118339 0.009366631 -0.003663957 0.001428186 0.9999923 0.8586966 0 0 0 1 0.7792375 -0.6267175 0.003750205 -8.10623e-5 0.626718 0.7792453 0.00118339 0.009366631 -0.003663957 0.001428186 0.9999923 0.8629255 0 0 0 1 0.7792375 -0.6267175 0.003750205 -8.10623e-5 0.626718 0.7792453 0.00118339 0.009366631 -0.003663957 0.001428186 0.9999923 0.867076 0 0 0 1 0.7792375 -0.6267175 0.003750205 -8.10623e-5 0.626718 0.7792453 0.00118339 0.009366631 -0.003663957 0.001428186 0.9999923 0.8711254 0 0 0 1 0.7792375 -0.6267176 0.003750205 -8.10623e-5 0.6267181 0.7792452 0.00118339 0.009366631 -0.003663957 0.001428186 0.9999923 0.8750504 0 0 0 1 0.7792375 -0.6267175 0.003750205 -8.10623e-5 0.626718 0.7792453 0.00118339 0.009366631 -0.003663957 0.001428186 0.9999923 0.8788283 0 0 0 1 0.7792375 -0.6267175 0.003750205 -8.10623e-5 0.626718 0.7792453 0.00118339 0.009366631 -0.003663957 0.001428186 0.9999923 0.8824359 0 0 0 1 0.7792375 -0.6267175 0.003750205 -8.10623e-5 0.626718 0.7792453 0.00118339 0.009366631 -0.003663957 0.001428186 0.9999923 0.8858506 0 0 0 1 0.7792375 -0.6267175 0.003750205 -8.10623e-5 0.626718 0.7792453 0.00118339 0.009366631 -0.003663957 0.001428186 0.9999923 0.889049 0 0 0 1 0.7792375 -0.6267175 0.003750205 -8.10623e-5 0.626718 0.7792453 0.00118339 0.009366631 -0.003663957 0.001428186 0.9999923 0.8920083 0 0 0 1 0.7792375 -0.6267175 0.003750205 -8.10623e-5 0.626718 0.7792453 0.00118339 0.009366631 -0.003663957 0.001428186 0.9999923 0.8947068 0 0 0 1 0.7792375 -0.6267175 0.003750205 -8.10623e-5 0.626718 0.7792453 0.00118339 0.009366631 -0.003663957 0.001428186 0.9999923 0.8971188 0 0 0 1 0.7792375 -0.6267175 0.003750205 -8.10623e-5 0.626718 0.7792453 0.00118339 0.009366631 -0.003663957 0.001428186 0.9999923 0.8992227 0 0 0 1 0.7792375 -0.6267175 0.003750205 -8.10623e-5 0.626718 0.7792453 0.00118339 0.009366631 -0.003663957 0.001428186 0.9999923 0.9009957 0 0 0 1 0.7792375 -0.6267175 0.003750205 -8.10623e-5 0.626718 0.7792453 0.00118339 0.009366631 -0.003663957 0.001428186 0.9999923 0.9024148 0 0 0 1 0.7792375 -0.6267175 0.003750205 -8.10623e-5 0.626718 0.7792453 0.00118339 0.009366631 -0.003663957 0.001428186 0.9999923 0.9034567 0 0 0 1 0.7792375 -0.6267175 0.003750205 -8.10623e-5 0.626718 0.7792453 0.00118339 0.009366631 -0.003663957 0.001428186 0.9999923 0.9040989 0 0 0 1 0.7792375 -0.6267175 0.003750205 -8.10623e-5 0.626718 0.7792453 0.00118339 0.009366631 -0.003663957 0.001428186 0.9999923 0.9043179 0 0 0 1 0.7792375 -0.6267175 0.003750205 -8.10623e-5 0.626718 0.7792453 0.00118339 0.009366631 -0.003663957 0.001428186 0.9999923 0.9040669 0 0 0 1 0.7792375 -0.6267175 0.003750205 -8.10623e-5 0.626718 0.7792453 0.00118339 0.009366631 -0.003663957 0.001428186 0.9999923 0.9033325 0 0 0 1 0.7792375 -0.6267175 0.003750205 -8.10623e-5 0.626718 0.7792453 0.00118339 0.009366631 -0.003663957 0.001428186 0.9999923 0.902143 0 0 0 1 0.7792375 -0.6267175 0.003750205 -8.10623e-5 0.626718 0.7792453 0.00118339 0.009366631 -0.003663957 0.001428186 0.9999923 0.9005278 0 0 0 1 0.7792375 -0.6267175 0.003750205 -8.10623e-5 0.626718 0.7792453 0.00118339 0.009366631 -0.003663957 0.001428186 0.9999923 0.8985134 0 0 0 1 0.7792375 -0.6267175 0.003750205 -8.10623e-5 0.626718 0.7792453 0.00118339 0.009366631 -0.003663957 0.001428186 0.9999923 0.8961287 0 0 0 1 0.7792375 -0.6267175 0.003750205 -8.10623e-5 0.626718 0.7792453 0.00118339 0.009366631 -0.003663957 0.001428186 0.9999923 0.8934021 0 0 0 1 0.7792375 -0.6267175 0.003750205 -8.10623e-5 0.626718 0.7792453 0.00118339 0.009366631 -0.003663957 0.001428186 0.9999923 0.8903619 0 0 0 1 0.7792375 -0.6267175 0.003750205 -8.10623e-5 0.626718 0.7792453 0.00118339 0.009366631 -0.003663957 0.001428186 0.9999923 0.8870363 0 0 0 1 0.7792375 -0.6267175 0.003750205 -8.10623e-5 0.626718 0.7792453 0.00118339 0.009366631 -0.003663957 0.001428186 0.9999923 0.8834536 0 0 0 1 0.7792375 -0.6267176 0.003750205 -8.10623e-5 0.6267181 0.7792452 0.00118339 0.009366631 -0.003663957 0.001428186 0.9999923 0.8796437 0 0 0 1 0.7792375 -0.6267175 0.003750205 -8.10623e-5 0.626718 0.7792453 0.00118339 0.009366631 -0.003663957 0.001428186 0.9999923 0.8756317 0 0 0 1 0.7792375 -0.6267175 0.003750205 -8.10623e-5 0.626718 0.7792453 0.00118339 0.009366631 -0.003663957 0.001428186 0.9999923 0.8714473 0 0 0 1 0.7792375 -0.6267175 0.003750205 -8.10623e-5 0.626718 0.7792453 0.00118339 0.009366631 -0.003663957 0.001428186 0.9999923 0.867119 0 0 0 1 0.7792375 -0.6267175 0.003750205 -8.10623e-5 0.626718 0.7792453 0.00118339 0.009366631 -0.003663957 0.001428186 0.9999923 0.8626749 0 0 0 1 0.7792375 -0.6267175 0.003750205 -8.10623e-5 0.626718 0.7792453 0.00118339 0.009366631 -0.003663957 0.001428186 0.9999923 0.8581433 0 0 0 1 0.7792375 -0.6267176 0.003750205 -8.10623e-5 0.6267181 0.7792452 0.00118339 0.009366631 -0.003663957 0.001428186 0.9999923 0.8535525 0 0 0 1 0.7792375 -0.6267176 0.003750205 -8.10623e-5 0.6267181 0.7792452 0.00118339 0.009366631 -0.003663957 0.001428186 0.9999923 0.8489307 0 0 0 1 0.7792375 -0.6267175 0.003750205 -8.10623e-5 0.626718 0.7792453 0.00118339 0.009366631 -0.003663957 0.001428186 0.9999923 0.8443085 0 0 0 1 0.7792375 -0.6267175 0.003750205 -8.10623e-5 0.626718 0.7792453 0.00118339 0.009366631 -0.003663957 0.001428186 0.9999923 0.8397096 0 0 0 1 0.7792375 -0.6267175 0.003750205 -8.10623e-5 0.626718 0.7792453 0.00118339 0.009366631 -0.003663957 0.001428186 0.9999923 0.8351649 0 0 0 1 0.7792375 -0.6267175 0.003750205 -8.10623e-5 0.626718 0.7792453 0.00118339 0.009366631 -0.003663957 0.001428186 0.9999923 0.8307022 0 0 0 1 0.7792375 -0.6267176 0.003750205 -8.10623e-5 0.6267181 0.7792452 0.00118339 0.009366631 -0.003663957 0.001428186 0.9999923 0.8263499 0 0 0 1 0.7792375 -0.6267175 0.003750205 -8.10623e-5 0.626718 0.7792453 0.00118339 0.009366631 -0.003663957 0.001428186 0.9999923 0.8221362 0 0 0 1 0.7792375 -0.6267176 0.003750205 -8.10623e-5 0.6267181 0.7792452 0.00118339 0.009366631 -0.003663957 0.001428186 0.9999923 0.8180897 0 0 0 1 0.7792375 -0.6267176 0.003750205 -8.10623e-5 0.6267181 0.7792452 0.00118339 0.009366631 -0.003663957 0.001428186 0.9999923 0.8142399 0 0 0 1 0.7792375 -0.6267175 0.003750205 -8.10623e-5 0.626718 0.7792453 0.00118339 0.009366631 -0.003663957 0.001428186 0.9999923 0.8106121 0 0 0 1 0.7792375 -0.6267175 0.003750205 -8.10623e-5 0.626718 0.7792453 0.00118339 0.009366631 -0.003663957 0.001428186 0.9999923 0.807236 0 0 0 1</float_array>
        <technique_common>
          <accessor source="#node-Bip01_matrix-output-array" count="60" stride="16">
            <param name="TRANSFORM" type="float4x4"/>
          </accessor>
        </technique_common>
      </source>
      <source id="node-Bip01_matrix-interpolation">
        <Name_array id="node-Bip01_matrix-interpolation-array" count="60">LINEAR LINEAR LINEAR LINEAR LINEAR LINEAR LINEAR LINEAR LINEAR LINEAR LINEAR LINEAR LINEAR LINEAR LINEAR LINEAR LINEAR LINEAR LINEAR LINEAR LINEAR LINEAR LINEAR LINEAR LINEAR LINEAR LINEAR LINEAR LINEAR LINEAR LINEAR LINEAR LINEAR LINEAR LINEAR LINEAR LINEAR LINEAR LINEAR LINEAR LINEAR LINEAR LINEAR LINEAR LINEAR LINEAR LINEAR LINEAR LINEAR LINEAR LINEAR LINEAR LINEAR LINEAR LINEAR LINEAR LINEAR LINEAR LINEAR LINEAR</Name_array>
        <technique_common>
          <accessor source="#node-Bip01_matrix-interpolation-array" count="60" stride="1">
            <param name="INTERPOLATION" type="name"/>
          </accessor>
        </technique_common>
      </source>
      <source id="node-Bip01_Pelvis_matrix-input">
        <float_array id="node-Bip01_Pelvis_matrix-input-array" count="60">47.33333 47.36666 47.4 47.43333 47.46667 47.5 47.53333 47.56667 47.6 47.63334 47.66667 47.7 47.73333 47.76667 47.8 47.83333 47.86666 47.9 47.93333 47.96667 48 48.03333 48.06667 48.1 48.13334 48.16667 48.2 48.23333 48.26667 48.3 48.33333 48.36666 48.4 48.43333 48.46667 48.5 48.53333 48.56667 48.6 48.63334 48.66667 48.7 48.73333 48.76667 48.8 48.83333 48.86666 48.9 48.93333 48.96667 49 49.03333 49.06667 49.1 49.13334 49.16667 49.2 49.23333 49.26667 49.3</float_array>
        <technique_common>
          <accessor source="#node-Bip01_Pelvis_matrix-input-array" count="60" stride="1">
            <param name="TIME" type="float"/>
          </accessor>
        </technique_common>
      </source>
      <source id="node-Bip01_Pelvis_matrix-output">
