<?xml version="1.0" encoding="utf-8"?>
<COLLADA xmlns="http://www.collada.org/2005/11/COLLADASchema" version="1.4.1">
  <asset>
    <contributor>
      <author>MattO</author>
      <authoring_tool>OpenCOLLADA for 3ds Max;  Version: 1.3.0;  Revision: 839M;  Platform: x64;  Configuration: Release_Max2012</authoring_tool>
      <source_data>file:///C:/Dropbox/Prj/GGStout/Ryder/TP_Soldier_Ryder_Animation_Master.max</source_data>
    </contributor>
    <created>2011-09-29T18:37:59</created>
    <modified>2011-09-29T18:37:59</modified>
    <unit name="meter" meter="1"/>
    <up_axis>Z_UP</up_axis>
  </asset>
  <library_effects>
    <effect id="ShapeBounds">
      <profile_COMMON>
        <technique sid="common">
          <blinn>
            <emission>
              <color>0 0 0 1</color>
            </emission>
            <ambient>
              <color>0.1647059 1 0 1</color>
            </ambient>
            <diffuse>
              <color>0.1647059 1 0 1</color>
            </diffuse>
            <specular>
              <color>0.9 0.9 0.9 1</color>
            </specular>
            <shininess>
              <float>10</float>
            </shininess>
            <reflective>
              <color>0 0 0 1</color>
            </reflective>
            <transparent opaque="A_ONE">
              <color>1 1 1 1</color>
            </transparent>
            <transparency>
              <float>1</float>
            </transparency>
          </blinn>
        </technique>
      </profile_COMMON>
      <extra>
        <technique profile="OpenCOLLADA3dsMax">
          <extended_shader>
            <apply_reflection_dimming>0</apply_reflection_dimming>
            <dim_level>0</dim_level>
            <falloff_type>0</falloff_type>
            <index_of_refraction>1.5</index_of_refraction>
            <opacity_type>0</opacity_type>
            <reflection_level>3</reflection_level>
            <wire_size>1</wire_size>
            <wire_units>0</wire_units>
          </extended_shader>
          <shader>
            <ambient_diffuse_lock>1</ambient_diffuse_lock>
            <ambient_diffuse_texture_lock>1</ambient_diffuse_texture_lock>
            <diffuse_specular_lock>0</diffuse_specular_lock>
            <soften>0.1</soften>
            <use_self_illum_color>0</use_self_illum_color>
          </shader>
        </technique>
      </extra>
    </effect>
  </library_effects>
  <library_materials>
    <material id="ShapeBounds-material" name="ShapeBounds">
      <instance_effect url="#ShapeBounds"/>
    </material>
  </library_materials>
  <library_geometries>
    <geometry id="geom-Bounds" name="Bounds">
      <mesh>
        <source id="geom-Bounds-positions">
          <float_array id="geom-Bounds-positions-array" count="24">-0.425 -0.425 0 0.425 -0.425 0 -0.425 0.425 0 0.425 0.425 0 -0.425 -0.425 1.84 0.425 -0.425 1.84 -0.425 0.425 1.84 0.425 0.425 1.84</float_array>
          <technique_common>
            <accessor source="#geom-Bounds-positions-array" count="8" stride="3">
              <param name="X" type="float"/>
              <param name="Y" type="float"/>
              <param name="Z" type="float"/>
            </accessor>
          </technique_common>
        </source>
        <source id="geom-Bounds-normals">
          <float_array id="geom-Bounds-normals-array" count="72">0 0 -1 0 0 -1 0 0 -1 0 0 -1 0 0 1 0 0 1 0 0 1 0 0 1 0 -1 0 0 -1 0 0 -1 0 0 -1 0 1 0 0 1 0 0 1 0 0 1 0 0 0 1 0 0 1 0 0 1 0 0 1 0 -1 0 0 -1 0 0 -1 0 0 -1 0 0</float_array>
          <technique_common>
            <accessor source="#geom-Bounds-normals-array" count="24" stride="3">
              <param name="X" type="float"/>
              <param name="Y" type="float"/>
              <param name="Z" type="float"/>
            </accessor>
          </technique_common>
        </source>
        <source id="geom-Bounds-map1">
          <float_array id="geom-Bounds-map1-array" count="36">0 0 0 1 0 0 0 1 0 1 1 0 0 0 0 1 0 0 0 1 0 1 1 0 0 0 0 1 0 0 0 1 0 1 1 0</float_array>
          <technique_common>
            <accessor source="#geom-Bounds-map1-array" count="12" stride="3">
              <param name="S" type="float"/>
              <param name="T" type="float"/>
              <param name="P" type="float"/>
            </accessor>
          </technique_common>
        </source>
        <vertices id="geom-Bounds-vertices">
          <input semantic="POSITION" source="#geom-Bounds-positions"/>
        </vertices>
        <triangles material="ShapeBounds" count="12">
          <input semantic="VERTEX" source="#geom-Bounds-vertices" offset="0"/>
          <input semantic="NORMAL" source="#geom-Bounds-normals" offset="1"/>
          <input semantic="TEXCOORD" source="#geom-Bounds-map1" offset="2" set="0"/>
          <p>0 0 9 2 1 11 3 2 10 3 2 10 1 3 8 0 0 9 4 4 8 5 5 9 7 6 11 7 6 11 6 7 10 4 4 8 0 8 4 1 9 5 5 10 7 5 10 7 4 11 6 0 8 4 1 12 0 3 13 1 7 14 3 7 14 3 5 15 2 1 12 0 3 16 4 2 17 5 6 18 7 6 18 7 7 19 6 3 16 4 2 20 0 0 21 1 4 22 3 4 22 3 6 23 2 2 20 0</p>
        </triangles>
      </mesh>
      <extra>
        <technique profile="OpenCOLLADA3dsMax">
          <max_box>
            <generateuvs>1</generateuvs>
            <height>1.84</height>
            <heightsegments>1</heightsegments>
            <length>0.85</length>
            <lengthsegments>1</lengthsegments>
            <width>0.85</width>
            <widthsegments>1</widthsegments>
          </max_box>
        </technique>
      </extra>
    </geometry>
  </library_geometries>
  <library_lights>
    <light id="EnvironmentAmbientLight" name="EnvironmentAmbientLight">
      <technique_common>
        <ambient>
          <color>0 0 0</color>
        </ambient>
      </technique_common>
    </light>
  </library_lights>
  <library_visual_scenes>
    <visual_scene id="MaxScene">
      <node name="EnvironmentAmbientLight">
        <instance_light url="#EnvironmentAmbientLight"/>
      </node>
      <node id="node-Bip01" name="Bip01">
        <matrix sid="matrix">0.7792375 -0.6267176 0.003750265 -8.10623e-5 0.626718 0.7792452 0.001183461 0.009366653 -0.003664072 0.001428162 0.9999923 0.8041399 0 0 0 1</matrix>
        <node id="node-Bip01_Pelvis" name="Bip01_Pelvis">
          <matrix>-0.009626739 0.9912359 0.1317526 0 -0.1217414 -0.1319404 0.9837533 0 0.992515 -0.0065694 0.1219446 0 0 0 0 1</matrix>
          <node id="node-Bip01_Spine" name="Bip01_Spine">
            <matrix sid="matrix">0.9142388 -0.1596023 -0.3724172 0.1975123 0.1756539 0.9844077 0.009333325 0.02499345 0.3651207 -0.0739495 0.9280186 0.02780976 0 0 0 1</matrix>
            <node id="node-Bip01_Spine1" name="Bip01_Spine1">
              <matrix sid="matrix">0.9850423 0.02363098 -0.1706854 0.1022273 -0.01319334 0.9979873 0.06202874 -1.00821e-4 0.1718076 -0.05884901 0.9833714 5.93066e-6 0 0 0 1</matrix>
              <node id="node-Bip01_Spine2" name="Bip01_Spine2">
                <matrix sid="matrix">0.9369741 -0.3477308 -0.03409588 0.1269257 0.349036 0.9270917 0.1366548 -1.58809e-4 -0.01590905 -0.1399426 0.9900318 2.39611e-5 0 0 0 1</matrix>
                <node id="node-Bip01_Neck" name="Bip01_Neck">
                  <matrix sid="matrix">0.840708 -0.4308254 0.3280236 0.215107 0.4136219 0.9019012 0.1244631 -4.96805e-5 -0.3494667 0.03104061 0.9364344 -1.63913e-6 0 0 0 1</matrix>
                  <node id="node-Bip01_Head" name="Bip01_Head">
                    <matrix sid="matrix">0.9475712 -0.06889544 -0.3120292 0.07051814 -0.2855058 0.2560084 -0.923551 -0.01395911 0.1435104 0.9642162 0.222916 0 0 0 0 1</matrix>
                    <node id="node-ALTEYE" name="ALTEYE">
                      <matrix sid="matrix">0.4506335 0.3792483 0.8081468 0.06454694 0.04412793 0.8947045 -0.4444744 0.2214611 -0.8916179 0.2359566 0.3864482 0.04716265 0 0 0 1</matrix>
                    </node>
                  </node>
                  <node id="node-Bip01_L_Clavicle" name="Bip01_L_Clavicle">
                    <matrix sid="matrix">-0.5778345 -0.4531803 0.6787747 -0.04690343 0.283809 -0.8913432 -0.3534966 -0.01204771 0.7652189 -0.01162016 0.6436655 0.05588402 0 0 0 1</matrix>
                    <node id="node-Bip01_L_UpperArm" name="Bip01_L_UpperArm">
                      <matrix sid="matrix">0.949599 0.1279813 0.2861509 0.1824008 -0.303984 0.5988076 0.7409609 -2.98023e-8 -0.07652026 -0.7906013 0.6075313 0 0 0 0 1</matrix>
                      <node id="node-Bip01_L_Forearm" name="Bip01_L_Forearm">
                        <matrix sid="matrix">-0.6192181 0.785219 2.98023e-8 0.2843689 -0.785219 -0.6192181 -1.49012e-8 0 -2.98023e-8 -4.47035e-8 1 0 0 0 0 1</matrix>
                        <node id="node-Bip01_L_Hand" name="Bip01_L_Hand">
                          <matrix sid="matrix">0.8445969 0.501419 -0.1877106 0.2810681 0.3764395 -0.8054478 -0.4577637 0 -0.3807224 0.3159642 -0.8690324 5.96046e-8 0 0 0 1</matrix>
                          <node id="node-Bip01_L_Finger0" name="Bip01_L_Finger0">
                            <matrix>0.6413842 0.3141903 0.6999363 0.02119684 0.7352948 0.008702904 -0.6776913 -0.004734278 -0.2190156 0.9493201 -0.2254407 -0.02572191 0 0 0 1</matrix>
                            <node id="node-Bip01_L_Finger01" name="Bip01_L_Finger01">
                              <matrix>0.997564 -0.06975641 2.98023e-8 0.04982853 0.06975645 0.9975641 4.09782e-8 5.96046e-8 0 -3.35276e-8 1 -2.98023e-8 0 0 0 1</matrix>
                              <node id="node-Bip01_L_Finger02" name="Bip01_L_Finger02">
                                <matrix sid="matrix">0.9203137 0.3911815 2.98023e-8 0.05202234 -0.3911815 0.9203135 2.23517e-8 0 -2.98023e-8 -3.72529e-9 1 0 0 0 0 1</matrix>
                              </node>
                            </node>
                          </node>
                          <node id="node-Bip01_L_Finger1" name="Bip01_L_Finger1">
                            <matrix>0.9592717 -0.2819768 -0.01693498 0.1199946 0.2798395 0.9567645 -0.07931915 -0.008367658 0.03856899 0.0713495 0.9967055 -0.04101372 0 0 0 1</matrix>
                            <node id="node-Bip01_L_Finger11" name="Bip01_L_Finger11">
                              <matrix>0.7001772 -0.7139692 0 0.03644156 0.7139691 0.7001773 -2.98023e-8 -1.78814e-7 2.98023e-8 -2.98023e-8 1 0 0 0 0 1</matrix>
                              <node id="node-Bip01_L_Finger12" name="Bip01_L_Finger12">
                                <matrix>0.8757259 -0.4828088 2.98023e-8 0.03117537 0.4828088 0.8757259 -1.67638e-8 2.98023e-8 2.98023e-8 5.96046e-8 1 0 0 0 0 1</matrix>
                              </node>
                            </node>
                          </node>
                          <node id="node-Bip01_L_Finger2" name="Bip01_L_Finger2">
                            <matrix sid="matrix">0.9066654 -0.4205882 -0.03260921 0.1229538 0.4217875 0.9024836 0.08728342 -0.008802056 -0.007281065 -0.09289104 0.9956498 -0.01328248 0 0 0 1</matrix>
                            <node id="node-Bip01_L_Finger21" name="Bip01_L_Finger21">
                              <matrix>0.8156036 -0.578611 -2.98023e-8 0.03895509 0.5786111 0.8156034 4.47035e-8 -8.9407e-8 -2.98023e-8 1.67638e-8 1 5.96046e-8 0 0 0 1</matrix>
                              <node id="node-Bip01_L_Finger22" name="Bip01_L_Finger22">
                                <matrix>0.9762959 -0.2164397 0 0.03800535 0.2164396 0.9762961 0 -4.47035e-8 0 -1.39698e-8 1 0 0 0 0 1</matrix>
                              </node>
                            </node>
                          </node>
                          <node id="node-Bip01_L_Finger3" name="Bip01_L_Finger3">
                            <matrix sid="matrix">0.9367908 -0.338013 -0.09038848 0.1211882 0.3480915 0.9264979 0.1429455 -0.001191258 0.0354273 -0.1653736 0.9855945 0.01196861 0 0 0 1</matrix>
                            <node id="node-Bip01_L_Finger31" name="Bip01_L_Finger31">
                              <matrix>0.9381478 -0.3462351 0 0.03155851 0.3462352 0.9381479 -7.45058e-9 0 0 -1.49012e-8 1 5.96046e-8 0 0 0 1</matrix>
                              <node id="node-Bip01_L_Finger32" name="Bip01_L_Finger32">
                                <matrix sid="matrix">0.8922837 -0.4514749 1.49012e-8 0.0336659 0.451475 0.8922838 0 -8.9407e-8 1.49012e-8 4.65661e-9 0.9999999 0 0 0 0 1</matrix>
                              </node>
                            </node>
                          </node>
                          <node id="node-Bip01_L_Finger4" name="Bip01_L_Finger4">
                            <matrix sid="matrix">0.9820986 -0.1883418 0.003122147 0.1136798 0.1857741 0.9711843 0.1492954 0.005147517 -0.03115072 -0.1460428 0.9887877 0.03886575 0 0 0 1</matrix>
                            <node id="node-Bip01_L_Finger41" name="Bip01_L_Finger41">
                              <matrix sid="matrix">0.8499687 -0.5268333 3.72529e-9 0.03661621 0.5268332 0.8499687 1.49012e-8 5.96046e-8 7.45058e-9 3.72529e-8 1 5.96046e-8 0 0 0 1</matrix>
                              <node id="node-Bip01_L_Finger42" name="Bip01_L_Finger42">
                                <matrix sid="matrix">0.9624561 -0.271437 -7.45058e-9 0.01772618 0.2714371 0.9624562 -7.45058e-9 0 -7.45058e-9 -3.72529e-8 1 0 0 0 0 1</matrix>
                              </node>
                            </node>
                          </node>
                        </node>
                      </node>
                    </node>
                  </node>
                  <node id="node-Bip01_R_Clavicle" name="Bip01_R_Clavicle">
                    <matrix sid="matrix">0.2073931 -0.1669673 -0.9639036 8.67009e-4 0.5679266 -0.7817281 0.2576057 -0.01629043 -0.7965222 -0.6008521 -0.06729981 -0.07212147 0 0 0 1</matrix>
                    <node id="node-Bip01_R_UpperArm" name="Bip01_R_UpperArm">
                      <matrix sid="matrix">-0.23343 0.9286886 -0.288181 0.1824007 -0.9698443 -0.2437254 1.59144e-4 1.19209e-7 -0.07008928 0.2795278 0.9575759 0 0 0 0 1</matrix>
                      <node id="node-Bip01_R_Forearm" name="Bip01_R_Forearm">
                        <matrix sid="matrix">0.5407855 0.8411607 0 0.2843689 -0.8411606 0.5407854 0 0 -5.21541e-8 -5.96046e-8 1 0 0 0 0 1</matrix>
                        <node id="node-Bip01_R_Hand" name="Bip01_R_Hand">
                          <matrix sid="matrix">0.9706368 0.2201094 0.09703486 0.281068 0.2283398 -0.7161987 -0.6594848 0 -0.07566254 0.6622773 -0.7454286 0 0 0 0 1</matrix>
                          <node id="node-Bip01_R_Finger0" name="Bip01_R_Finger0">
                            <matrix sid="matrix">0.5215106 0.269013 -0.8097275 0.02119678 0.7250715 0.3605264 0.5867638 -0.004734188 0.4497753 -0.893114 -0.007035486 0.02572191 0 0 0 1</matrix>
                            <node id="node-Bip01_R_Finger01" name="Bip01_R_Finger01">
                              <matrix>0.6423536 -0.7636236 0.06527566 0.04982859 0.7605615 0.6456372 0.06854744 0 -0.09448883 0.005614469 0.99551 0 0 0 0 1</matrix>
                              <node id="node-Bip01_R_Finger02" name="Bip01_R_Finger02">
                                <matrix>0.9505157 -0.3106765 -1.49012e-8 0.05202237 0.3106766 0.9505158 7.45058e-9 0 -2.23517e-8 5.96046e-8 1 0 0 0 0 1</matrix>
                              </node>
                            </node>
                          </node>
                          <node id="node-Bip01_R_Finger1" name="Bip01_R_Finger1">
                            <matrix>0.9820224 -0.1733427 -0.0747267 0.1199946 0.1795577 0.9799358 0.08651488 -0.008367538 0.05823064 -0.09837732 0.9934441 0.04101396 0 0 0 1</matrix>
                            <node id="node-Bip01_R_Finger11" name="Bip01_R_Finger11">
                              <matrix>0.8240547 -0.5665103 7.45058e-9 0.03644174 0.5665102 0.8240547 0 5.96046e-8 -1.49012e-8 0 1 1.19209e-7 0 0 0 1</matrix>
                              <node id="node-Bip01_R_Finger12" name="Bip01_R_Finger12">
                                <matrix>0.8146399 -0.5796779 0.01831833 0.03117546 0.5799672 0.8142334 -0.02573048 5.96046e-8 -7.45058e-9 0.0315851 0.999501 -1.19209e-7 0 0 0 1</matrix>
                              </node>
                            </node>
                          </node>
                          <node id="node-Bip01_R_Finger2" name="Bip01_R_Finger2">
                            <matrix>0.6754014 -0.7374504 -1.52117e-4 0.1229539 0.7368312 0.6748427 -0.04082684 -0.008802027 0.03021043 0.02746242 0.9991662 0.0132823 0 0 0 1</matrix>
                            <node id="node-Bip01_R_Finger21" name="Bip01_R_Finger21">
                              <matrix>0.5508358 -0.8338858 -0.03484871 0.03895518 0.832222 0.551937 -0.05265061 -5.96046e-8 0.06313889 -1.11759e-8 0.9980047 0 0 0 0 1</matrix>
                              <node id="node-Bip01_R_Finger22" name="Bip01_R_Finger22">
                                <matrix>0.1984734 -0.9799247 0.01886613 0.0380054 0.9755273 0.1993681 0.09272985 -5.96046e-8 -0.09462959 7.45058e-9 0.9955126 -1.19209e-7 0 0 0 1</matrix>
                              </node>
                            </node>
                          </node>
                          <node id="node-Bip01_R_Finger3" name="Bip01_R_Finger3">
                            <matrix>0.7159052 -0.6949216 0.06755453 0.1211882 0.6883786 0.6863561 -0.234627 -0.001191199 0.1166809 0.2144738 0.9697353 -0.01196873 0 0 0 1</matrix>
                            <node id="node-Bip01_R_Finger31" name="Bip01_R_Finger31">
                              <matrix>0.4441952 -0.8949345 0.04222351 0.03155842 0.8909185 0.4461976 0.08468727 0 -0.09462957 1.86265e-9 0.9955126 0 0 0 0 1</matrix>
                              <node id="node-Bip01_R_Finger32" name="Bip01_R_Finger32">
                                <matrix>0.1993681 -0.9794359 -0.03095104 0.03366597 0.9799248 0.1992686 0.006297076 5.96046e-8 -2.23517e-8 -0.03158511 0.9995012 1.19209e-7 0 0 0 1</matrix>
                              </node>
                            </node>
                          </node>
                          <node id="node-Bip01_R_Finger4" name="Bip01_R_Finger4">
                            <matrix>0.5925791 -0.7897949 -0.1583475 0.1136796 0.7783521 0.6120423 -0.1399001 0.005147427 0.2074078 -0.04034831 0.977422 -0.03886569 0 0 0 1</matrix>
                            <node id="node-Bip01_R_Finger41" name="Bip01_R_Finger41">
                              <matrix>0.4202555 -0.9064696 0.04120621 0.03661621 0.906853 0.4211509 0.01578782 0 -0.0316652 0.03073302 0.9990259 0 0 0 0 1</matrix>
                              <node id="node-Bip01_R_Finger42" name="Bip01_R_Finger42">
                                <matrix>0.4024471 -0.9138247 -0.05441486 0.0177263 0.9154232 0.4021218 0.01728317 -5.96046e-8 0.006087631 -0.05676817 0.9983689 0 0 0 0 1</matrix>
                              </node>
                            </node>
                          </node>
                          <node id="node-MOUNT0" name="MOUNT0">
                            <matrix>-6.34551e-7 0.9999999 1.86265e-9 0.109539 -1 -6.52828e-7 4.74975e-7 0.0251826 4.76837e-7 5.58794e-9 1 0.01321673 0 0 0 1</matrix>
                          </node>
                        </node>
                      </node>
                    </node>
                  </node>
                </node>
                <node id="node-Bip01_L_Pauldron_Upper" name="Bip01_L_Pauldron_Upper">
                  <matrix sid="matrix">0.9726267 0.1182923 0.2000104 0.176903 0.1448454 -0.9816831 -0.1237685 -0.03908369 0.181706 0.1493511 -0.9719451 0.2290199 0 0 0 1</matrix>
                </node>
                <node id="node-Bip01_R_Pauldron_Lower" name="Bip01_R_Pauldron_Lower">
                  <matrix sid="matrix">-0.1156725 -0.9403759 -0.3198652 0.1729059 0.9097751 -0.2295502 0.3458564 -0.1133294 -0.3986599 -0.2509995 0.8820827 -0.2351094 0 0 0 1</matrix>
                </node>
                <node id="node-Bip01_L_Pauldron_Lower" name="Bip01_L_Pauldron_Lower">
                  <matrix sid="matrix">-0.2099968 -0.76872 0.6041282 0.1529201 0.4002343 -0.6313505 -0.6642357 -0.1054225 0.8920279 0.1023054 0.4402498 0.2344802 0 0 0 1</matrix>
                </node>
              </node>
            </node>
            <node id="node-Bip01_L_Thigh" name="Bip01_L_Thigh">
              <matrix sid="matrix">-0.4488799 0.8921271 -0.05115084 -0.1485698 0.5193908 0.3070583 0.797464 -4.51192e-4 0.7271453 0.3313981 -0.6011948 0.1658256 0 0 0 1</matrix>
              <node id="node-Bip01_L_Calf" name="Bip01_L_Calf">
                <matrix sid="matrix">0.4034085 0.9150201 -9.31323e-9 0.4629987 -0.91502 0.4034086 -1.11759e-8 0 -5.21541e-8 1.30385e-8 1 0 0 0 0 1</matrix>
                <node id="node-Bip01_L_Foot" name="Bip01_L_Foot">
                  <matrix sid="matrix">0.9319397 -0.353629 -0.08021907 0.3610502 0.3615511 0.9231074 0.1309707 1.49012e-8 0.02773581 -0.1510602 0.9881353 -7.45058e-9 0 0 0 1</matrix>
                  <node id="node-Bip01_L_Toe0" name="Bip01_L_Toe0">
                    <matrix sid="matrix">5.95115e-7 -1 1.7453e-6 0.1486307 1 5.95115e-7 -1.00219e-7 0.1543275 9.98807e-8 1.74437e-6 1 -3.72529e-9 0 0 0 1</matrix>
                  </node>
                </node>
              </node>
            </node>
            <node id="node-Bip01_R_Thigh" name="Bip01_R_Thigh">
              <matrix sid="matrix">-0.9150373 0.360143 0.18167 -0.2416654 0.4023394 0.847059 0.3472959 0.01840353 -0.02880895 0.3908818 -0.9199901 -0.07079414 0 0 0 1</matrix>
              <node id="node-Bip01_R_Calf" name="Bip01_R_Calf">
                <matrix sid="matrix">0.4439813 0.8960362 2.98023e-8 0.4629987 -0.8960359 0.4439813 4.09782e-8 1.86265e-8 -5.96046e-8 -2.98023e-8 0.9999999 0 0 0 0 1</matrix>
                <node id="node-Bip01_R_Foot" name="Bip01_R_Foot">
                  <matrix sid="matrix">0.6470414 -0.7363909 0.1976514 0.3610501 0.7123537 0.6762781 0.1876163 0 -0.2718261 0.01940221 0.9621508 0 0 0 0 1</matrix>
                  <node id="node-Bip01_R_Toe0" name="Bip01_R_Toe0">
                    <matrix sid="matrix">-0.1805816 -0.9786912 0.09774465 0.1486307 0.9833313 -0.1817888 -0.003514291 0.1543275 0.0212083 0.09548074 0.9952053 -2.98023e-8 0 0 0 1</matrix>
                  </node>
                </node>
              </node>
            </node>
          </node>
          <node id="node-Bip01_FannyPack" name="Bip01_FannyPack">
            <matrix sid="matrix">-0.9629918 -0.2062316 0.1735378 0.2299507 -0.2083318 0.9780384 0.00622705 -0.1378937 -0.1710108 -0.03015687 -0.9848076 0.01013963 0 0 0 1</matrix>
          </node>
        </node>
        <node id="node-EYE" name="EYE">
          <matrix sid="matrix">0.7792376 0.6267179 -0.003664108 0.05941321 -0.6267175 0.779245 0.001428192 0.07234284 0.003750311 0.001183282 0.9999919 0.7662548 0 0 0 1</matrix>
          <node id="node-CAM" name="CAM">
            <matrix>1 -6.03104e-8 3.55271e-15 4.84288e-8 6.03104e-8 1 -2.32831e-9 -0.104 -3.55271e-15 2.32832e-9 1 0.3005601 0 0 0 1</matrix>
          </node>
        </node>
      </node>
      <node id="node-Bounds" name="Bounds">
        <matrix>0.9999915 0.001706907 0.003750479 0 -0.001711356 0.9999978 0.001183292 0.1035326 -0.003748452 -0.0011897 0.9999923 -8.93474e-5 0 0 0 1</matrix>
        <instance_geometry url="#geom-Bounds">
          <bind_material>
            <technique_common>
              <instance_material symbol="ShapeBounds" target="#ShapeBounds-material"/>
            </technique_common>
          </bind_material>
        </instance_geometry>
      </node>
    </visual_scene>
  </library_visual_scenes>
  <library_animations>
    <animation>
      <source id="node-Bip01_matrix-input">
        <float_array id="node-Bip01_matrix-input-array" count="41">40 40.03333 40.06667 40.1 40.13334 40.16667 40.2 40.23333 40.26667 40.3 40.33333 40.36666 40.4 40.43333 40.46667 40.5 40.53333 40.56667 40.6 40.63334 40.66667 40.7 40.73333 40.76667 40.8 40.83333 40.86666 40.9 40.93333 40.96667 41 41.03333 41.06667 41.1 41.13334 41.16667 41.2 41.23333 41.26667 41.3 41.33333</float_array>
        <technique_common>
          <accessor source="#node-Bip01_matrix-input-array" count="41" stride="1">
            <param name="TIME" type="float"/>
          </accessor>
        </technique_common>
      </source>
      <source id="node-Bip01_matrix-output">
        <float_array id="node-Bip01_matrix-output-array" count="656">0.7792375 -0.6267176 0.003750264 -8.10623e-5 0.6267181 0.7792452 0.00118345 0.009366631 -0.003664016 0.001428127 0.9999923 0.8041399 0 0 0 1 0.6825613 -0.7305624 0.01971435 0.004817485 0.7301119 0.6828382 0.02585864 0.1005311 -0.0323531 -0.00325644 0.9994712 0.8448457 0 0 0 1 0.5088537 -0.8600867 0.03631716 0.01229798 0.8575932 0.5101433 0.06548023 0.2384042 -0.07484567 -0.002174437 0.9971928 0.9072583 0 0 0 1 0.3077922 -0.9502237 0.04836153 0.0197435 0.9418721 0.3114942 0.1258901 0.3883678 -0.134688 0.00680238 0.9908647 0.9669846 0 0 0 1 0.1589148 -0.9857273 0.05556797 0.02453708 0.9635629 0.167115 0.2088524 0.515804 -0.2151578 0.02035349 0.9763672 0.9996315 0 0 0 1 0.1021746 -0.9926801 0.06439453 0.02574872 0.9449021 0.1170873 0.305697 0.613483 -0.3109991 0.02961206 0.9499488 0.9967201 0 0 0 1 0.09863001 -0.9919056 0.07997137 0.02485156 0.9017801 0.123071 0.4143021 0.6992004 -0.4207907 0.03125399 0.9066192 0.9719181 0 0 0 1 0.1120398 -0.9882093 0.1043529 0.02283322 0.8272066 0.1509402 0.5412452 0.7758764 -0.5506146 0.02568036 0.8343645 0.9340521 0 0 0 1 0.1054177 -0.9857273 0.1312585 0.02068138 0.7069827 0.1671149 0.6872031 0.8464309 -0.6993301 0.02035415 0.714509 0.8919492 0 0 0 1 0.0612713 -0.9857273 0.1568042 0.01798903 0.4687382 0.167115 0.8673852 0.9065886 -0.8812096 0.02035427 0.4722874 0.8389109 0 0 0 1 -6.65188e-5 -0.9857272 0.1683501 0.01447415 0.1205168 0.1671152 0.9785439 0.9541323 -0.9927113 0.02035409 0.1187856 0.7731109 0 0 0 1 -0.04705238 -0.9857272 0.1616411 0.01131123 -0.1573961 0.1671152 0.9732928 0.995074 -0.986414 0.02035403 -0.1630128 0.710677 0 0 0 1 -0.07565796 -0.9857273 0.1503916 0.008631169 -0.3317384 0.167115 0.9284515 1.033618 -0.9403327 0.02035397 -0.3396472 0.6535454 0 0 0 1 -0.09927415 -0.9857273 0.1359644 0.005929589 -0.4793642 0.1671149 0.8615582 1.069876 -0.8719832 0.02035397 -0.4891126 0.595258 0 0 0 1 -0.1154606 -0.9857273 0.1225172 0.003428936 -0.5831021 0.1671147 0.7950249 1.103711 -0.8041523 0.02035403 -0.5940747 0.5393682 0 0 0 1 -0.1231042 -0.9857274 0.1148346 0.001351237 -0.6330456 0.1671146 0.7558611 1.13499 -0.7642635 0.02035409 -0.644583 0.4894207 0 0 0 1 -0.1210724 -0.9857273 0.1169745 -8.10623e-5 -0.6196998 0.1671146 0.7668408 1.163576 -0.7754442 0.02035409 -0.631088 0.4489687 0 0 0 1 -0.1058577 -0.9856156 0.1317431 -8.00268e-4 -0.5191516 0.1677771 0.8380529 1.187494 -0.8481014 0.02031958 -0.5294445 0.4188721 0 0 0 1 -0.07588672 -0.9853693 0.1526059 -0.001001596 -0.3280075 0.1691987 0.9293993 1.206757 -0.9416222 0.02047312 -0.3360485 0.3960655 0 0 0 1 -0.03433442 -0.9851357 0.1683118 -8.57813e-4 -0.07562315 0.1704891 0.9824534 1.224211 -0.9965452 0.02100372 -0.08035278 0.3782095 0 0 0 1 0.0106374 -0.9850602 0.1718813 -5.41365e-4 0.1856302 0.1708486 0.9676529 1.242709 -0.9825621 0.02161306 0.1846743 0.3629617 0 0 0 1 0.04861688 -0.9852439 0.1641063 -2.24904e-4 0.3986898 0.1697863 0.901232 1.265101 -0.9157963 0.0216124 0.4010611 0.3479797 0 0 0 1 0.07137703 -0.9857273 0.1524697 -8.10657e-5 0.524364 0.1671149 0.8349341 1.294234 -0.8484973 0.0203545 0.5288081 0.3309236 0 0 0 1 0.07268881 -0.9867496 0.1450573 -8.10658e-5 0.5307741 0.1614079 0.8320015 1.336925 -0.8443905 0.01651543 0.5354736 0.3121009 0 0 0 1 0.05750155 -0.9883125 0.1411808 -8.10657e-5 0.4403014 0.1520237 0.884886 1.391612 -0.8960068 0.01127976 0.4438971 0.2937125 0 0 0 1 0.03632158 -0.9900631 0.1358521 -8.10657e-5 0.3083681 0.1404117 0.9408473 1.448583 -0.9505735 0.007719397 0.310404 0.2762553 0 0 0 1 0.01947104 -0.9916096 0.1277942 -8.10659e-5 0.2037476 0.1290715 0.970478 1.498128 -0.9788299 0.00714147 0.2045512 0.260226 0 0 0 1 0.007221937 -0.9930146 0.1177697 -8.10667e-5 0.1485462 0.1175314 0.9818963 1.533726 -0.9888791 0.01040303 0.1483574 0.2456369 0 0 0 1 -0.004390716 -0.9942351 0.1071321 -8.1068e-5 0.1107645 0.1059904 0.9881787 1.561875 -0.993837 0.01620531 0.1096606 0.2332925 0 0 0 1 -0.01227498 -0.9949693 0.09942662 -8.10691e-5 0.08594286 0.09801626 0.991467 1.592391 -0.9962245 0.02071511 0.08430731 0.2248755 0 0 0 1 -0.01448726 -0.9951624 0.09717077 -8.107e-5 0.07710695 0.09577965 0.9924117 1.635559 -0.9969176 0.02186983 0.07534629 0.2222569 0 0 0 1 -0.0133835 -0.9950667 0.09830123 -8.10708e-5 0.08152627 0.09689688 0.9919497 1.681093 -0.9965813 0.02129 0.0798273 0.2235662 0 0 0 1 -0.01227498 -0.9949693 0.09942662 -8.10712e-5 0.08594286 0.09801626 0.991467 1.707951 -0.9962245 0.02071511 0.08430731 0.2248755 0 0 0 1 -0.01227498 -0.9949693 0.09942662 -8.10714e-5 0.08594286 0.09801626 0.991467 1.715995 -0.9962245 0.02071511 0.08430731 0.2248755 0 0 0 1 -0.01227498 -0.9949693 0.09942662 -8.10714e-5 0.08594286 0.09801626 0.991467 1.71977 -0.9962245 0.02071511 0.08430731 0.2248755 0 0 0 1 -0.01227486 -0.9949692 0.09942662 -8.10715e-5 0.0859428 0.09801638 0.9914669 1.720262 -0.9962245 0.02071505 0.08430731 0.2248755 0 0 0 1 -0.01227498 -0.9949693 0.09942662 -8.10714e-5 0.08594286 0.09801626 0.991467 1.718457 -0.9962245 0.02071511 0.08430731 0.2248755 0 0 0 1 -0.01227486 -0.9949692 0.09942662 -8.10714e-5 0.0859428 0.09801638 0.9914669 1.715338 -0.9962245 0.02071505 0.08430731 0.2248755 0 0 0 1 -0.01227498 -0.9949693 0.09942662 -8.10713e-5 0.08594286 0.09801626 0.991467 1.711891 -0.9962245 0.02071511 0.08430731 0.2248755 0 0 0 1 -0.01227498 -0.9949693 0.09942662 -8.10713e-5 0.08594286 0.09801626 0.991467 1.7091 -0.9962245 0.02071511 0.08430731 0.2248755 0 0 0 1 -0.01227498 -0.9949693 0.09942662 -8.10712e-5 0.08594286 0.09801626 0.991467 1.707951 -0.9962245 0.02071511 0.08430731 0.2248755 0 0 0 1</float_array>
        <technique_common>
          <accessor source="#node-Bip01_matrix-output-array" count="41" stride="16">
            <param name="TRANSFORM" type="float4x4"/>
          </accessor>
        </technique_common>
      </source>
      <source id="node-Bip01_matrix-interpolation">
        <Name_array id="node-Bip01_matrix-interpolation-array" count="41">LINEAR LINEAR LINEAR LINEAR LINEAR LINEAR LINEAR LINEAR LINEAR LINEAR LINEAR LINEAR LINEAR LINEAR LINEAR LINEAR LINEAR LINEAR LINEAR LINEAR LINEAR LINEAR LINEAR LINEAR LINEAR LINEAR LINEAR LINEAR LINEAR LINEAR LINEAR LINEAR LINEAR LINEAR LINEAR LINEAR LINEAR LINEAR LINEAR LINEAR LINEAR</Name_array>
        <technique_common>
          <accessor source="#node-Bip01_matrix-interpolation-array" count="41" stride="1">
            <param name="INTERPOLATION" type="name"/>
          </accessor>
        </technique_common>
      </source>
      <source id="node-Bip01_Spine_matrix-input">
        <float_array id="node-Bip01_Spine_matrix-input-array" count="41">40 40.03333 40.06667 40.1 40.13334 40.16667 40.2 40.23333 40.26667 40.3 40.33333 40.36666 40.4 40.43333 40.46667 40.5 40.53333 40.56667 40.6 40.63334 40.66667 40.7 40.73333 40.76667 40.8 40.83333 40.86666 40.9 40.93333 40.96667 41 41.03333 41.06667 41.1 41.13334 41.16667 41.2 41.23333 41.26667 41.3 41.33333</float_array>
        <technique_common>
          <accessor source="#node-Bip01_Spine_matrix-input-array" count="41" stride="1">
            <param name="TIME" type="float"/>
          </accessor>
        </technique_common>
      </source>
      <source id="node-Bip01_Spine_matrix-output">
        <float_array id="node-Bip01_Spine_matrix-output-array" count="656">0.9142388 -0.1596022 -0.3724172 0.1975123 0.1756539 0.9844077 0.009333312 0.02499341 0.3651207 -0.07394945 0.9280186 0.02780973 0 0 0 1 0.9373416 -0.1407915 -0.3186984 0.1975108 0.1478454 0.9890083 -0.002078413 0.02499306 0.3154879 -0.04516977 0.9478539 0.02780741 0 0 0 1 0.9658697 -0.1087718 -0.235084 0.197508 0.1065788 0.9940597 -0.02205383 0.02499264 0.2360864 -0.0037539 0.9717248 0.02780401 0 0 0 1 0.9855312 -0.07339012 -0.1527817 0.1975052 0.06641447 0.9965245 -0.05027812 0.0249924 0.1559406 0.03940367 0.9869803 0.0278005 0 0 0 1 0.9933267 -0.04871976 -0.1045396 0.1975033 0.04023253 0.9958353 -0.08181363 0.02499246 0.1080901 0.07706177 0.9911499 0.02779752 0 0 0 1 0.9931873 -0.04402059 -0.107894 0.1975027 0.03112995 0.992481 -0.1183729 0.02499276 0.1122936 0.1142076 0.9870901 0.02779442 0 0 0 1 0.9883993 -0.05308055 -0.1423007 0.1975035 0.03000789 0.9867204 -0.1596331 0.02499324 0.1488844 0.153511 0.9768664 0.02779126 0 0 0 1 0.9807556 -0.06759935 -0.1831637 0.1975047 0.03097456 0.9801384 -0.1958805 0.02499371 0.1927672 0.1864375 0.96337 0.02778857 0 0 0 1 0.9752551 -0.07696729 -0.2072528 0.1975055 0.03076857 0.9755725 -0.217512 0.02499413 0.2189314 0.2057528 0.9538003 0.02778702 0 0 0 1 0.9738761 -0.07707494 -0.2135995 0.1975055 0.02749371 0.9737371 -0.2260088 0.02499425 0.2254095 0.214232 0.9504185 0.02778637 0 0 0 1 0.9735315 -0.07293522 -0.2166035 0.1975053 0.02172714 0.9729568 -0.2299628 0.02499437 0.2275182 0.2191699 0.9487888 0.02778589 0 0 0 1 0.9738868 -0.06662887 -0.2170368 0.1975048 0.01520937 0.9729659 -0.2304469 0.02499431 0.2265238 0.2211282 0.9485722 0.02778571 0 0 0 1 0.9746108 -0.0602715 -0.2156412 0.1975043 0.009638547 0.9734898 -0.2285274 0.02499425 0.2236981 0.2206468 0.9493545 0.02778583 0 0 0 1 0.9754091 -0.05599647 -0.2131706 0.1975038 0.006703972 0.9742776 -0.2252512 0.02499413 0.2203006 0.2182829 0.9506946 0.02778595 0 0 0 1 0.9760114 -0.05593985 -0.2104102 0.1975038 0.008105039 0.975094 -0.221644 0.02499425 0.2175686 0.2146217 0.9521563 0.02778625 0 0 0 1 0.9761111 -0.06222826 -0.2081699 0.1975043 0.01555424 0.9756631 -0.2187213 0.02499425 0.2167144 0.2102584 0.9533237 0.02778661 0 0 0 1 0.9752551 -0.07696741 -0.2072528 0.1975055 0.03076869 0.9755725 -0.217512 0.02499413 0.2189314 0.2057527 0.9538004 0.02778702 0 0 0 1 0.9721741 -0.1091627 -0.2072708 0.1975081 0.06299203 0.9740192 -0.2175285 0.02499431 0.2256317 0.1984192 0.9537925 0.02778756 0 0 0 1 0.9651572 -0.1596708 -0.207309 0.1975123 0.1136421 0.9694072 -0.2175664 0.02499461 0.2357059 0.1864267 0.9537756 0.02778857 0 0 0 1 0.953601 -0.2182965 -0.2073445 0.1975172 0.1725963 0.9606548 -0.2176068 0.02499526 0.2466893 0.1717231 0.9537586 0.02778983 0 0 0 1 0.9388092 -0.2750273 -0.2073578 0.1975216 0.2298239 0.9485881 -0.2176275 0.02499628 0.2565507 0.1566549 0.9537512 0.02779096 0 0 0 1 0.9243205 -0.3203828 -0.2073327 0.1975253 0.2757191 0.9362839 -0.2176041 0.02499729 0.2638388 0.1439704 0.953762 0.02779203 0 0 0 1 0.9152455 -0.3455017 -0.2072537 0.1975275 0.3012187 0.9284157 -0.2175121 0.02499812 0.2675684 0.1366482 0.9538 0.02779263 0 0 0 1 0.9234412 -0.3231601 -0.2069387 0.1975257 0.2787199 0.9355018 -0.217144 0.02499747 0.2637638 0.1428418 0.9539521 0.02779221 0 0 0 1 0.9437217 -0.2584028 -0.2064403 0.1975202 0.2134549 0.9526328 -0.2166289 0.02499598 0.2526393 0.1603716 0.9541774 0.02779066 0 0 0 1 0.9594066 -0.192461 -0.2061505 0.197515 0.1471166 0.9651572 -0.2163981 0.0249949 0.2406158 0.1772856 0.9542924 0.02778929 0 0 0 1 0.9696692 -0.1309349 -0.2063919 0.1975098 0.08519524 0.9725139 -0.2166985 0.02499437 0.2290925 0.1925423 0.954172 0.02778804 0 0 0 1 0.9759269 -0.06894761 -0.2069135 0.1975052 0.02288985 0.975856 -0.2172123 0.02499413 0.2168941 0.207247 0.9539422 0.02778691 0 0 0 1 0.9776644 -0.03490895 -0.2072532 0.197502 -0.01126068 0.9759926 -0.2175124 0.02499401 0.2098708 0.2149879 0.9537999 0.02778619 0 0 0 1 0.9779271 -0.02601826 -0.2073204 0.1975015 -0.02016198 0.9758366 -0.2175691 0.02499407 0.2079716 0.2169467 0.9537725 0.02778613 0 0 0 1 0.9780549 -0.02021241 -0.2073646 0.1975009 -0.0259726 0.9756912 -0.2176057 0.02499407 0.2067221 0.2182162 0.9537545 0.02778595 0 0 0 1 0.9781101 -0.01705199 -0.2073888 0.1975008 -0.02913498 0.9755975 -0.2176256 0.02499407 0.2060389 0.2189041 0.9537447 0.02778595 0 0 0 1 0.9781246 -0.01609647 -0.2073961 0.1975008 -0.03009098 0.9755669 -0.2176316 0.02499407 0.2058319 0.2191116 0.9537419 0.02778589 0 0 0 1 0.9781123 -0.01690495 -0.2073899 0.1975007 -0.02928209 0.9755928 -0.2176265 0.02499407 0.2060071 0.218936 0.9537442 0.02778589 0 0 0 1 0.9780766 -0.01903647 -0.2073736 0.1975008 -0.02714931 0.9756574 -0.2176132 0.02499407 0.2064682 0.2184724 0.9537509 0.02778595 0 0 0 1 0.9780181 -0.02204978 -0.2073506 0.197501 -0.02413392 0.9757409 -0.2175942 0.02499407 0.2071184 0.2178153 0.9537603 0.02778601 0 0 0 1 0.9779397 -0.02550381 -0.2073243 0.1975014 -0.02067685 0.9758251 -0.2175724 0.02499407 0.2078613 0.2170595 0.9537709 0.02778607 0 0 0 1 0.9778492 -0.0289576 -0.2072982 0.1975015 -0.0172196 0.9758974 -0.2175505 0.02499407 0.2086015 0.2163011 0.9537816 0.02778613 0 0 0 1 0.9777601 -0.03197014 -0.2072754 0.197502 -0.01420342 0.9759501 -0.2175312 0.02499407 0.2092449 0.2156374 0.9537909 0.02778613 0 0 0 1 0.9776916 -0.03410083 -0.2072593 0.197502 -0.01207 0.9759817 -0.2175176 0.02499407 0.2096989 0.2151667 0.9537976 0.02778613 0 0 0 1 0.9776643 -0.034909 -0.2072532 0.1975022 -0.01126074 0.9759927 -0.2175124 0.02499407 0.2098708 0.2149879 0.9538 0.02778619 0 0 0 1</float_array>
        <technique_common>
          <accessor source="#node-Bip01_Spine_matrix-output-array" count="41" stride="16">
            <param name="TRANSFORM" type="float4x4"/>
          </accessor>
        </technique_common>
      </source>
      <source id="node-Bip01_Spine_matrix-interpolation">
        <Name_array id="node-Bip01_Spine_matrix-interpolation-array" count="41">LINEAR LINEAR LINEAR LINEAR LINEAR LINEAR LINEAR LINEAR LINEAR LINEAR LINEAR LINEAR LINEAR LINEAR LINEAR LINEAR LINEAR LINEAR LINEAR LINEAR LINEAR LINEAR LINEAR LINEAR LINEAR LINEAR LINEAR LINEAR LINEAR LINEAR LINEAR LINEAR LINEAR LINEAR LINEAR LINEAR LINEAR LINEAR LINEAR LINEAR LINEAR</Name_array>
        <technique_common>
          <accessor source="#node-Bip01_Spine_matrix-interpolation-array" count="41" stride="1">
            <param name="INTERPOLATION" type="name"/>
          </accessor>
        </technique_common>
      </source>
      <source id="node-Bip01_Spine1_matrix-input">
        <float_array id="node-Bip01_Spine1_matrix-input-array" count="41">40 40.03333 40.06667 40.1 40.13334 40.16667 40.2 40.23333 40.26667 40.3 40.33333 40.36666 40.4 40.43333 40.46667 40.5 40.53333 40.56667 40.6 40.63334 40.66667 40.7 40.73333 40.76667 40.8 40.83333 40.86666 40.9 40.93333 40.96667 41 41.03333 41.06667 41.1 41.13334 41.16667 41.2 41.23333 41.26667 41.3 41.33333</float_array>
        <technique_common>
          <accessor source="#node-Bip01_Spine1_matrix-input-array" count="41" stride="1">
            <param name="TIME" type="float"/>
          </accessor>
        </technique_common>
      </source>
      <source id="node-Bip01_Spine1_matrix-output">
