<?xml version="1.0" encoding="utf-8"?>
<COLLADA xmlns="http://www.collada.org/2005/11/COLLADASchema" version="1.4.1">
  <asset>
    <contributor>
      <author>MattO</author>
      <authoring_tool>OpenCOLLADA for 3ds Max;  Version: 1.3.0;  Revision: 839M;  Platform: x64;  Configuration: Release_Max2012</authoring_tool>
      <source_data>file:///C:/Dropbox/Prj/GGStout/Ryder/TP_Soldier_Ryder_Animation_Master.max</source_data>
    </contributor>
    <created>2011-09-29T18:37:53</created>
    <modified>2011-09-29T18:37:53</modified>
    <unit name="meter" meter="1"/>
    <up_axis>Z_UP</up_axis>
  </asset>
  <library_effects>
    <effect id="ShapeBounds">
      <profile_COMMON>
        <technique sid="common">
          <blinn>
            <emission>
              <color>0 0 0 1</color>
            </emission>
            <ambient>
              <color>0.1647059 1 0 1</color>
            </ambient>
            <diffuse>
              <color>0.1647059 1 0 1</color>
            </diffuse>
            <specular>
              <color>0.9 0.9 0.9 1</color>
            </specular>
            <shininess>
              <float>10</float>
            </shininess>
            <reflective>
              <color>0 0 0 1</color>
            </reflective>
            <transparent opaque="A_ONE">
              <color>1 1 1 1</color>
            </transparent>
            <transparency>
              <float>1</float>
            </transparency>
          </blinn>
        </technique>
      </profile_COMMON>
      <extra>
        <technique profile="OpenCOLLADA3dsMax">
          <extended_shader>
            <apply_reflection_dimming>0</apply_reflection_dimming>
            <dim_level>0</dim_level>
            <falloff_type>0</falloff_type>
            <index_of_refraction>1.5</index_of_refraction>
            <opacity_type>0</opacity_type>
            <reflection_level>3</reflection_level>
            <wire_size>1</wire_size>
            <wire_units>0</wire_units>
          </extended_shader>
          <shader>
            <ambient_diffuse_lock>1</ambient_diffuse_lock>
            <ambient_diffuse_texture_lock>1</ambient_diffuse_texture_lock>
            <diffuse_specular_lock>0</diffuse_specular_lock>
            <soften>0.1</soften>
            <use_self_illum_color>0</use_self_illum_color>
          </shader>
        </technique>
      </extra>
    </effect>
  </library_effects>
  <library_materials>
    <material id="ShapeBounds-material" name="ShapeBounds">
      <instance_effect url="#ShapeBounds"/>
    </material>
  </library_materials>
  <library_geometries>
    <geometry id="geom-Bounds" name="Bounds">
      <mesh>
        <source id="geom-Bounds-positions">
          <float_array id="geom-Bounds-positions-array" count="24">-0.425 -0.425 0 0.425 -0.425 0 -0.425 0.425 0 0.425 0.425 0 -0.425 -0.425 1.84 0.425 -0.425 1.84 -0.425 0.425 1.84 0.425 0.425 1.84</float_array>
          <technique_common>
            <accessor source="#geom-Bounds-positions-array" count="8" stride="3">
              <param name="X" type="float"/>
              <param name="Y" type="float"/>
              <param name="Z" type="float"/>
            </accessor>
          </technique_common>
        </source>
        <source id="geom-Bounds-normals">
          <float_array id="geom-Bounds-normals-array" count="72">0 0 -1 0 0 -1 0 0 -1 0 0 -1 0 0 1 0 0 1 0 0 1 0 0 1 0 -1 0 0 -1 0 0 -1 0 0 -1 0 1 0 0 1 0 0 1 0 0 1 0 0 0 1 0 0 1 0 0 1 0 0 1 0 -1 0 0 -1 0 0 -1 0 0 -1 0 0</float_array>
          <technique_common>
            <accessor source="#geom-Bounds-normals-array" count="24" stride="3">
              <param name="X" type="float"/>
              <param name="Y" type="float"/>
              <param name="Z" type="float"/>
            </accessor>
          </technique_common>
        </source>
        <source id="geom-Bounds-map1">
          <float_array id="geom-Bounds-map1-array" count="36">0 0 0 1 0 0 0 1 0 1 1 0 0 0 0 1 0 0 0 1 0 1 1 0 0 0 0 1 0 0 0 1 0 1 1 0</float_array>
          <technique_common>
            <accessor source="#geom-Bounds-map1-array" count="12" stride="3">
              <param name="S" type="float"/>
              <param name="T" type="float"/>
              <param name="P" type="float"/>
            </accessor>
          </technique_common>
        </source>
        <vertices id="geom-Bounds-vertices">
          <input semantic="POSITION" source="#geom-Bounds-positions"/>
        </vertices>
        <triangles material="ShapeBounds" count="12">
          <input semantic="VERTEX" source="#geom-Bounds-vertices" offset="0"/>
          <input semantic="NORMAL" source="#geom-Bounds-normals" offset="1"/>
          <input semantic="TEXCOORD" source="#geom-Bounds-map1" offset="2" set="0"/>
          <p>0 0 9 2 1 11 3 2 10 3 2 10 1 3 8 0 0 9 4 4 8 5 5 9 7 6 11 7 6 11 6 7 10 4 4 8 0 8 4 1 9 5 5 10 7 5 10 7 4 11 6 0 8 4 1 12 0 3 13 1 7 14 3 7 14 3 5 15 2 1 12 0 3 16 4 2 17 5 6 18 7 6 18 7 7 19 6 3 16 4 2 20 0 0 21 1 4 22 3 4 22 3 6 23 2 2 20 0</p>
        </triangles>
      </mesh>
      <extra>
        <technique profile="OpenCOLLADA3dsMax">
          <max_box>
            <generateuvs>1</generateuvs>
            <height>1.84</height>
            <heightsegments>1</heightsegments>
            <length>0.85</length>
            <lengthsegments>1</lengthsegments>
            <width>0.85</width>
            <widthsegments>1</widthsegments>
          </max_box>
        </technique>
      </extra>
    </geometry>
  </library_geometries>
  <library_lights>
    <light id="EnvironmentAmbientLight" name="EnvironmentAmbientLight">
      <technique_common>
        <ambient>
          <color>0 0 0</color>
        </ambient>
      </technique_common>
    </light>
  </library_lights>
  <library_visual_scenes>
    <visual_scene id="MaxScene">
      <node name="EnvironmentAmbientLight">
        <instance_light url="#EnvironmentAmbientLight"/>
      </node>
      <node id="node-Bip01" name="Bip01">
        <matrix sid="matrix">0.7792379 -0.6267171 0.003750026 -8.10623e-5 0.3946029 0.4952663 0.7739508 0.009366653 -0.4869055 -0.6016119 0.6332346 0.8041399 0 0 0 1</matrix>
        <node id="node-Bip01_Pelvis" name="Bip01_Pelvis">
          <matrix sid="matrix">-0.009626657 0.9981476 0.06007263 0 -0.1217414 -0.06079844 0.9906981 0 0.9925152 0.002223849 0.1221012 0 0 0 0 1</matrix>
          <node id="node-Bip01_Spine" name="Bip01_Spine">
            <matrix sid="matrix">0.9102761 -0.1242889 -0.3949047 0.1975094 0.1563549 0.9864374 0.04994366 0.02692926 0.3833415 -0.1072079 0.9173635 0.02593589 0 0 0 1</matrix>
            <node id="node-Bip01_Spine1" name="Bip01_Spine1">
              <matrix sid="matrix">0.9768052 0.202363 0.07000816 0.1022094 -0.2050412 0.9781839 0.03338137 -9.88245e-5 -0.06172574 -0.04696164 0.9969877 4.64916e-6 0 0 0 1</matrix>
              <node id="node-Bip01_Spine2" name="Bip01_Spine2">
                <matrix sid="matrix">0.9382486 -0.1808121 0.2949519 0.126897 0.1591713 0.9825715 0.09601055 -1.68279e-4 -0.3071713 -0.04313391 0.9506764 7.39098e-6 0 0 0 1</matrix>
                <node id="node-Bip01_Neck" name="Bip01_Neck">
                  <matrix>0.840708 -0.4308255 0.3280238 0.215107 0.4136219 0.9019012 0.1244631 -4.96209e-5 -0.3494668 0.03104067 0.9364346 -1.57952e-6 0 0 0 1</matrix>
                  <node id="node-Bip01_Head" name="Bip01_Head">
                    <matrix sid="matrix">0.780236 0.2694755 -0.5644597 0.07051826 -0.6185187 0.1980897 -0.7603913 -0.01395923 -0.09309331 0.9424137 0.3212322 5.96046e-8 0 0 0 1</matrix>
                    <node id="node-ALTEYE" name="ALTEYE">
                      <matrix sid="matrix">0.05499054 0.3708133 0.9270783 0.06454706 0.07993903 0.9238678 -0.3742706 0.221461 -0.9952819 0.09469081 0.02116134 0.04716256 0 0 0 1</matrix>
                    </node>
                  </node>
                  <node id="node-Bip01_L_Clavicle" name="Bip01_L_Clavicle">
                    <matrix>-0.5778345 -0.4531803 0.6787746 -0.04690337 0.2838089 -0.8913431 -0.3534965 -0.01204777 0.7652187 -0.01162016 0.6436654 0.05588397 0 0 0 1</matrix>
                    <node id="node-Bip01_L_UpperArm" name="Bip01_L_UpperArm">
                      <matrix sid="matrix">0.7592566 0.2668325 0.5935739 0.1824006 -0.6207932 0.5706785 0.5375331 0 -0.1953086 -0.7766122 0.5989391 0 0 0 0 1</matrix>
                      <node id="node-Bip01_L_Forearm" name="Bip01_L_Forearm">
                        <matrix sid="matrix">-0.4165733 0.9091022 -7.45058e-9 0.2843689 -0.909102 -0.4165734 3.72529e-9 0 -5.96046e-8 -7.45058e-9 1 -2.98023e-8 0 0 0 1</matrix>
                        <node id="node-Bip01_L_Hand" name="Bip01_L_Hand">
                          <matrix sid="matrix">0.9486403 0.2295761 -0.2176612 0.2810682 0.210482 -0.9716685 -0.1075073 -5.96046e-8 -0.2361755 0.05617195 -0.9700855 0 0 0 0 1</matrix>
                          <node id="node-Bip01_L_Finger0" name="Bip01_L_Finger0">
                            <matrix>0.6413841 0.3141904 0.6999363 0.02119678 0.7352948 0.008702889 -0.6776914 -0.004734278 -0.2190155 0.9493201 -0.2254407 -0.02572197 0 0 0 1</matrix>
                            <node id="node-Bip01_L_Finger01" name="Bip01_L_Finger01">
                              <matrix>0.9975641 -0.06975639 -2.98023e-8 0.04982853 0.06975649 0.9975641 -2.98023e-8 0 -2.98023e-8 9.31323e-9 1 0 0 0 0 1</matrix>
                              <node id="node-Bip01_L_Finger02" name="Bip01_L_Finger02">
                                <matrix>0.9203135 0.3911815 0 0.05202246 -0.3911815 0.9203135 1.49012e-8 0 2.98023e-8 2.23517e-8 0.9999999 5.96046e-8 0 0 0 1</matrix>
                              </node>
                            </node>
                          </node>
                          <node id="node-Bip01_L_Finger1" name="Bip01_L_Finger1">
                            <matrix>0.9592718 -0.2819768 -0.01693491 0.1199947 0.2798395 0.9567645 -0.07931919 -0.008367598 0.03856896 0.07134956 0.9967054 -0.04101396 0 0 0 1</matrix>
                            <node id="node-Bip01_L_Finger11" name="Bip01_L_Finger11">
                              <matrix>0.7001773 -0.7139691 5.58794e-9 0.0364418 0.7139691 0.7001772 4.47035e-8 0 -2.23517e-8 -3.84171e-8 1 0 0 0 0 1</matrix>
                              <node id="node-Bip01_L_Finger12" name="Bip01_L_Finger12">
                                <matrix>0.8757259 -0.4828088 0 0.03117555 0.4828088 0.8757259 -4.42378e-9 -5.96046e-8 6.14673e-8 9.31323e-9 1 0 0 0 0 1</matrix>
                              </node>
                            </node>
                          </node>
                          <node id="node-Bip01_L_Finger2" name="Bip01_L_Finger2">
                            <matrix sid="matrix">0.9066654 -0.4205882 -0.03260916 0.1229538 0.4217875 0.9024837 0.08728343 -0.008802116 -0.007281084 -0.09289102 0.9956496 -0.0132826 0 0 0 1</matrix>
                            <node id="node-Bip01_L_Finger21" name="Bip01_L_Finger21">
                              <matrix>0.8156036 -0.5786111 7.45058e-9 0.03895521 0.5786111 0.8156036 -6.70552e-8 2.98023e-8 -1.49012e-8 1.58325e-8 1 5.96046e-8 0 0 0 1</matrix>
                              <node id="node-Bip01_L_Finger22" name="Bip01_L_Finger22">
                                <matrix>0.9762959 -0.2164397 -7.45058e-9 0.03800535 0.2164396 0.9762961 3.81842e-8 0 0 -4.09782e-8 1 -5.96046e-8 0 0 0 1</matrix>
                              </node>
                            </node>
                          </node>
                          <node id="node-Bip01_L_Finger3" name="Bip01_L_Finger3">
                            <matrix sid="matrix">0.9367909 -0.3380129 -0.09038843 0.1211881 0.3480915 0.9264981 0.1429456 -0.001191258 0.03542735 -0.1653736 0.9855943 0.01196861 0 0 0 1</matrix>
                            <node id="node-Bip01_L_Finger31" name="Bip01_L_Finger31">
                              <matrix>0.9381477 -0.3462351 1.49012e-8 0.03155839 0.3462351 0.9381478 0 -2.98023e-8 -1.49012e-8 -2.23517e-8 1 5.96046e-8 0 0 0 1</matrix>
                              <node id="node-Bip01_L_Finger32" name="Bip01_L_Finger32">
                                <matrix sid="matrix">0.8922837 -0.4514751 0 0.03366601 0.4514751 0.8922837 1.86265e-8 -5.96046e-8 2.23517e-8 1.67638e-8 1 5.96046e-8 0 0 0 1</matrix>
                              </node>
                            </node>
                          </node>
                          <node id="node-Bip01_L_Finger4" name="Bip01_L_Finger4">
                            <matrix sid="matrix">0.9820986 -0.1883418 0.003122255 0.1136797 0.185774 0.9711844 0.1492954 0.005147368 -0.03115072 -0.1460428 0.9887877 0.03886575 0 0 0 1</matrix>
                            <node id="node-Bip01_L_Finger41" name="Bip01_L_Finger41">
                              <matrix sid="matrix">0.8499687 -0.5268333 -5.21541e-8 0.03661609 0.5268333 0.8499686 -2.98023e-8 5.96046e-8 -1.49012e-8 1.86265e-8 1 2.98023e-8 0 0 0 1</matrix>
                              <node id="node-Bip01_L_Finger42" name="Bip01_L_Finger42">
                                <matrix sid="matrix">0.9624562 -0.2714371 -1.49012e-8 0.01772642 0.2714372 0.9624563 0 -2.98023e-8 -1.49012e-8 3.07336e-8 1 -5.96046e-8 0 0 0 1</matrix>
                              </node>
                            </node>
                          </node>
                        </node>
                      </node>
                    </node>
                  </node>
                  <node id="node-Bip01_R_Clavicle" name="Bip01_R_Clavicle">
                    <matrix>0.2073931 -0.1669672 -0.9639035 8.67128e-4 0.5679265 -0.7817279 0.2576056 -0.01629049 -0.7965221 -0.6008521 -0.06729987 -0.07212153 0 0 0 1</matrix>
                    <node id="node-Bip01_R_UpperArm" name="Bip01_R_UpperArm">
                      <matrix sid="matrix">-0.2075307 0.9297468 -0.3041415 0.1824007 -0.9727327 -0.2290483 -0.03644663 5.96046e-8 -0.1035491 0.2882845 0.9519295 1.19209e-7 0 0 0 1</matrix>
                      <node id="node-Bip01_R_Forearm" name="Bip01_R_Forearm">
                        <matrix sid="matrix">0.619446 0.7850393 0 0.2843689 -0.7850393 0.619446 0 0 -2.98023e-8 8.9407e-8 1 0 0 0 0 1</matrix>
                        <node id="node-Bip01_R_Hand" name="Bip01_R_Hand">
                          <matrix sid="matrix">0.9542505 0.250466 -0.1633175 0.2810681 0.100553 -0.7831933 -0.6135938 2.98023e-8 -0.2815936 0.5691001 -0.7725478 -1.19209e-7 0 0 0 1</matrix>
                          <node id="node-Bip01_R_Finger0" name="Bip01_R_Finger0">
                            <matrix>0.5215105 0.269013 -0.8097275 0.02119684 0.7250716 0.3605265 0.5867639 -0.004734248 0.4497752 -0.8931139 -0.007035494 0.02572167 0 0 0 1</matrix>
                            <node id="node-Bip01_R_Finger01" name="Bip01_R_Finger01">
                              <matrix>0.6423534 -0.7636238 0.06527568 0.04982865 0.7605617 0.6456372 0.06854745 -2.38419e-7 -0.09448889 0.005614487 0.9955102 5.96046e-8 0 0 0 1</matrix>
                              <node id="node-Bip01_R_Finger02" name="Bip01_R_Finger02">
                                <matrix>0.9505159 -0.3106765 -9.77889e-9 0.0520224 0.3106766 0.9505159 -1.39698e-8 1.19209e-7 6.1933e-8 -7.45058e-9 1 5.96046e-8 0 0 0 1</matrix>
                              </node>
                            </node>
                          </node>
                          <node id="node-Bip01_R_Finger1" name="Bip01_R_Finger1">
                            <matrix>0.9820224 -0.1733428 -0.07472671 0.1199947 0.1795577 0.9799358 0.08651491 -0.008367598 0.05823064 -0.09837732 0.9934439 0.04101384 0 0 0 1</matrix>
                            <node id="node-Bip01_R_Finger11" name="Bip01_R_Finger11">
                              <matrix>0.8240548 -0.5665104 -7.45058e-9 0.03644168 0.5665103 0.8240548 0 -2.98023e-8 -5.58794e-9 0 0.9999999 1.19209e-7 0 0 0 1</matrix>
                              <node id="node-Bip01_R_Finger12" name="Bip01_R_Finger12">
                                <matrix>0.8146398 -0.5796779 0.01831834 0.03117543 0.5799672 0.8142333 -0.02573049 0 7.45058e-9 0.0315851 0.9995012 -5.96046e-8 0 0 0 1</matrix>
                              </node>
                            </node>
                          </node>
                          <node id="node-Bip01_R_Finger2" name="Bip01_R_Finger2">
                            <matrix>0.6754013 -0.7374503 -1.52122e-4 0.1229538 0.7368313 0.6748428 -0.04082685 -0.008802056 0.03021043 0.02746241 0.9991661 0.0132823 0 0 0 1</matrix>
                            <node id="node-Bip01_R_Finger21" name="Bip01_R_Finger21">
                              <matrix>0.5508358 -0.8338857 -0.03484872 0.03895527 0.8322219 0.551937 -0.05265061 0 0.0631389 -5.58794e-9 0.9980047 1.19209e-7 0 0 0 1</matrix>
                              <node id="node-Bip01_R_Finger22" name="Bip01_R_Finger22">
                                <matrix>0.1984733 -0.9799247 0.01886614 0.03800532 0.9755273 0.1993679 0.09272985 0 -0.09462959 4.47035e-8 0.9955125 -1.19209e-7 0 0 0 1</matrix>
                              </node>
                            </node>
                          </node>
                          <node id="node-Bip01_R_Finger3" name="Bip01_R_Finger3">
                            <matrix>0.7159052 -0.6949216 0.06755467 0.1211882 0.6883786 0.6863562 -0.234627 -0.001191258 0.1166808 0.2144739 0.9697352 -0.01196861 0 0 0 1</matrix>
                            <node id="node-Bip01_R_Finger31" name="Bip01_R_Finger31">
                              <matrix>0.4441953 -0.8949346 0.04222358 0.03155857 0.8909185 0.4461976 0.08468752 -5.96046e-8 -0.09462987 -3.72529e-9 0.9955125 1.19209e-7 0 0 0 1</matrix>
                              <node id="node-Bip01_R_Finger32" name="Bip01_R_Finger32">
                                <matrix>0.1993681 -0.9794358 -0.03095102 0.03366598 0.9799249 0.1992685 0.006297061 0 -9.31323e-9 -0.03158513 0.9995012 0 0 0 0 1</matrix>
                              </node>
                            </node>
                          </node>
                          <node id="node-Bip01_R_Finger4" name="Bip01_R_Finger4">
                            <matrix>0.5925791 -0.789795 -0.1583476 0.1136797 0.7783521 0.6120424 -0.1399001 0.005147398 0.2074078 -0.0403483 0.9774221 -0.03886569 0 0 0 1</matrix>
                            <node id="node-Bip01_R_Finger41" name="Bip01_R_Finger41">
                              <matrix>0.4202556 -0.9064697 0.04120623 0.03661615 0.906853 0.421151 0.01578779 5.96046e-8 -0.03166524 0.03073309 0.9990259 1.19209e-7 0 0 0 1</matrix>
                              <node id="node-Bip01_R_Finger42" name="Bip01_R_Finger42">
                                <matrix>0.4024471 -0.9138246 -0.05441486 0.01772624 0.9154232 0.4021218 0.01728317 -1.19209e-7 0.006087601 -0.05676819 0.9983689 -5.96046e-8 0 0 0 1</matrix>
                              </node>
                            </node>
                          </node>
                          <node id="node-MOUNT0" name="MOUNT0">
                            <matrix>-6.37796e-7 1 1.28057e-9 0.1095391 -1 -6.5221e-7 4.76837e-7 0.02518257 4.80562e-7 3.37604e-9 0.9999999 0.01321661 0 0 0 1</matrix>
                          </node>
                        </node>
                      </node>
                    </node>
                  </node>
                </node>
                <node id="node-Bip01_L_Pauldron_Upper" name="Bip01_L_Pauldron_Upper">
                  <matrix>0.9726267 0.1182923 0.2000106 0.1769029 0.1448455 -0.9816829 -0.1237683 -0.03908366 0.1817062 0.149351 -0.9719452 0.2290199 0 0 0 1</matrix>
                </node>
                <node id="node-Bip01_R_Pauldron_Lower" name="Bip01_R_Pauldron_Lower">
                  <matrix>-0.1156724 -0.9403759 -0.3198654 0.1729059 0.9097751 -0.2295503 0.3458565 -0.1133294 -0.3986599 -0.2509995 0.8820828 -0.2351094 0 0 0 1</matrix>
                </node>
                <node id="node-Bip01_L_Pauldron_Lower" name="Bip01_L_Pauldron_Lower">
                  <matrix>-0.2224679 -0.9222333 0.3162188 0.1529202 0.4323041 -0.3840302 -0.8158641 -0.1054225 0.8738546 -0.04480106 0.4841193 0.2344801 0 0 0 1</matrix>
                </node>
              </node>
            </node>
            <node id="node-Bip01_L_Thigh" name="Bip01_L_Thigh">
              <matrix sid="matrix">-0.5659886 0.8188208 -0.09586093 -0.1450702 0.4710931 0.4166517 0.7774783 -0.01290265 0.6765561 0.3948845 -0.621561 0.1698114 0 0 0 1</matrix>
              <node id="node-Bip01_L_Calf" name="Bip01_L_Calf">
                <matrix sid="matrix">0.5122988 0.8588073 -7.45058e-9 0.4629987 -0.8588072 0.5122988 1.67638e-8 7.45058e-9 5.21541e-8 -9.68575e-8 1 9.31323e-9 0 0 0 1</matrix>
                <node id="node-Bip01_L_Foot" name="Bip01_L_Foot">
                  <matrix sid="matrix">0.8140748 0.576306 -0.07179186 0.3610501 -0.5642482 0.8141303 0.1371719 2.98023e-8 0.1375007 -0.07115967 0.9879422 -3.72529e-9 0 0 0 1</matrix>
                  <node id="node-Bip01_L_Toe0" name="Bip01_L_Toe0">
                    <matrix sid="matrix">4.47035e-7 -1 1.38953e-6 0.1486306 1 4.17233e-7 2.23517e-8 0.1543275 -2.23517e-8 1.3893e-6 1 0 0 0 0 1</matrix>
                  </node>
                </node>
              </node>
            </node>
            <node id="node-Bip01_R_Thigh" name="Bip01_R_Thigh">
              <matrix sid="matrix">-0.9188524 0.388423 -0.06955613 -0.2428116 0.3453853 0.8769041 0.3342875 0.01443207 0.190839 0.2831373 -0.9399011 -0.06409162 0 0 0 1</matrix>
              <node id="node-Bip01_R_Calf" name="Bip01_R_Calf">
                <matrix sid="matrix">0.7818705 0.623441 0 0.4629987 -0.623441 0.7818705 0 -2.98023e-8 1.49012e-8 -5.96046e-8 1 0 0 0 0 1</matrix>
                <node id="node-Bip01_R_Foot" name="Bip01_R_Foot">
                  <matrix sid="matrix">0.7349801 0.6750678 0.0639322 0.3610501 -0.677192 0.7355852 0.0180327 2.98023e-8 -0.03485428 -0.05654809 0.9977912 -5.96046e-8 0 0 0 1</matrix>
                  <node id="node-Bip01_R_Toe0" name="Bip01_R_Toe0">
                    <matrix sid="matrix">-0.1805803 -0.9786914 0.09774533 0.1486307 0.9833317 -0.1817874 -0.003513992 0.1543274 0.02120796 0.09548156 0.9952054 0 0 0 0 1</matrix>
                  </node>
                </node>
              </node>
            </node>
          </node>
          <node id="node-Bip01_FannyPack" name="Bip01_FannyPack">
            <matrix>-0.9629917 -0.2062316 0.1735378 0.2299507 -0.2083318 0.9780384 0.006226957 -0.1378937 -0.1710109 -0.03015688 -0.9848075 0.01013964 0 0 0 1</matrix>
          </node>
        </node>
        <node id="node-EYE" name="EYE">
          <matrix sid="matrix">0.779238 0.394603 -0.4869054 -0.3327531 -0.6267172 0.4952663 -0.6016119 -0.4165074 0.003750146 0.7739506 0.6332345 0.5583074 0 0 0 1</matrix>
          <node id="node-CAM" name="CAM">
            <matrix>1 -6.03104e-8 3.55271e-15 4.84288e-8 6.03104e-8 1 -2.32831e-9 -0.104 -3.55271e-15 2.32832e-9 1 0.3005601 0 0 0 1</matrix>
          </node>
        </node>
      </node>
      <node id="node-Bounds" name="Bounds">
        <matrix>0.9999915 0.001706907 0.003750479 0 -0.001711356 0.9999978 0.001183292 0.1035326 -0.003748452 -0.0011897 0.9999923 -8.93474e-5 0 0 0 1</matrix>
        <instance_geometry url="#geom-Bounds">
          <bind_material>
            <technique_common>
              <instance_material symbol="ShapeBounds" target="#ShapeBounds-material"/>
            </technique_common>
          </bind_material>
        </instance_geometry>
      </node>
    </visual_scene>
  </library_visual_scenes>
  <library_animations>
    <animation>
      <source id="node-Bip01_matrix-input">
        <float_array id="node-Bip01_matrix-input-array" count="60">50.33333 50.36666 50.4 50.43333 50.46667 50.5 50.53333 50.56667 50.6 50.63334 50.66667 50.7 50.73333 50.76667 50.8 50.83333 50.86666 50.9 50.93333 50.96667 51 51.03333 51.06667 51.1 51.13334 51.16667 51.2 51.23333 51.26667 51.3 51.33333 51.36666 51.4 51.43333 51.46667 51.5 51.53333 51.56667 51.6 51.63334 51.66667 51.7 51.73333 51.76667 51.8 51.83333 51.86666 51.9 51.93333 51.96667 52 52.03333 52.06667 52.1 52.13334 52.16667 52.2 52.23333 52.26667 52.3</float_array>
        <technique_common>
          <accessor source="#node-Bip01_matrix-input-array" count="60" stride="1">
            <param name="TIME" type="float"/>
          </accessor>
        </technique_common>
      </source>
      <source id="node-Bip01_matrix-output">
        <float_array id="node-Bip01_matrix-output-array" count="960">0.7792379 -0.6267171 0.003750026 -8.10623e-5 0.3946029 0.4952663 0.7739508 0.009366631 -0.4869055 -0.6016119 0.6332346 0.8041399 0 0 0 1 0.7792379 -0.626717 0.003750026 -8.10623e-5 0.3946028 0.4952663 0.7739508 0.009366631 -0.4869054 -0.6016119 0.6332346 0.8070518 0 0 0 1 0.7792379 -0.6267171 0.003750026 -8.10623e-5 0.3946029 0.4952663 0.7739508 0.009366631 -0.4869055 -0.6016119 0.6332346 0.8102074 0 0 0 1 0.7792379 -0.6267171 0.003749966 -8.10623e-5 0.3946029 0.4952663 0.7739508 0.009366631 -0.4869054 -0.6016119 0.6332347 0.8135831 0 0 0 1 0.7792378 -0.6267172 0.003749907 -8.10623e-5 0.394603 0.4952662 0.7739509 0.009366631 -0.4869055 -0.601612 0.6332345 0.8171564 0 0 0 1 0.7792379 -0.6267171 0.003749966 -8.10623e-5 0.3946029 0.4952663 0.7739508 0.009366631 -0.4869055 -0.601612 0.6332346 0.8209043 0 0 0 1 0.7792379 -0.6267171 0.003749966 -8.10623e-5 0.3946028 0.4952662 0.7739508 0.009366631 -0.4869055 -0.601612 0.6332346 0.8248035 0 0 0 1 0.7792379 -0.6267171 0.003750026 -8.10623e-5 0.3946029 0.4952663 0.7739508 0.009366631 -0.4869055 -0.601612 0.6332346 0.8288313 0 0 0 1 0.7792379 -0.6267172 0.003750026 -8.10623e-5 0.394603 0.4952663 0.7739509 0.009366631 -0.4869055 -0.601612 0.6332346 0.8329666 0 0 0 1 0.7792378 -0.6267172 0.003750026 -8.10623e-5 0.3946029 0.4952662 0.7739508 0.009366631 -0.4869055 -0.601612 0.6332346 0.8371826 0 0 0 1 0.7792378 -0.6267172 0.003749966 -8.10623e-5 0.394603 0.4952663 0.7739508 0.009366631 -0.4869055 -0.6016119 0.6332346 0.8414582 0 0 0 1 0.7792379 -0.6267171 0.003750026 -8.10623e-5 0.3946029 0.4952663 0.7739508 0.009366631 -0.4869055 -0.6016119 0.6332346 0.8457703 0 0 0 1 0.7792378 -0.6267172 0.003749966 -8.10623e-5 0.3946029 0.4952661 0.7739509 0.009366631 -0.4869056 -0.601612 0.6332345 0.8500961 0 0 0 1 0.7792379 -0.6267171 0.003750026 -8.10623e-5 0.3946029 0.4952663 0.7739508 0.009366631 -0.4869055 -0.601612 0.6332346 0.8544124 0 0 0 1 0.7792378 -0.6267172 0.003749966 -8.10623e-5 0.394603 0.4952662 0.7739508 0.009366631 -0.4869055 -0.601612 0.6332346 0.8586966 0 0 0 1 0.7792378 -0.6267172 0.003750026 -8.10623e-5 0.3946029 0.4952662 0.7739508 0.009366631 -0.4869055 -0.601612 0.6332346 0.8629255 0 0 0 1 0.7792378 -0.6267172 0.003750026 -8.10623e-5 0.3946029 0.4952662 0.7739508 0.009366631 -0.4869055 -0.601612 0.6332346 0.867076 0 0 0 1 0.7792378 -0.6267172 0.003749966 -8.10623e-5 0.3946029 0.4952661 0.7739509 0.009366631 -0.4869056 -0.601612 0.6332345 0.8711254 0 0 0 1 0.7792378 -0.6267172 0.003750026 -8.10623e-5 0.3946029 0.4952662 0.7739508 0.009366631 -0.4869055 -0.601612 0.6332346 0.8750504 0 0 0 1 0.7792378 -0.6267172 0.003750026 -8.10623e-5 0.3946029 0.4952661 0.7739509 0.009366631 -0.4869056 -0.601612 0.6332345 0.8788283 0 0 0 1 0.7792378 -0.6267172 0.003750026 -8.10623e-5 0.3946029 0.4952661 0.7739509 0.009366631 -0.4869056 -0.601612 0.6332345 0.8824359 0 0 0 1 0.7792378 -0.6267172 0.003750026 -8.10623e-5 0.3946029 0.4952662 0.7739509 0.009366631 -0.4869056 -0.601612 0.6332345 0.8858506 0 0 0 1 0.7792378 -0.6267172 0.003750026 -8.10623e-5 0.3946029 0.4952662 0.7739508 0.009366631 -0.4869055 -0.601612 0.6332346 0.889049 0 0 0 1 0.7792378 -0.6267172 0.003750026 -8.10623e-5 0.3946029 0.4952662 0.7739508 0.009366631 -0.4869056 -0.601612 0.6332346 0.8920083 0 0 0 1 0.7792378 -0.6267173 0.003749966 -8.10623e-5 0.394603 0.4952661 0.7739509 0.009366631 -0.4869056 -0.6016119 0.6332345 0.8947068 0 0 0 1 0.7792378 -0.6267173 0.003750026 -8.10623e-5 0.394603 0.4952662 0.7739508 0.009366631 -0.4869056 -0.601612 0.6332346 0.8971188 0 0 0 1 0.7792376 -0.6267173 0.003749966 -8.10623e-5 0.394603 0.4952661 0.7739509 0.009366631 -0.4869057 -0.601612 0.6332345 0.8992227 0 0 0 1 0.7792378 -0.6267173 0.003749966 -8.10623e-5 0.394603 0.4952662 0.7739508 0.009366631 -0.4869056 -0.6016119 0.6332346 0.9009957 0 0 0 1 0.7792377 -0.6267173 0.003749966 -8.10623e-5 0.3946029 0.495266 0.773951 0.009366631 -0.4869057 -0.601612 0.6332344 0.9024148 0 0 0 1 0.7792377 -0.6267173 0.003749966 -8.10623e-5 0.394603 0.4952661 0.7739509 0.009366631 -0.4869056 -0.6016119 0.6332345 0.9034567 0 0 0 1 0.7792377 -0.6267173 0.003749966 -8.10623e-5 0.394603 0.4952661 0.7739509 0.009366631 -0.4869056 -0.601612 0.6332345 0.9040989 0 0 0 1 0.7792377 -0.6267173 0.003749966 -8.10623e-5 0.3946029 0.4952661 0.7739509 0.009366631 -0.4869057 -0.601612 0.6332345 0.9043179 0 0 0 1 0.7792377 -0.6267173 0.003749966 -8.10623e-5 0.3946029 0.495266 0.773951 0.009366631 -0.4869057 -0.601612 0.6332344 0.9040669 0 0 0 1 0.7792376 -0.6267173 0.003749966 -8.10623e-5 0.3946029 0.495266 0.773951 0.009366631 -0.4869058 -0.601612 0.6332344 0.9033325 0 0 0 1 0.7792376 -0.6267173 0.003749966 -8.10623e-5 0.3946029 0.495266 0.773951 0.009366631 -0.4869058 -0.601612 0.6332344 0.902143 0 0 0 1 0.7792377 -0.6267173 0.003749966 -8.10623e-5 0.3946029 0.495266 0.773951 0.009366631 -0.4869057 -0.601612 0.6332344 0.9005278 0 0 0 1 0.7792376 -0.6267175 0.003749966 -8.10623e-5 0.394603 0.495266 0.7739509 0.009366631 -0.4869058 -0.601612 0.6332345 0.8985134 0 0 0 1 0.7792376 -0.6267173 0.003749966 -8.10623e-5 0.3946029 0.495266 0.773951 0.009366631 -0.4869058 -0.601612 0.6332344 0.8961287 0 0 0 1 0.7792376 -0.6267175 0.003749966 -8.10623e-5 0.394603 0.4952659 0.7739511 0.009366631 -0.4869058 -0.601612 0.6332344 0.8934021 0 0 0 1 0.7792376 -0.6267175 0.003750026 -8.10623e-5 0.394603 0.495266 0.773951 0.009366631 -0.4869058 -0.6016119 0.6332345 0.8903619 0 0 0 1 0.7792376 -0.6267174 0.003749966 -8.10623e-5 0.394603 0.495266 0.7739511 0.009366631 -0.4869058 -0.601612 0.6332344 0.8870363 0 0 0 1 0.7792376 -0.6267174 0.003749966 -8.10623e-5 0.394603 0.495266 0.7739511 0.009366631 -0.4869058 -0.601612 0.6332344 0.8834536 0 0 0 1 0.7792376 -0.6267175 0.003749966 -8.10623e-5 0.394603 0.4952659 0.7739511 0.009366631 -0.4869058 -0.601612 0.6332344 0.8796437 0 0 0 1 0.7792376 -0.6267175 0.003749966 -8.10623e-5 0.394603 0.4952659 0.7739511 0.009366631 -0.4869058 -0.601612 0.6332344 0.8756317 0 0 0 1 0.7792376 -0.6267175 0.003749966 -8.10623e-5 0.394603 0.4952659 0.7739511 0.009366631 -0.4869058 -0.601612 0.6332344 0.8714473 0 0 0 1 0.7792376 -0.6267175 0.003750026 -8.10623e-5 0.394603 0.495266 0.773951 0.009366631 -0.4869058 -0.6016119 0.6332345 0.867119 0 0 0 1 0.7792376 -0.6267175 0.003750026 -8.10623e-5 0.394603 0.4952659 0.7739511 0.009366631 -0.4869058 -0.601612 0.6332344 0.8626749 0 0 0 1 0.7792376 -0.6267175 0.003750026 -8.10623e-5 0.394603 0.4952659 0.7739511 0.009366631 -0.4869058 -0.601612 0.6332344 0.8581433 0 0 0 1 0.7792376 -0.6267175 0.003749966 -8.10623e-5 0.394603 0.4952659 0.7739511 0.009366631 -0.4869059 -0.601612 0.6332344 0.8535525 0 0 0 1 0.7792376 -0.6267175 0.003750026 -8.10623e-5 0.394603 0.4952659 0.7739511 0.009366631 -0.4869058 -0.601612 0.6332344 0.8489307 0 0 0 1 0.7792376 -0.6267175 0.003749966 -8.10623e-5 0.394603 0.4952659 0.7739511 0.009366631 -0.4869059 -0.601612 0.6332344 0.8443085 0 0 0 1 0.7792376 -0.6267175 0.003749966 -8.10623e-5 0.394603 0.4952659 0.773951 0.009366631 -0.4869058 -0.6016119 0.6332344 0.8397096 0 0 0 1 0.7792376 -0.6267175 0.003749966 -8.10623e-5 0.394603 0.4952659 0.773951 0.009366631 -0.4869058 -0.6016119 0.6332344 0.8351649 0 0 0 1 0.7792376 -0.6267175 0.003750026 -8.10623e-5 0.394603 0.4952659 0.7739511 0.009366631 -0.4869059 -0.601612 0.6332343 0.8307022 0 0 0 1 0.7792376 -0.6267175 0.003749966 -8.10623e-5 0.394603 0.4952659 0.7739511 0.009366631 -0.4869059 -0.601612 0.6332343 0.8263499 0 0 0 1 0.7792376 -0.6267174 0.003749966 -8.10623e-5 0.394603 0.4952659 0.773951 0.009366631 -0.4869058 -0.6016119 0.6332344 0.8221362 0 0 0 1 0.7792376 -0.6267175 0.003749966 -8.10623e-5 0.3946029 0.4952659 0.7739511 0.009366631 -0.4869059 -0.601612 0.6332343 0.8180897 0 0 0 1 0.7792376 -0.6267175 0.003749966 -8.10623e-5 0.394603 0.4952659 0.773951 0.009366631 -0.4869059 -0.6016119 0.6332344 0.8142399 0 0 0 1 0.7792376 -0.6267175 0.003749966 -8.10623e-5 0.394603 0.4952659 0.773951 0.009366631 -0.4869058 -0.6016119 0.6332344 0.8106121 0 0 0 1 0.7792376 -0.6267175 0.003749966 -8.10623e-5 0.394603 0.4952659 0.7739511 0.009366631 -0.4869059 -0.601612 0.6332343 0.807236 0 0 0 1</float_array>
        <technique_common>
          <accessor source="#node-Bip01_matrix-output-array" count="60" stride="16">
            <param name="TRANSFORM" type="float4x4"/>
          </accessor>
        </technique_common>
      </source>
      <source id="node-Bip01_matrix-interpolation">
        <Name_array id="node-Bip01_matrix-interpolation-array" count="60">LINEAR LINEAR LINEAR LINEAR LINEAR LINEAR LINEAR LINEAR LINEAR LINEAR LINEAR LINEAR LINEAR LINEAR LINEAR LINEAR LINEAR LINEAR LINEAR LINEAR LINEAR LINEAR LINEAR LINEAR LINEAR LINEAR LINEAR LINEAR LINEAR LINEAR LINEAR LINEAR LINEAR LINEAR LINEAR LINEAR LINEAR LINEAR LINEAR LINEAR LINEAR LINEAR LINEAR LINEAR LINEAR LINEAR LINEAR LINEAR LINEAR LINEAR LINEAR LINEAR LINEAR LINEAR LINEAR LINEAR LINEAR LINEAR LINEAR LINEAR</Name_array>
        <technique_common>
          <accessor source="#node-Bip01_matrix-interpolation-array" count="60" stride="1">
            <param name="INTERPOLATION" type="name"/>
          </accessor>
        </technique_common>
      </source>
      <source id="node-Bip01_Pelvis_matrix-input">
        <float_array id="node-Bip01_Pelvis_matrix-input-array" count="60">50.33333 50.36666 50.4 50.43333 50.46667 50.5 50.53333 50.56667 50.6 50.63334 50.66667 50.7 50.73333 50.76667 50.8 50.83333 50.86666 50.9 50.93333 50.96667 51 51.03333 51.06667 51.1 51.13334 51.16667 51.2 51.23333 51.26667 51.3 51.33333 51.36666 51.4 51.43333 51.46667 51.5 51.53333 51.56667 51.6 51.63334 51.66667 51.7 51.73333 51.76667 51.8 51.83333 51.86666 51.9 51.93333 51.96667 52 52.03333 52.06667 52.1 52.13334 52.16667 52.2 52.23333 52.26667 52.3</float_array>
        <technique_common>
          <accessor source="#node-Bip01_Pelvis_matrix-input-array" count="60" stride="1">
            <param name="TIME" type="float"/>
          </accessor>
        </technique_common>
      </source>
      <source id="node-Bip01_Pelvis_matrix-output">
