<?xml version="1.0" encoding="utf-8"?>
<COLLADA xmlns="http://www.collada.org/2005/11/COLLADASchema" version="1.4.1">
  <asset>
    <contributor>
      <author>MattO</author>
      <authoring_tool>OpenCOLLADA for 3ds Max;  Version: 1.3.0;  Revision: 839M;  Platform: x64;  Configuration: Release_Max2012</authoring_tool>
      <source_data>file:///C:/Dropbox/Prj/GGStout/Ryder/TP_Soldier_Ryder_Animation_Master.max</source_data>
    </contributor>
    <created>2011-09-29T18:38:19</created>
    <modified>2011-09-29T18:38:19</modified>
    <unit name="meter" meter="1"/>
    <up_axis>Z_UP</up_axis>
  </asset>
  <library_effects>
    <effect id="ShapeBounds">
      <profile_COMMON>
        <technique sid="common">
          <blinn>
            <emission>
              <color>0 0 0 1</color>
            </emission>
            <ambient>
              <color>0.1647059 1 0 1</color>
            </ambient>
            <diffuse>
              <color>0.1647059 1 0 1</color>
            </diffuse>
            <specular>
              <color>0.9 0.9 0.9 1</color>
            </specular>
            <shininess>
              <float>10</float>
            </shininess>
            <reflective>
              <color>0 0 0 1</color>
            </reflective>
            <transparent opaque="A_ONE">
              <color>1 1 1 1</color>
            </transparent>
            <transparency>
              <float>1</float>
            </transparency>
          </blinn>
        </technique>
      </profile_COMMON>
      <extra>
        <technique profile="OpenCOLLADA3dsMax">
          <extended_shader>
            <apply_reflection_dimming>0</apply_reflection_dimming>
            <dim_level>0</dim_level>
            <falloff_type>0</falloff_type>
            <index_of_refraction>1.5</index_of_refraction>
            <opacity_type>0</opacity_type>
            <reflection_level>3</reflection_level>
            <wire_size>1</wire_size>
            <wire_units>0</wire_units>
          </extended_shader>
          <shader>
            <ambient_diffuse_lock>1</ambient_diffuse_lock>
            <ambient_diffuse_texture_lock>1</ambient_diffuse_texture_lock>
            <diffuse_specular_lock>0</diffuse_specular_lock>
            <soften>0.1</soften>
            <use_self_illum_color>0</use_self_illum_color>
          </shader>
        </technique>
      </extra>
    </effect>
  </library_effects>
  <library_materials>
    <material id="ShapeBounds-material" name="ShapeBounds">
      <instance_effect url="#ShapeBounds"/>
    </material>
  </library_materials>
  <library_geometries>
    <geometry id="geom-Bounds" name="Bounds">
      <mesh>
        <source id="geom-Bounds-positions">
          <float_array id="geom-Bounds-positions-array" count="24">-0.425 -0.425 0 0.425 -0.425 0 -0.425 0.425 0 0.425 0.425 0 -0.425 -0.425 1.84 0.425 -0.425 1.84 -0.425 0.425 1.84 0.425 0.425 1.84</float_array>
          <technique_common>
            <accessor source="#geom-Bounds-positions-array" count="8" stride="3">
              <param name="X" type="float"/>
              <param name="Y" type="float"/>
              <param name="Z" type="float"/>
            </accessor>
          </technique_common>
        </source>
        <source id="geom-Bounds-normals">
          <float_array id="geom-Bounds-normals-array" count="72">0 0 -1 0 0 -1 0 0 -1 0 0 -1 0 0 1 0 0 1 0 0 1 0 0 1 0 -1 0 0 -1 0 0 -1 0 0 -1 0 1 0 0 1 0 0 1 0 0 1 0 0 0 1 0 0 1 0 0 1 0 0 1 0 -1 0 0 -1 0 0 -1 0 0 -1 0 0</float_array>
          <technique_common>
            <accessor source="#geom-Bounds-normals-array" count="24" stride="3">
              <param name="X" type="float"/>
              <param name="Y" type="float"/>
              <param name="Z" type="float"/>
            </accessor>
          </technique_common>
        </source>
        <source id="geom-Bounds-map1">
          <float_array id="geom-Bounds-map1-array" count="36">0 0 0 1 0 0 0 1 0 1 1 0 0 0 0 1 0 0 0 1 0 1 1 0 0 0 0 1 0 0 0 1 0 1 1 0</float_array>
          <technique_common>
            <accessor source="#geom-Bounds-map1-array" count="12" stride="3">
              <param name="S" type="float"/>
              <param name="T" type="float"/>
              <param name="P" type="float"/>
            </accessor>
          </technique_common>
        </source>
        <vertices id="geom-Bounds-vertices">
          <input semantic="POSITION" source="#geom-Bounds-positions"/>
        </vertices>
        <triangles material="ShapeBounds" count="12">
          <input semantic="VERTEX" source="#geom-Bounds-vertices" offset="0"/>
          <input semantic="NORMAL" source="#geom-Bounds-normals" offset="1"/>
          <input semantic="TEXCOORD" source="#geom-Bounds-map1" offset="2" set="0"/>
          <p>0 0 9 2 1 11 3 2 10 3 2 10 1 3 8 0 0 9 4 4 8 5 5 9 7 6 11 7 6 11 6 7 10 4 4 8 0 8 4 1 9 5 5 10 7 5 10 7 4 11 6 0 8 4 1 12 0 3 13 1 7 14 3 7 14 3 5 15 2 1 12 0 3 16 4 2 17 5 6 18 7 6 18 7 7 19 6 3 16 4 2 20 0 0 21 1 4 22 3 4 22 3 6 23 2 2 20 0</p>
        </triangles>
      </mesh>
      <extra>
        <technique profile="OpenCOLLADA3dsMax">
          <max_box>
            <generateuvs>1</generateuvs>
            <height>1.84</height>
            <heightsegments>1</heightsegments>
            <length>0.85</length>
            <lengthsegments>1</lengthsegments>
            <width>0.85</width>
            <widthsegments>1</widthsegments>
          </max_box>
        </technique>
      </extra>
    </geometry>
  </library_geometries>
  <library_lights>
    <light id="EnvironmentAmbientLight" name="EnvironmentAmbientLight">
      <technique_common>
        <ambient>
          <color>0 0 0</color>
        </ambient>
      </technique_common>
    </light>
  </library_lights>
  <library_visual_scenes>
    <visual_scene id="MaxScene">
      <node name="EnvironmentAmbientLight">
        <instance_light url="#EnvironmentAmbientLight"/>
      </node>
      <node id="node-Bip01" name="Bip01">
        <matrix sid="matrix">0.7792375 -0.6267175 0.003750234 -8.10623e-5 0.626718 0.7792453 0.001183394 0.009366653 -0.003664005 0.001428194 0.9999923 0.8592649 0 0 0 1</matrix>
        <node id="node-Bip01_Pelvis" name="Bip01_Pelvis">
          <matrix sid="matrix">-0.009626728 0.991236 0.1317526 0 -0.1217413 -0.1319404 0.9837535 0 0.9925151 -0.0065694 0.1219445 0 0 0 0 1</matrix>
          <node id="node-Bip01_Spine" name="Bip01_Spine">
            <matrix sid="matrix">0.9142388 -0.1596023 -0.3724171 0.1975123 0.1756539 0.9844077 0.009333367 0.02499344 0.3651206 -0.07394945 0.9280186 0.02780972 0 0 0 1</matrix>
            <node id="node-Bip01_Spine1" name="Bip01_Spine1">
              <matrix sid="matrix">0.9786782 0.06511252 -0.1948072 0.1022233 -0.06634991 0.9977965 1.73859e-4 -1.00806e-4 0.1943892 0.01275527 0.9808417 -1.2815e-6 0 0 0 1</matrix>
              <node id="node-Bip01_Spine2" name="Bip01_Spine2">
                <matrix>0.9369743 -0.3477308 -0.03409588 0.1269253 0.349036 0.9270917 0.1366548 -1.58787e-4 -0.01590914 -0.1399427 0.9900318 2.41101e-5 0 0 0 1</matrix>
                <node id="node-Bip01_Neck" name="Bip01_Neck">
                  <matrix>0.840708 -0.4308257 0.3280237 0.2151071 0.4136219 0.9019012 0.1244631 -4.97103e-5 -0.3494668 0.0310407 0.9364344 -1.66893e-6 0 0 0 1</matrix>
                  <node id="node-Bip01_Head" name="Bip01_Head">
                    <matrix sid="matrix">0.9654257 -0.02754003 -0.2592193 0.07051814 -0.2391678 0.3019677 -0.9228294 -0.01395905 0.1036907 0.9529201 0.2849407 1.49012e-8 0 0 0 1</matrix>
                    <node id="node-ALTEYE" name="ALTEYE">
                      <matrix sid="matrix">0.4506336 0.3792481 0.8081467 0.06454694 0.04412798 0.8947043 -0.4444743 0.2214611 -0.8916181 0.2359566 0.3864482 0.04716253 0 0 0 1</matrix>
                    </node>
                  </node>
                  <node id="node-Bip01_L_Clavicle" name="Bip01_L_Clavicle">
                    <matrix>-0.5778345 -0.4531804 0.6787745 -0.04690337 0.2838089 -0.8913432 -0.3534966 -0.01204765 0.7652186 -0.01162021 0.6436654 0.05588406 0 0 0 1</matrix>
                    <node id="node-Bip01_L_UpperArm" name="Bip01_L_UpperArm">
                      <matrix sid="matrix">0.9185207 0.2508863 0.3055743 0.1824007 -0.3926089 0.6700045 0.6300417 2.98023e-8 -0.04666722 -0.6986776 0.713913 0 0 0 0 1</matrix>
                      <node id="node-Bip01_L_Forearm" name="Bip01_L_Forearm">
                        <matrix sid="matrix">-0.5562999 0.8309817 0 0.2843689 -0.8309816 -0.5562999 -4.47035e-8 0 0 1.49012e-8 1 5.96046e-8 0 0 0 1</matrix>
                        <node id="node-Bip01_L_Hand" name="Bip01_L_Hand">
                          <matrix sid="matrix">0.8445938 0.5014251 -0.1877083 0.281068 0.3764443 -0.805443 -0.457768 0 -0.3807246 0.3159662 -0.8690307 0 0 0 0 1</matrix>
                          <node id="node-Bip01_L_Finger0" name="Bip01_L_Finger0">
                            <matrix>0.6413841 0.3141903 0.6999362 0.02119684 0.7352949 0.008702956 -0.6776913 -0.004734099 -0.2190155 0.94932 -0.2254408 -0.02572191 0 0 0 1</matrix>
                            <node id="node-Bip01_L_Finger01" name="Bip01_L_Finger01">
                              <matrix>0.9975641 -0.06975645 -2.98023e-8 0.04982853 0.06975643 0.9975641 7.45058e-9 0 -5.96046e-8 -2.23517e-8 1 0 0 0 0 1</matrix>
                              <node id="node-Bip01_L_Finger02" name="Bip01_L_Finger02">
                                <matrix>0.9203137 0.3911815 0 0.05202246 -0.3911815 0.9203136 -2.23517e-8 -1.19209e-7 0 -1.49012e-8 1 -2.98023e-8 0 0 0 1</matrix>
                              </node>
                            </node>
                          </node>
                          <node id="node-Bip01_L_Finger1" name="Bip01_L_Finger1">
                            <matrix>0.9592716 -0.2819768 -0.01693497 0.1199946 0.2798396 0.9567646 -0.07931915 -0.008367479 0.03856896 0.07134953 0.9967054 -0.04101384 0 0 0 1</matrix>
                            <node id="node-Bip01_L_Finger11" name="Bip01_L_Finger11">
                              <matrix>0.7001771 -0.7139691 0 0.03644168 0.713969 0.7001772 -4.47035e-8 -5.96046e-8 0 -3.72529e-9 0.9999999 -5.96046e-8 0 0 0 1</matrix>
                              <node id="node-Bip01_L_Finger12" name="Bip01_L_Finger12">
                                <matrix>0.8757259 -0.4828087 2.98023e-8 0.03117549 0.4828088 0.8757258 -1.49012e-8 0 5.96046e-8 0 1 -1.19209e-7 0 0 0 1</matrix>
                              </node>
                            </node>
                          </node>
                          <node id="node-Bip01_L_Finger2" name="Bip01_L_Finger2">
                            <matrix sid="matrix">0.9066654 -0.4205881 -0.03260924 0.1229539 0.4217876 0.9024837 0.08728345 -0.008801818 -0.007281125 -0.09289107 0.9956495 -0.01328254 0 0 0 1</matrix>
                            <node id="node-Bip01_L_Finger21" name="Bip01_L_Finger21">
                              <matrix>0.8156036 -0.5786113 -7.45058e-9 0.03895509 0.5786111 0.8156036 0 -1.19209e-7 1.49012e-8 -1.11759e-8 1 -5.96046e-8 0 0 0 1</matrix>
                              <node id="node-Bip01_L_Finger22" name="Bip01_L_Finger22">
                                <matrix>0.9762959 -0.2164397 0 0.03800559 0.2164396 0.9762959 -1.30385e-8 2.98023e-8 -2.98023e-8 -9.31323e-10 0.9999999 5.96046e-8 0 0 0 1</matrix>
                              </node>
                            </node>
                          </node>
                          <node id="node-Bip01_L_Finger3" name="Bip01_L_Finger3">
                            <matrix sid="matrix">0.9367908 -0.338013 -0.09038849 0.1211882 0.3480917 0.9264981 0.1429456 -0.00119108 0.03542729 -0.1653735 0.9855944 0.01196861 0 0 0 1</matrix>
                            <node id="node-Bip01_L_Finger31" name="Bip01_L_Finger31">
                              <matrix>0.9381477 -0.346235 0 0.03155839 0.346235 0.9381478 7.45058e-9 0 0 0 1 0 0 0 0 1</matrix>
                              <node id="node-Bip01_L_Finger32" name="Bip01_L_Finger32">
                                <matrix sid="matrix">0.8922838 -0.451475 -7.45058e-9 0.03366578 0.451475 0.8922837 7.45058e-9 -5.96046e-8 2.98023e-8 3.72529e-9 0.9999999 5.96046e-8 0 0 0 1</matrix>
                              </node>
                            </node>
                          </node>
                          <node id="node-Bip01_L_Finger4" name="Bip01_L_Finger4">
                            <matrix sid="matrix">0.9820986 -0.1883418 0.003122173 0.1136798 0.1857741 0.9711843 0.1492954 0.005147457 -0.03115074 -0.1460428 0.9887876 0.03886569 0 0 0 1</matrix>
                            <node id="node-Bip01_L_Finger41" name="Bip01_L_Finger41">
                              <matrix sid="matrix">0.8499686 -0.5268332 -3.72529e-9 0.03661627 0.5268334 0.8499687 -1.49012e-8 1.19209e-7 7.45058e-9 3.72529e-9 0.9999999 0 0 0 0 1</matrix>
                              <node id="node-Bip01_L_Finger42" name="Bip01_L_Finger42">
                                <matrix sid="matrix">0.9624561 -0.2714372 7.45058e-9 0.01772618 0.2714372 0.9624562 3.72529e-9 -8.9407e-8 -2.23517e-8 7.45058e-9 1 0 0 0 0 1</matrix>
                              </node>
                            </node>
                          </node>
                        </node>
                      </node>
                    </node>
                  </node>
                  <node id="node-Bip01_R_Clavicle" name="Bip01_R_Clavicle">
                    <matrix>0.2073933 -0.1669673 -0.9639035 8.6689e-4 0.5679266 -0.781728 0.2576057 -0.01629031 -0.7965221 -0.6008521 -0.0672999 -0.07212144 0 0 0 1</matrix>
                    <node id="node-Bip01_R_UpperArm" name="Bip01_R_UpperArm">
                      <matrix sid="matrix">-0.1709397 0.9229077 -0.3449945 0.1824007 -0.9827801 -0.1846471 -0.007003039 5.96046e-8 -0.07016546 0.3378567 0.9385786 -1.19209e-7 0 0 0 1</matrix>
                      <node id="node-Bip01_R_Forearm" name="Bip01_R_Forearm">
                        <matrix sid="matrix">0.5407855 0.8411607 2.98023e-8 0.284369 -0.8411607 0.5407854 -2.98023e-8 5.96046e-8 -8.9407e-8 -5.96046e-8 1 1.19209e-7 0 0 0 1</matrix>
                        <node id="node-Bip01_R_Hand" name="Bip01_R_Hand">
                          <matrix sid="matrix">0.970637 0.2201094 0.09703486 0.2810681 0.2283399 -0.7161989 -0.6594849 0 -0.07566257 0.6622772 -0.7454287 0 0 0 0 1</matrix>
                          <node id="node-Bip01_R_Finger0" name="Bip01_R_Finger0">
                            <matrix>0.5215105 0.2690129 -0.8097276 0.02119672 0.7250715 0.3605265 0.5867639 -0.004734278 0.4497753 -0.8931141 -0.00703546 0.02572179 0 0 0 1</matrix>
                            <node id="node-Bip01_R_Finger01" name="Bip01_R_Finger01">
                              <matrix>0.6423535 -0.7636236 0.0652757 0.04982865 0.7605614 0.6456372 0.06854742 0 -0.09448878 0.005614424 0.99551 5.96046e-8 0 0 0 1</matrix>
                              <node id="node-Bip01_R_Finger02" name="Bip01_R_Finger02">
                                <matrix>0.9505157 -0.3106764 2.6077e-8 0.05202243 0.3106764 0.9505157 -2.98023e-8 1.19209e-7 3.35276e-8 4.47035e-8 1 -5.96046e-8 0 0 0 1</matrix>
                              </node>
                            </node>
                          </node>
                          <node id="node-Bip01_R_Finger1" name="Bip01_R_Finger1">
                            <matrix>0.9820224 -0.1733427 -0.07472672 0.1199946 0.1795577 0.9799359 0.08651491 -0.008367568 0.05823065 -0.09837733 0.9934441 0.04101384 0 0 0 1</matrix>
                            <node id="node-Bip01_R_Finger11" name="Bip01_R_Finger11">
                              <matrix>0.8240547 -0.5665103 7.45058e-9 0.03644168 0.5665103 0.8240547 0 5.96046e-8 5.58794e-9 0 1 0 0 0 0 1</matrix>
                              <node id="node-Bip01_R_Finger12" name="Bip01_R_Finger12">
                                <matrix>0.8146397 -0.5796779 0.01831834 0.03117552 0.5799671 0.8142334 -0.02573051 -1.19209e-7 7.45058e-9 0.03158514 0.9995011 0 0 0 0 1</matrix>
                              </node>
                            </node>
                          </node>
                          <node id="node-Bip01_R_Finger2" name="Bip01_R_Finger2">
                            <matrix>0.6754013 -0.7374504 -1.52122e-4 0.1229538 0.7368312 0.6748427 -0.04082685 -0.008802027 0.03021043 0.02746242 0.9991663 0.0132823 0 0 0 1</matrix>
                            <node id="node-Bip01_R_Finger21" name="Bip01_R_Finger21">
                              <matrix>0.5508358 -0.8338857 -0.0348487 0.03895521 0.8322219 0.551937 -0.05265062 0 0.0631389 -1.30385e-8 0.9980046 -1.19209e-7 0 0 0 1</matrix>
                              <node id="node-Bip01_R_Finger22" name="Bip01_R_Finger22">
                                <matrix>0.1984736 -0.9799247 0.01886613 0.03800538 0.9755272 0.1993682 0.09272984 5.96046e-8 -0.09462958 1.49012e-8 0.9955125 -1.19209e-7 0 0 0 1</matrix>
                              </node>
                            </node>
                          </node>
                          <node id="node-Bip01_R_Finger3" name="Bip01_R_Finger3">
                            <matrix>0.7159052 -0.6949216 0.06755453 0.1211881 0.6883785 0.6863562 -0.234627 -0.001191258 0.1166809 0.2144738 0.9697353 -0.01196873 0 0 0 1</matrix>
                            <node id="node-Bip01_R_Finger31" name="Bip01_R_Finger31">
                              <matrix>0.4441953 -0.8949344 0.0422235 0.03155842 0.8909185 0.4461976 0.08468726 -2.98023e-8 -0.09462958 1.86265e-8 0.9955125 -1.19209e-7 0 0 0 1</matrix>
                              <node id="node-Bip01_R_Finger32" name="Bip01_R_Finger32">
                                <matrix>0.1993681 -0.9794358 -0.03095101 0.03366598 0.9799247 0.1992686 0.006297069 0 -8.84756e-9 -0.0315851 0.9995012 0 0 0 0 1</matrix>
                              </node>
                            </node>
                          </node>
                          <node id="node-Bip01_R_Finger4" name="Bip01_R_Finger4">
                            <matrix>0.592579 -0.789795 -0.1583476 0.1136795 0.7783523 0.6120424 -0.1399001 0.005147427 0.2074078 -0.0403483 0.9774221 -0.0388658 0 0 0 1</matrix>
                            <node id="node-Bip01_R_Finger41" name="Bip01_R_Finger41">
                              <matrix>0.4202556 -0.9064698 0.04120621 0.03661618 0.9068531 0.421151 0.01578782 0 -0.03166521 0.03073303 0.9990259 0 0 0 0 1</matrix>
                              <node id="node-Bip01_R_Finger42" name="Bip01_R_Finger42">
                                <matrix>0.4024471 -0.9138244 -0.05441486 0.01772624 0.915423 0.4021218 0.01728317 -5.96046e-8 0.006087601 -0.05676815 0.9983687 -1.19209e-7 0 0 0 1</matrix>
                              </node>
                            </node>
                          </node>
                          <node id="node-MOUNT0" name="MOUNT0">
                            <matrix>-6.3327e-7 1 1.86265e-9 0.109539 -1 -6.61297e-7 4.74975e-7 0.02518257 4.73112e-7 3.72529e-9 1 0.01321661 0 0 0 1</matrix>
                          </node>
                        </node>
                      </node>
                    </node>
                  </node>
                </node>
                <node id="node-Bip01_L_Pauldron_Upper" name="Bip01_L_Pauldron_Upper">
                  <matrix>0.9726267 0.1182922 0.2000108 0.176903 0.1448455 -0.9816831 -0.1237686 -0.03908369 0.1817063 0.1493512 -0.9719452 0.2290199 0 0 0 1</matrix>
                </node>
                <node id="node-Bip01_R_Pauldron_Lower" name="Bip01_R_Pauldron_Lower">
                  <matrix sid="matrix">-0.1156723 -0.9403759 -0.3198653 0.1729059 0.9097751 -0.2295501 0.3458564 -0.1133294 -0.3986599 -0.2509995 0.8820827 -0.2351094 0 0 0 1</matrix>
                </node>
                <node id="node-Bip01_L_Pauldron_Lower" name="Bip01_L_Pauldron_Lower">
                  <matrix>-0.2099968 -0.76872 0.6041283 0.1529202 0.4002343 -0.6313506 -0.6642359 -0.1054225 0.892028 0.1023054 0.4402497 0.2344801 0 0 0 1</matrix>
                </node>
              </node>
            </node>
            <node id="node-Bip01_L_Thigh" name="Bip01_L_Thigh">
              <matrix sid="matrix">-0.9612805 0.2745542 0.02366256 -0.1485698 0.1898922 0.5977302 0.7788838 -4.51177e-4 0.199702 0.753219 -0.626722 0.1658256 0 0 0 1</matrix>
              <node id="node-Bip01_L_Calf" name="Bip01_L_Calf">
                <matrix sid="matrix">0.7357452 0.6772586 0 0.4629988 -0.6772584 0.7357454 -4.5402e-9 0 4.09782e-8 -2.98023e-8 1 1.11759e-8 0 0 0 1</matrix>
                <node id="node-Bip01_L_Foot" name="Bip01_L_Foot">
                  <matrix sid="matrix">0.7067713 -0.7035472 -0.07413349 0.3610501 0.705439 0.6930098 0.148638 -2.98023e-8 -0.0531986 -0.1573497 0.986109 -1.11759e-8 0 0 0 1</matrix>
                  <node id="node-Bip01_L_Toe0" name="Bip01_L_Toe0">
                    <matrix sid="matrix">4.75673e-7 -1 1.38953e-6 0.1486307 1 4.76139e-7 2.21444e-8 0.1543275 -2.21044e-8 1.38953e-6 1 7.45058e-9 0 0 0 1</matrix>
                  </node>
                </node>
              </node>
            </node>
            <node id="node-Bip01_R_Thigh" name="Bip01_R_Thigh">
              <matrix sid="matrix">-0.3682519 0.9229521 -0.1120285 -0.2416655 0.7021201 0.3550599 0.6172196 0.01840353 0.6094407 0.1486348 -0.7787747 -0.07079408 0 0 0 1</matrix>
              <node id="node-Bip01_R_Calf" name="Bip01_R_Calf">
                <matrix sid="matrix">0.1240059 0.9922815 -2.79397e-9 0.4629987 -0.9922816 0.1240059 -1.11759e-8 0 6.70552e-8 2.51457e-8 1 -7.45058e-9 0 0 0 1</matrix>
                <node id="node-Bip01_R_Foot" name="Bip01_R_Foot">
                  <matrix sid="matrix">0.7570394 -0.6459119 0.09843528 0.3610501 0.6289722 0.7612383 0.1578305 -1.49012e-8 -0.1768773 -0.05757083 0.9825476 7.45058e-9 0 0 0 1</matrix>
                  <node id="node-Bip01_R_Toe0" name="Bip01_R_Toe0">
                    <matrix sid="matrix">-0.305154 -0.9472736 0.09774533 0.1486306 0.9517195 -0.3069488 -0.003514003 0.1543275 0.03333153 0.09195384 0.9952053 -3.72529e-9 0 0 0 1</matrix>
                  </node>
                </node>
              </node>
            </node>
          </node>
          <node id="node-Bip01_FannyPack" name="Bip01_FannyPack">
            <matrix sid="matrix">-0.9629918 -0.2062316 0.1735378 0.2299507 -0.2083318 0.9780384 0.006227053 -0.1378937 -0.1710108 -0.03015685 -0.9848076 0.01013962 0 0 0 1</matrix>
          </node>
        </node>
        <node id="node-EYE" name="EYE">
          <matrix sid="matrix">0.7792377 0.6267179 -0.003664042 0.05961525 -0.6267175 0.7792451 0.001428224 0.07226415 0.003750281 0.001183214 0.999992 0.7111301 0 0 0 1</matrix>
          <node id="node-CAM" name="CAM">
            <matrix>1 -6.03104e-8 3.55271e-15 4.84288e-8 6.03104e-8 1 -2.32831e-9 -0.104 -3.55271e-15 2.32832e-9 1 0.3005601 0 0 0 1</matrix>
          </node>
        </node>
      </node>
      <node id="node-Bounds" name="Bounds">
        <matrix>0.9999915 0.001706907 0.003750479 0 -0.001711356 0.9999978 0.001183292 0.1035326 -0.003748452 -0.0011897 0.9999923 -8.93474e-5 0 0 0 1</matrix>
        <instance_geometry url="#geom-Bounds">
          <bind_material>
            <technique_common>
              <instance_material symbol="ShapeBounds" target="#ShapeBounds-material"/>
            </technique_common>
          </bind_material>
        </instance_geometry>
      </node>
    </visual_scene>
  </library_visual_scenes>
  <library_animations>
    <animation>
      <source id="node-Bip01_matrix-input">
        <float_array id="node-Bip01_matrix-input-array" count="20">4.666667 4.7 4.733333 4.766667 4.8 4.833333 4.866667 4.9 4.933333 4.966667 5 5.033333 5.066667 5.1 5.133333 5.166667 5.2 5.233333 5.266667 5.3</float_array>
        <technique_common>
          <accessor source="#node-Bip01_matrix-input-array" count="20" stride="1">
            <param name="TIME" type="float"/>
          </accessor>
        </technique_common>
      </source>
      <source id="node-Bip01_matrix-output">
        <float_array id="node-Bip01_matrix-output-array" count="320">0.7792375 -0.6267175 0.003750205 -8.10623e-5 0.626718 0.7792453 0.00118339 0.009366631 -0.003663957 0.001428186 0.9999923 0.8592649 0 0 0 1 0.7792375 -0.6267175 0.003750205 -6.55012e-5 0.626718 0.7792453 0.00118339 0.009366631 -0.003663957 0.001428186 0.9999923 0.8625643 0 0 0 1 0.7792375 -0.6267175 0.003750205 -4.18179e-5 0.626718 0.7792453 0.00118339 0.009366631 -0.003663957 0.001428186 0.9999923 0.8677748 0 0 0 1 0.7792375 -0.6267175 0.003750205 -1.74911e-5 0.626718 0.7792453 0.00118339 0.009366631 -0.003663957 0.001428186 0.9999923 0.8713282 0 0 0 1 0.7792375 -0.6267175 0.003750205 0 0.626718 0.7792453 0.00118339 0.009366631 -0.003663957 0.001428186 0.9999923 0.8696568 0 0 0 1 0.7792375 -0.6267175 0.003750205 5.14681e-6 0.626718 0.7792453 0.00118339 0.009366631 -0.003663957 0.001428186 0.9999923 0.8556628 0 0 0 1 0.7792375 -0.6267175 0.003750205 2.5734e-6 0.626718 0.7792453 0.00118339 0.009366631 -0.003663957 0.001428186 0.9999923 0.8344945 0 0 0 1 0.7792375 -0.6267175 0.003750205 0 0.626718 0.7792453 0.00118339 0.009366631 -0.003663957 0.001428186 0.9999923 0.8209528 0 0 0 1 0.7792375 -0.6267175 0.003750205 0 0.626718 0.7792453 0.00118339 0.009366631 -0.003663957 0.001428186 0.9999923 0.8221713 0 0 0 1 0.7792375 -0.6267175 0.003750205 0 0.626718 0.7792453 0.00118339 0.009366631 -0.003663957 0.001428186 0.9999923 0.8310166 0 0 0 1 0.7792375 -0.6267175 0.003750205 0 0.626718 0.7792453 0.00118339 0.009366631 -0.003663957 0.001428186 0.9999923 0.8408891 0 0 0 1 0.7792375 -0.6267175 0.003750205 0 0.626718 0.7792453 0.00118339 0.009366631 -0.003663957 0.001428186 0.9999923 0.8528195 0 0 0 1 0.7792375 -0.6267175 0.003750205 0 0.626718 0.7792453 0.00118339 0.009366631 -0.003663957 0.001428186 0.9999923 0.8657772 0 0 0 1 0.7792375 -0.6267175 0.003750205 0 0.626718 0.7792453 0.00118339 0.009366631 -0.003663957 0.001428186 0.9999923 0.870072 0 0 0 1 0.7792375 -0.6267175 0.003750205 2.5734e-6 0.626718 0.7792453 0.00118339 0.009366631 -0.003663957 0.001428186 0.9999923 0.8563159 0 0 0 1 0.7792375 -0.6267175 0.003750205 5.14681e-6 0.626718 0.7792453 0.00118339 0.009366631 -0.003663957 0.001428186 0.9999923 0.8338967 0 0 0 1 0.7792375 -0.6267175 0.003750205 0 0.626718 0.7792453 0.00118339 0.009366631 -0.003663957 0.001428186 0.9999923 0.8212891 0 0 0 1 0.7792375 -0.6267175 0.003750205 -1.74911e-5 0.626718 0.7792453 0.00118339 0.009366631 -0.003663957 0.001428186 0.9999923 0.8255632 0 0 0 1 0.7792375 -0.6267175 0.003750205 -4.18179e-5 0.626718 0.7792453 0.00118339 0.009366631 -0.003663957 0.001428186 0.9999923 0.8373953 0 0 0 1 0.7792375 -0.6267175 0.003750205 -6.55012e-5 0.626718 0.7792453 0.00118339 0.009366631 -0.003663957 0.001428186 0.9999923 0.8506683 0 0 0 1</float_array>
        <technique_common>
          <accessor source="#node-Bip01_matrix-output-array" count="20" stride="16">
            <param name="TRANSFORM" type="float4x4"/>
          </accessor>
        </technique_common>
      </source>
      <source id="node-Bip01_matrix-interpolation">
        <Name_array id="node-Bip01_matrix-interpolation-array" count="20">LINEAR LINEAR LINEAR LINEAR LINEAR LINEAR LINEAR LINEAR LINEAR LINEAR LINEAR LINEAR LINEAR LINEAR LINEAR LINEAR LINEAR LINEAR LINEAR LINEAR</Name_array>
        <technique_common>
          <accessor source="#node-Bip01_matrix-interpolation-array" count="20" stride="1">
            <param name="INTERPOLATION" type="name"/>
          </accessor>
        </technique_common>
      </source>
      <source id="node-Bip01_Pelvis_matrix-input">
        <float_array id="node-Bip01_Pelvis_matrix-input-array" count="20">4.666667 4.7 4.733333 4.766667 4.8 4.833333 4.866667 4.9 4.933333 4.966667 5 5.033333 5.066667 5.1 5.133333 5.166667 5.2 5.233333 5.266667 5.3</float_array>
        <technique_common>
          <accessor source="#node-Bip01_Pelvis_matrix-input-array" count="20" stride="1">
            <param name="TIME" type="float"/>
          </accessor>
        </technique_common>
      </source>
      <source id="node-Bip01_Pelvis_matrix-output">
        <float_array id="node-Bip01_Pelvis_matrix-output-array" count="320">-0.009626686 0.991236 0.1317526 0 -0.1217413 -0.1319403 0.9837535 0 0.9925152 -0.006569385 0.1219445 0 0 0 0 1 -0.00224775 0.9938995 0.1102678 0 -0.08601725 -0.1100515 0.9901969 0 0.996291 -0.00725913 0.08573985 0 0 0 0 1 0.007534861 0.9968001 0.07957875 0 -0.03141242 -0.07930576 0.9963554 0 0.9994781 -0.01000714 0.03071433 0 0 0 0 1 0.01588344 0.9989541 0.04287922 0 0.0274406 -0.04330396 0.9986851 0 0.9994972 -0.01468586 -0.02809971 0 0 0 0 1 0.02024209 0.9997871 0.00402081 0 0.07550936 -0.005538821 0.9971298 0 0.9969395 -0.01988041 -0.07560539 0 0 0 0 1 0.01961016 0.9992695 -0.03280454 0 0.09777808 0.0307368 0.9947335 0 0.9950151 -0.02271443 -0.09710389 0 0 0 0 1 0.005040943 0.996183 -0.08714485 0 0.003960072 0.08712542 0.9961896 0 0.9999794 -0.005366861 -0.003505766 0 0 0 0 1 -0.005906403 0.9940372 -0.1088817 0 -0.09394544 0.1078504 0.9897184 0 0.9955598 0.01607465 0.09274828 0 0 0 0 1 -0.006722986 0.9992273 -0.03872585 0 -0.05086231 0.0383349 0.9979698 0 0.998683 0.008679032 0.05056524 0 0 0 0 1 0.00305444 0.9980013 0.06312018 0 0.0334357 -0.06318694 0.9974415 0 0.9994361 -9.36176e-4 -0.03356182 0 0 0 0 1 0.0176382 0.991236 0.1309209 0 0.08289796 -0.1319403 0.9877853 0 0.9964018 -0.006569683 -0.08449864 0 0 0 0 1 0.02889835 0.9876433 0.1540321 0 0.08057427 -0.1558966 0.9844816 0 0.9963296 -0.01603889 -0.08408379 0 0 0 0 1 0.04040366 0.9855288 0.1646226 0 0.06226158 -0.1669201 0.9840027 0 0.9972417 -0.02950763 -0.06810474 0 0 0 0 1 0.04977881 0.9851274 0.1644572 0 0.03396224 -0.1662358 0.985501 0 0.9981826 -0.04347169 -0.04173213 0 0 0 0 1 0.05499166 0.9863837 0.1549944 0 0.001636981 -0.1553182 0.9878631 0 0.9984854 -0.05407047 -0.01015585 0 0 0 0 1 0.05400121 0.9890418 0.1374058 0 -0.02888631 -0.1360018 0.9902874 0 0.9981229 -0.05744588 0.02122551 0 0 0 0 1 0.0230081 0.9983714 0.05220222 0 -0.07360363 -0.05038261 0.9960141 0 0.997022 -0.02675867 0.07232451 0 0 0 0 1 -0.008875668 0.9996628 -0.02440351 0 -0.1161357 0.02320885 0.9929622 0 0.9931937 0.01164728 0.1158905 0 0 0 0 1 -0.01410371 0.9998396 0.01104843 0 -0.1260141 -0.0127387 0.9919467 0 0.9919282 0.01259791 0.1261734 0 0 0 0 1 -0.01201665 0.9965292 0.08237171 0 -0.1241871 -0.08322709 0.9887624 0 0.992186 0.001652121 0.1247561 0 0 0 0 1</float_array>
        <technique_common>
          <accessor source="#node-Bip01_Pelvis_matrix-output-array" count="20" stride="16">
            <param name="TRANSFORM" type="float4x4"/>
          </accessor>
        </technique_common>
      </source>
      <source id="node-Bip01_Pelvis_matrix-interpolation">
        <Name_array id="node-Bip01_Pelvis_matrix-interpolation-array" count="20">LINEAR LINEAR LINEAR LINEAR LINEAR LINEAR LINEAR LINEAR LINEAR LINEAR LINEAR LINEAR LINEAR LINEAR LINEAR LINEAR LINEAR LINEAR LINEAR LINEAR</Name_array>
        <technique_common>
          <accessor source="#node-Bip01_Pelvis_matrix-interpolation-array" count="20" stride="1">
            <param name="INTERPOLATION" type="name"/>
          </accessor>
        </technique_common>
      </source>
      <source id="node-Bip01_Spine_matrix-input">
        <float_array id="node-Bip01_Spine_matrix-input-array" count="20">4.666667 4.7 4.733333 4.766667 4.8 4.833333 4.866667 4.9 4.933333 4.966667 5 5.033333 5.066667 5.1 5.133333 5.166667 5.2 5.233333 5.266667 5.3</float_array>
        <technique_common>
          <accessor source="#node-Bip01_Spine_matrix-input-array" count="20" stride="1">
            <param name="TIME" type="float"/>
          </accessor>
        </technique_common>
      </source>
      <source id="node-Bip01_Spine_matrix-output">
        <float_array id="node-Bip01_Spine_matrix-output-array" count="320">0.9142388 -0.1596022 -0.3724171 0.1975123 0.1756539 0.9844077 0.009333312 0.02499341 0.3651207 -0.07394945 0.9280186 0.02780967 0 0 0 1 0.9274314 -0.1596639 -0.3381991 0.1984609 0.1804852 0.9830947 0.03081887 0.02492696 0.3275611 -0.08962231 0.9405698 0.02002549 0 0 0 1 0.9448196 -0.1607562 -0.2854354 0.1993564 0.1854006 0.9807467 0.0613408 0.02445685 0.270079 -0.1108759 0.9564329 0.008246719 0 0 0 1 0.9598445 -0.1634637 -0.2279872 0.1995826 0.1895018 0.9770487 0.09728747 0.02358222 0.2068516 -0.1365849 0.9687915 -0.004446446 0 0 0 1 0.9691446 -0.1676078 -0.180738 0.1991894 0.1932271 0.9718393 0.1348755 0.02256983 0.1530421 -0.1656376 0.9742393 -0.01494365 0 0 0 1 0.972184 -0.1719643 -0.1590175 0.1987896 0.1985738 0.9651855 0.1702503 0.02199196 0.1242045 -0.1970914 0.9724856 -0.02020478 0 0 0 1 0.9527127 -0.1697368 -0.2520478 0.1993907 0.2270798 0.9488523 0.2193499 0.02536755 0.2019243 -0.2662124 0.9425273 -0.002996325 0 0 0 1 0.9241735 -0.1616243 -0.3460934 0.1982181 0.2516649 0.9392506 0.2333945 0.02958339 0.2873463 -0.3027967 0.9087059 0.0156064 0 0 0 1 0.9366502 -0.1708503 -0.3057724 0.1988193 0.2301201 0.9582939 0.1694632 0.02824646 0.2640669 -0.2290921 0.9369022 0.009062826 0 0 0 1 0.9583957 -0.1769644 -0.2239672 0.1992301 0.1979033 0.9773785 0.07460254 0.02629643 0.2056987 -0.1158227 0.9717371 -0.00499773 0 0 0 1 0.9697382 -0.1713874 -0.1738807 0.1990134 0.1756537 0.9844078 0.009333491 0.02499336 0.1695699 -0.03959381 0.9847226 -0.01334834 0 0 0 1 0.9715502 -0.160054 -0.1745647 0.1992976 0.1605006 0.986967 -0.0116502 0.02301084 0.1741542 -0.01669913 0.9845768 -0.01265245 0 0 0 1 0.9707578 -0.1457256 -0.1907704 0.1997845 0.1447666 0.9892828 -0.0190308 0.02027076 0.1914992 -0.009142935 0.9814502 -0.0091874 0 0 0 1 0.967294 -0.1316336 -0.216829 0.2002202 0.1315581 0.9911972 -0.01484787 0.01747763 0.2168748 -0.01416331 0.9760968 -0.003936707 0 0 0 1 0.9614307 -0.1207204 -0.2471392 0.2004186 0.1242026 0.9922558 -0.00151062 0.01539915 0.2454077 -0.02924293 0.968979 0.002104043 0 0 0 1 0.9540156 -0.1160238 -0.2763924 0.2003196 0.1259013 0.9918758 0.01820105 0.01479744 0.2720352 -0.05216223 0.9608724 0.007890462 0 0 0 1 0.9363059 -0.1376282 -0.323094 0.1992771 0.1763085 0.9798813 0.09353101 0.02116101 0.3037212 -0.144538 0.9417337 0.0158115 0 0 0 1 0.9163039 -0.1600205 -0.3671248 0.1976674 0.2296361 0.9609701 0.1542841 0.02884924 0.3281073 -0.2256764 0.9172872 0.02245956 0 0 0 1 0.9117651 -0.1630492 -0.3769605 0.1972764 0.2224997 0.9675614 0.1196605 0.02904278 0.3452219 -0.1929761 0.9184672 0.02544933 0 0 0 1 0.9128661 -0.1614093 -0.3749961 0.1973833 0.1955468 0.9791753 0.05456042 0.02677285 0.3583805 -0.1231357 0.9254192 0.02705961 0 0 0 1</float_array>
        <technique_common>
          <accessor source="#node-Bip01_Spine_matrix-output-array" count="20" stride="16">
            <param name="TRANSFORM" type="float4x4"/>
          </accessor>
        </technique_common>
      </source>
      <source id="node-Bip01_Spine_matrix-interpolation">
        <Name_array id="node-Bip01_Spine_matrix-interpolation-array" count="20">LINEAR LINEAR LINEAR LINEAR LINEAR LINEAR LINEAR LINEAR LINEAR LINEAR LINEAR LINEAR LINEAR LINEAR LINEAR LINEAR LINEAR LINEAR LINEAR LINEAR</Name_array>
        <technique_common>
          <accessor source="#node-Bip01_Spine_matrix-interpolation-array" count="20" stride="1">
            <param name="INTERPOLATION" type="name"/>
          </accessor>
        </technique_common>
      </source>
      <source id="node-Bip01_Spine1_matrix-input">
        <float_array id="node-Bip01_Spine1_matrix-input-array" count="20">4.666667 4.7 4.733333 4.766667 4.8 4.833333 4.866667 4.9 4.933333 4.966667 5 5.033333 5.066667 5.1 5.133333 5.166667 5.2 5.233333 5.266667 5.3</float_array>
        <technique_common>
          <accessor source="#node-Bip01_Spine1_matrix-input-array" count="20" stride="1">
            <param name="TIME" type="float"/>
          </accessor>
        </technique_common>
      </source>
      <source id="node-Bip01_Spine1_matrix-output">
        <float_array id="node-Bip01_Spine1_matrix-output-array" count="320">0.9786782 0.06511253 -0.1948072 0.1022232 -0.06634986 0.9977965 1.73859e-4 -1.00806e-4 0.1943892 0.01275521 0.9808417 -1.2815e-6 0 0 0 1 0.979909 0.05833053 -0.1907258 0.1022239 -0.05845177 0.9982779 0.004994928 -1.00836e-4 0.1906887 0.006253659 0.9816308 -6.55651e-7 0 0 0 1 0.9815009 0.04889768 -0.1851091 0.1022248 -0.0475232 0.9987999 0.01185768 -1.00911e-4 0.1854667 -0.002841353 0.9826465 2.98023e-7 0 0 0 1 0.9831834 0.03786486 -0.1786538 0.1022261 -0.03485935 0.9991936 0.0199334 -1.0094e-4 0.1792646 -0.01337039 0.9837103 1.3411e-6 0 0 0 1 0.9847401 0.02630913 -0.1720327 0.102227 -0.02174419 0.9993613 0.02836626 -1.0094e-4 0.172669 -0.02419263 0.9846829 2.47359e-6 0 0 0 1 0.9860262 0.01533794 -0.1658846 0.1022281 -0.009442806 0.9992976 0.03626841 -1.0094e-4 0.1663241 -0.03419512 0.9854781 3.48687e-6 0 0 0 1 0.986966 0.006085753 -0.1608147 0.1022291 8.00639e-4 0.9990868 0.04272258 -1.00911e-4 0.1609278 -0.04229444 0.9860596 4.29153e-6 0 0 0 1 0.9875344 -2.9698e-4 -0.1574044 0.1022297 0.007758677 0.9988747 0.04679244 -1.00881e-4 0.1572133 -0.04743039 0.9864251 4.79817e-6 0 0 0 1 0.9877173 -0.002658843 -0.15623 0.1022301 0.01020801 0.9988173 0.04753834 -1.00926e-4 0.1559188 -0.04854923 0.9865761 4.87268e-6 0 0 0 1 0.9875361 -8.23259e-4 -0.1573917 0.1022298 0.007938563 0.9989743 0.04458433 -1.0094e-4 0.1571936 -0.04527813 0.9865294 4.55976e-6 0 0 0 1 0.9870532 0.004136085 -0.1603405 0.1022293 0.002097308 0.9992492 0.03868752 -1.00955e-4 0.1603801 -0.03852283 0.9863033 3.8743e-6 0 0 0 1 0.9862768 0.01147711 -0.1647019 0.1022285 -0.006516873 0.9995098 0.03062528 -1.0097e-4 0.1649726 -0.02913159 0.9858679 2.92063e-6 0 0 0 1 0.9852151 0.0204584 -0.1700976 0.1022276 -0.01710158 0.9996296 0.02117681 -1.01e-4 0.1704677 -0.01795482 0.9851997 1.78814e-6 0 0 0 1 0.9838988 0.03034889 -0.1761322 0.1022268 -0.02884149 0.9995223 0.0111128 -1.0097e-4 0.1763853 -0.005853891 0.9843039 5.66244e-7 0 0 0 1 0.9823954 0.04043531 -0.1823862 0.1022256 -0.04090481 0.9991625 0.001188576 -1.0094e-4 0.1822815 0.006292819 0.9832263 -6.55651e-7 0 0 0 1 0.9808151 0.05002665 -0.1884133 0.1022248 -0.05244332 0.9985932 -0.007860481 -1.00896e-4 0.1877549 0.0175907 0.9820586 -1.75834e-6 0 0 0 1 0.9793095 0.05845397 -0.1937434 0.1022237 -0.06259584 0.9979214 -0.0153203 -1.00791e-4 0.1924451 0.02713084 0.9809327 -2.74181e-6 0 0 0 1 0.9780625 0.06506687 -0.1978899 0.1022231 -0.0704934 0.9973019 -0.02049452 -1.00732e-4 0.1960223 0.03399491 0.9800101 -3.42727e-6 0 0 0 1 0.9777356 0.06752669 -0.1986796 0.1022229 -0.07240867 0.9972234 -0.01740145 -1.00747e-4 0.1969528 0.0314002 0.9799101 -3.18885e-6 0 0 0 1 0.978253 0.06633216 -0.1965234 0.1022229 -0.06908583 0.9975849 -0.007181823 -1.00747e-4 0.1955724 0.02060264 0.9804729 -2.05636e-6 0 0 0 1</float_array>
        <technique_common>
          <accessor source="#node-Bip01_Spine1_matrix-output-array" count="20" stride="16">
            <param name="TRANSFORM" type="float4x4"/>
          </accessor>
        </technique_common>
      </source>
      <source id="node-Bip01_Spine1_matrix-interpolation">
        <Name_array id="node-Bip01_Spine1_matrix-interpolation-array" count="20">LINEAR LINEAR LINEAR LINEAR LINEAR LINEAR LINEAR LINEAR LINEAR LINEAR LINEAR LINEAR LINEAR LINEAR LINEAR LINEAR LINEAR LINEAR LINEAR LINEAR</Name_array>
        <technique_common>
          <accessor source="#node-Bip01_Spine1_matrix-interpolation-array" count="20" stride="1">
            <param name="INTERPOLATION" type="name"/>
          </accessor>
        </technique_common>
      </source>
      <source id="node-Bip01_Head_matrix-input">
        <float_array id="node-Bip01_Head_matrix-input-array" count="20">4.666667 4.7 4.733333 4.766667 4.8 4.833333 4.866667 4.9 4.933333 4.966667 5 5.033333 5.066667 5.1 5.133333 5.166667 5.2 5.233333 5.266667 5.3</float_array>
        <technique_common>
