<?xml version="1.0" encoding="utf-8"?>
<COLLADA xmlns="http://www.collada.org/2005/11/COLLADASchema" version="1.4.1">
  <asset>
    <contributor>
      <author>MattO</author>
      <authoring_tool>OpenCOLLADA for 3ds Max;  Version: 1.3.0;  Revision: 839M;  Platform: x64;  Configuration: Release_Max2012</authoring_tool>
      <source_data>file:///C:/Dropbox/Prj/GGStout/Ryder/TP_Soldier_Ryder_Animation_Master.max</source_data>
    </contributor>
    <created>2011-09-29T18:38:00</created>
    <modified>2011-09-29T18:38:00</modified>
    <unit name="meter" meter="1"/>
    <up_axis>Z_UP</up_axis>
  </asset>
  <library_effects>
    <effect id="ShapeBounds">
      <profile_COMMON>
        <technique sid="common">
          <blinn>
            <emission>
              <color>0 0 0 1</color>
            </emission>
            <ambient>
              <color>0.1647059 1 0 1</color>
            </ambient>
            <diffuse>
              <color>0.1647059 1 0 1</color>
            </diffuse>
            <specular>
              <color>0.9 0.9 0.9 1</color>
            </specular>
            <shininess>
              <float>10</float>
            </shininess>
            <reflective>
              <color>0 0 0 1</color>
            </reflective>
            <transparent opaque="A_ONE">
              <color>1 1 1 1</color>
            </transparent>
            <transparency>
              <float>1</float>
            </transparency>
          </blinn>
        </technique>
      </profile_COMMON>
      <extra>
        <technique profile="OpenCOLLADA3dsMax">
          <extended_shader>
            <apply_reflection_dimming>0</apply_reflection_dimming>
            <dim_level>0</dim_level>
            <falloff_type>0</falloff_type>
            <index_of_refraction>1.5</index_of_refraction>
            <opacity_type>0</opacity_type>
            <reflection_level>3</reflection_level>
            <wire_size>1</wire_size>
            <wire_units>0</wire_units>
          </extended_shader>
          <shader>
            <ambient_diffuse_lock>1</ambient_diffuse_lock>
            <ambient_diffuse_texture_lock>1</ambient_diffuse_texture_lock>
            <diffuse_specular_lock>0</diffuse_specular_lock>
            <soften>0.1</soften>
            <use_self_illum_color>0</use_self_illum_color>
          </shader>
        </technique>
      </extra>
    </effect>
  </library_effects>
  <library_materials>
    <material id="ShapeBounds-material" name="ShapeBounds">
      <instance_effect url="#ShapeBounds"/>
    </material>
  </library_materials>
  <library_geometries>
    <geometry id="geom-Bounds" name="Bounds">
      <mesh>
        <source id="geom-Bounds-positions">
          <float_array id="geom-Bounds-positions-array" count="24">-0.425 -0.425 0 0.425 -0.425 0 -0.425 0.425 0 0.425 0.425 0 -0.425 -0.425 1.84 0.425 -0.425 1.84 -0.425 0.425 1.84 0.425 0.425 1.84</float_array>
          <technique_common>
            <accessor source="#geom-Bounds-positions-array" count="8" stride="3">
              <param name="X" type="float"/>
              <param name="Y" type="float"/>
              <param name="Z" type="float"/>
            </accessor>
          </technique_common>
        </source>
        <source id="geom-Bounds-normals">
          <float_array id="geom-Bounds-normals-array" count="72">0 0 -1 0 0 -1 0 0 -1 0 0 -1 0 0 1 0 0 1 0 0 1 0 0 1 0 -1 0 0 -1 0 0 -1 0 0 -1 0 1 0 0 1 0 0 1 0 0 1 0 0 0 1 0 0 1 0 0 1 0 0 1 0 -1 0 0 -1 0 0 -1 0 0 -1 0 0</float_array>
          <technique_common>
            <accessor source="#geom-Bounds-normals-array" count="24" stride="3">
              <param name="X" type="float"/>
              <param name="Y" type="float"/>
              <param name="Z" type="float"/>
            </accessor>
          </technique_common>
        </source>
        <source id="geom-Bounds-map1">
          <float_array id="geom-Bounds-map1-array" count="36">0 0 0 1 0 0 0 1 0 1 1 0 0 0 0 1 0 0 0 1 0 1 1 0 0 0 0 1 0 0 0 1 0 1 1 0</float_array>
          <technique_common>
            <accessor source="#geom-Bounds-map1-array" count="12" stride="3">
              <param name="S" type="float"/>
              <param name="T" type="float"/>
              <param name="P" type="float"/>
            </accessor>
          </technique_common>
        </source>
        <vertices id="geom-Bounds-vertices">
          <input semantic="POSITION" source="#geom-Bounds-positions"/>
        </vertices>
        <triangles material="ShapeBounds" count="12">
          <input semantic="VERTEX" source="#geom-Bounds-vertices" offset="0"/>
          <input semantic="NORMAL" source="#geom-Bounds-normals" offset="1"/>
          <input semantic="TEXCOORD" source="#geom-Bounds-map1" offset="2" set="0"/>
          <p>0 0 9 2 1 11 3 2 10 3 2 10 1 3 8 0 0 9 4 4 8 5 5 9 7 6 11 7 6 11 6 7 10 4 4 8 0 8 4 1 9 5 5 10 7 5 10 7 4 11 6 0 8 4 1 12 0 3 13 1 7 14 3 7 14 3 5 15 2 1 12 0 3 16 4 2 17 5 6 18 7 6 18 7 7 19 6 3 16 4 2 20 0 0 21 1 4 22 3 4 22 3 6 23 2 2 20 0</p>
        </triangles>
      </mesh>
      <extra>
        <technique profile="OpenCOLLADA3dsMax">
          <max_box>
            <generateuvs>1</generateuvs>
            <height>1.84</height>
            <heightsegments>1</heightsegments>
            <length>0.85</length>
            <lengthsegments>1</lengthsegments>
            <width>0.85</width>
            <widthsegments>1</widthsegments>
          </max_box>
        </technique>
      </extra>
    </geometry>
  </library_geometries>
  <library_lights>
    <light id="EnvironmentAmbientLight" name="EnvironmentAmbientLight">
      <technique_common>
        <ambient>
          <color>0 0 0</color>
        </ambient>
      </technique_common>
    </light>
  </library_lights>
  <library_visual_scenes>
    <visual_scene id="MaxScene">
      <node name="EnvironmentAmbientLight">
        <instance_light url="#EnvironmentAmbientLight"/>
      </node>
      <node id="node-Bip01" name="Bip01">
        <matrix sid="matrix">0.7792376 -0.6267173 0.003750267 -8.10623e-5 0.6267178 0.7792454 0.001183462 0.009366653 -0.003664074 0.001428161 0.9999923 0.8041399 0 0 0 1</matrix>
        <node id="node-Bip01_Pelvis" name="Bip01_Pelvis">
          <matrix sid="matrix">-0.009626742 0.991236 0.1317526 0 -0.1217414 -0.1319404 0.9837534 0 0.9925151 -0.006569401 0.1219446 0 0 0 0 1</matrix>
          <node id="node-Bip01_Spine" name="Bip01_Spine">
            <matrix sid="matrix">0.9142389 -0.1596023 -0.3724172 0.1975124 0.1756539 0.9844078 0.009333353 0.02499345 0.3651208 -0.0739495 0.9280187 0.02780976 0 0 0 1</matrix>
            <node id="node-Bip01_Spine1" name="Bip01_Spine1">
              <matrix sid="matrix">0.9850423 0.02363099 -0.1706853 0.1022273 -0.01319335 0.9979873 0.06202877 -1.00821e-4 0.1718076 -0.05884902 0.9833713 5.93066e-6 0 0 0 1</matrix>
              <node id="node-Bip01_Spine2" name="Bip01_Spine2">
                <matrix sid="matrix">0.9369743 -0.3477308 -0.03409582 0.1269257 0.349036 0.9270918 0.1366547 -1.58802e-4 -0.01590908 -0.1399427 0.9900318 2.39611e-5 0 0 0 1</matrix>
                <node id="node-Bip01_Neck" name="Bip01_Neck">
                  <matrix>0.840708 -0.4308254 0.3280237 0.215107 0.4136219 0.9019012 0.1244631 -4.96805e-5 -0.3494668 0.03104055 0.9364344 -1.63913e-6 0 0 0 1</matrix>
                  <node id="node-Bip01_Head" name="Bip01_Head">
                    <matrix sid="matrix">0.947571 -0.0688955 -0.3120291 0.07051814 -0.2855057 0.2560083 -0.9235508 -0.01395917 0.1435105 0.9642161 0.2229159 -1.49012e-8 0 0 0 1</matrix>
                    <node id="node-ALTEYE" name="ALTEYE">
                      <matrix sid="matrix">0.4506336 0.3792481 0.8081467 0.06454706 0.04412824 0.8947042 -0.4444743 0.2214611 -0.8916178 0.2359567 0.3864482 0.04716259 0 0 0 1</matrix>
                    </node>
                  </node>
                  <node id="node-Bip01_L_Clavicle" name="Bip01_L_Clavicle">
                    <matrix sid="matrix">-0.5778345 -0.4531802 0.6787745 -0.04690337 0.2838089 -0.8913431 -0.3534965 -0.01204771 0.7652187 -0.01162022 0.6436653 0.05588399 0 0 0 1</matrix>
                    <node id="node-Bip01_L_UpperArm" name="Bip01_L_UpperArm">
                      <matrix sid="matrix">0.949599 0.1279893 0.2861476 0.1824007 -0.3039871 0.5987999 0.7409661 -2.98023e-8 -0.07650954 -0.7906058 0.6075268 0 0 0 0 1</matrix>
                      <node id="node-Bip01_L_Forearm" name="Bip01_L_Forearm">
                        <matrix sid="matrix">-0.619221 0.7852169 -2.98023e-8 0.284369 -0.7852169 -0.619221 -2.98023e-8 0 -2.98023e-8 8.9407e-8 1 0 0 0 0 1</matrix>
                        <node id="node-Bip01_L_Hand" name="Bip01_L_Hand">
                          <matrix sid="matrix">0.844591 0.5014304 -0.1877053 0.2810681 0.3764489 -0.8054388 -0.4577711 -2.98023e-8 -0.3807255 0.315968 -0.8690293 0 0 0 0 1</matrix>
                          <node id="node-Bip01_L_Finger0" name="Bip01_L_Finger0">
                            <matrix>0.6413842 0.3141902 0.6999362 0.02119684 0.7352948 0.008702949 -0.6776913 -0.004734099 -0.2190155 0.9493201 -0.2254407 -0.02572203 0 0 0 1</matrix>
                            <node id="node-Bip01_L_Finger01" name="Bip01_L_Finger01">
                              <matrix>0.9975641 -0.0697564 2.98023e-8 0.04982865 0.06975643 0.9975642 2.6077e-8 5.96046e-8 5.96046e-8 1.49012e-8 1 -5.96046e-8 0 0 0 1</matrix>
                              <node id="node-Bip01_L_Finger02" name="Bip01_L_Finger02">
                                <matrix>0.9203137 0.3911815 0 0.05202222 -0.3911815 0.9203136 -4.09782e-8 0 0 4.84288e-8 1 2.98023e-8 0 0 0 1</matrix>
                              </node>
                            </node>
                          </node>
                          <node id="node-Bip01_L_Finger1" name="Bip01_L_Finger1">
                            <matrix>0.9592716 -0.2819768 -0.01693498 0.1199946 0.2798395 0.9567644 -0.07931912 -0.008367598 0.03856894 0.07134949 0.9967054 -0.0410139 0 0 0 1</matrix>
                            <node id="node-Bip01_L_Finger11" name="Bip01_L_Finger11">
                              <matrix>0.7001773 -0.7139691 -1.49012e-8 0.03644168 0.7139692 0.7001772 -1.49012e-8 -1.19209e-7 0 5.7742e-8 1 0 0 0 0 1</matrix>
                              <node id="node-Bip01_L_Finger12" name="Bip01_L_Finger12">
                                <matrix>0.8757258 -0.4828088 -2.98023e-8 0.03117573 0.4828089 0.8757259 1.86265e-8 2.98023e-8 0 -1.49012e-8 1 -5.96046e-8 0 0 0 1</matrix>
                              </node>
                            </node>
                          </node>
                          <node id="node-Bip01_L_Finger2" name="Bip01_L_Finger2">
                            <matrix sid="matrix">0.9066654 -0.4205881 -0.0326092 0.1229538 0.4217874 0.9024836 0.08728343 -0.008801937 -0.00728108 -0.09289098 0.9956496 -0.01328248 0 0 0 1</matrix>
                            <node id="node-Bip01_L_Finger21" name="Bip01_L_Finger21">
                              <matrix>0.8156036 -0.5786112 -1.49012e-8 0.03895509 0.5786113 0.8156036 -2.98023e-8 0 -2.98023e-8 7.45058e-9 1 -1.19209e-7 0 0 0 1</matrix>
                              <node id="node-Bip01_L_Finger22" name="Bip01_L_Finger22">
                                <matrix>0.9762959 -0.2164396 0 0.03800535 0.2164396 0.9762961 -9.31323e-9 1.49012e-8 2.98023e-8 -6.51926e-9 1 0 0 0 0 1</matrix>
                              </node>
                            </node>
                          </node>
                          <node id="node-Bip01_L_Finger3" name="Bip01_L_Finger3">
                            <matrix sid="matrix">0.9367907 -0.338013 -0.09038847 0.1211882 0.3480915 0.9264979 0.1429456 -0.001191199 0.03542729 -0.1653736 0.9855943 0.01196867 0 0 0 1</matrix>
                            <node id="node-Bip01_L_Finger31" name="Bip01_L_Finger31">
                              <matrix>0.9381478 -0.3462351 7.45058e-9 0.03155863 0.3462351 0.9381478 -1.49012e-8 5.96046e-8 0 7.45058e-9 1 -5.96046e-8 0 0 0 1</matrix>
                              <node id="node-Bip01_L_Finger32" name="Bip01_L_Finger32">
                                <matrix sid="matrix">0.8922838 -0.451475 0 0.03366601 0.451475 0.8922839 2.23517e-8 -5.96046e-8 1.49012e-8 2.28174e-8 1 0 0 0 0 1</matrix>
                              </node>
                            </node>
                          </node>
                          <node id="node-Bip01_L_Finger4" name="Bip01_L_Finger4">
                            <matrix sid="matrix">0.9820985 -0.1883418 0.003122151 0.1136796 0.1857741 0.9711841 0.1492954 0.005147398 -0.03115073 -0.1460428 0.9887877 0.03886569 0 0 0 1</matrix>
                            <node id="node-Bip01_L_Finger41" name="Bip01_L_Finger41">
                              <matrix sid="matrix">0.8499687 -0.5268332 7.45058e-9 0.03661633 0.5268333 0.8499687 0 0 -1.49012e-8 2.98023e-8 1 5.96046e-8 0 0 0 1</matrix>
                              <node id="node-Bip01_L_Finger42" name="Bip01_L_Finger42">
                                <matrix sid="matrix">0.9624562 -0.2714371 7.45058e-9 0.01772618 0.2714372 0.9624562 -7.45058e-9 -1.19209e-7 -7.45058e-9 -4.65661e-8 1 0 0 0 0 1</matrix>
                              </node>
                            </node>
                          </node>
                        </node>
                      </node>
                    </node>
                  </node>
                  <node id="node-Bip01_R_Clavicle" name="Bip01_R_Clavicle">
                    <matrix sid="matrix">0.2073931 -0.1669671 -0.9639034 8.67009e-4 0.5679266 -0.781728 0.2576056 -0.01629043 -0.796522 -0.600852 -0.06729986 -0.07212143 0 0 0 1</matrix>
                    <node id="node-Bip01_R_UpperArm" name="Bip01_R_UpperArm">
                      <matrix sid="matrix">-0.23343 0.9286882 -0.2881809 0.1824006 -0.9698442 -0.2437254 1.59115e-4 5.96046e-8 -0.07008934 0.2795278 0.9575758 -1.19209e-7 0 0 0 1</matrix>
                      <node id="node-Bip01_R_Forearm" name="Bip01_R_Forearm">
                        <matrix sid="matrix">0.5407854 0.8411607 0 0.2843689 -0.8411607 0.5407854 0 1.19209e-7 -7.45058e-9 0 1 1.19209e-7 0 0 0 1</matrix>
                        <node id="node-Bip01_R_Hand" name="Bip01_R_Hand">
                          <matrix sid="matrix">0.970637 0.2201094 0.09703488 0.281068 0.2283399 -0.7161987 -0.6594848 0 -0.07566257 0.6622773 -0.7454286 0 0 0 0 1</matrix>
                          <node id="node-Bip01_R_Finger0" name="Bip01_R_Finger0">
                            <matrix>0.5215105 0.269013 -0.8097275 0.02119672 0.7250716 0.3605265 0.5867639 -0.004734248 0.4497753 -0.893114 -0.007035509 0.02572179 0 0 0 1</matrix>
                            <node id="node-Bip01_R_Finger01" name="Bip01_R_Finger01">
                              <matrix>0.6423534 -0.7636236 0.06527562 0.04982859 0.7605615 0.6456373 0.06854741 0 -0.09448871 0.005614458 0.99551 5.96046e-8 0 0 0 1</matrix>
                              <node id="node-Bip01_R_Finger02" name="Bip01_R_Finger02">
                                <matrix>0.9505157 -0.3106764 -4.47035e-8 0.05202249 0.3106763 0.9505157 7.45058e-9 0 -5.21541e-8 -3.72529e-9 0.9999999 -5.96046e-8 0 0 0 1</matrix>
                              </node>
                            </node>
                          </node>
                          <node id="node-Bip01_R_Finger1" name="Bip01_R_Finger1">
                            <matrix>0.9820224 -0.1733427 -0.07472671 0.1199946 0.1795577 0.9799359 0.0865149 -0.008367568 0.05823065 -0.09837734 0.9934441 0.04101396 0 0 0 1</matrix>
                            <node id="node-Bip01_R_Finger11" name="Bip01_R_Finger11">
                              <matrix>0.8240547 -0.5665103 0 0.03644168 0.5665102 0.8240547 0 0 -7.45058e-9 -1.49012e-8 0.9999999 0 0 0 0 1</matrix>
                              <node id="node-Bip01_R_Finger12" name="Bip01_R_Finger12">
                                <matrix>0.8146399 -0.5796779 0.01831833 0.03117552 0.5799672 0.8142334 -0.02573049 -5.96046e-8 7.45058e-9 0.03158513 0.999501 0 0 0 0 1</matrix>
                              </node>
                            </node>
                          </node>
                          <node id="node-Bip01_R_Finger2" name="Bip01_R_Finger2">
                            <matrix>0.6754014 -0.7374504 -1.52119e-4 0.1229538 0.7368312 0.6748428 -0.04082685 -0.008802056 0.03021042 0.02746242 0.9991662 0.0132823 0 0 0 1</matrix>
                            <node id="node-Bip01_R_Finger21" name="Bip01_R_Finger21">
                              <matrix>0.5508359 -0.8338858 -0.03484871 0.03895518 0.8322221 0.551937 -0.05265062 0 0.0631389 -1.30385e-8 0.9980047 0 0 0 0 1</matrix>
                              <node id="node-Bip01_R_Finger22" name="Bip01_R_Finger22">
                                <matrix>0.1984733 -0.9799247 0.01886609 0.03800537 0.9755272 0.199368 0.09272984 -1.19209e-7 -0.09462958 2.23517e-8 0.9955125 0 0 0 0 1</matrix>
                              </node>
                            </node>
                          </node>
                          <node id="node-Bip01_R_Finger3" name="Bip01_R_Finger3">
                            <matrix>0.7159052 -0.6949216 0.06755453 0.1211882 0.6883786 0.6863561 -0.234627 -0.001191199 0.1166809 0.2144738 0.9697353 -0.01196873 0 0 0 1</matrix>
                            <node id="node-Bip01_R_Finger31" name="Bip01_R_Finger31">
                              <matrix>0.4441953 -0.8949344 0.04222351 0.03155839 0.8909185 0.4461976 0.08468728 2.98023e-8 -0.09462959 0 0.9955125 -1.19209e-7 0 0 0 1</matrix>
                              <node id="node-Bip01_R_Finger32" name="Bip01_R_Finger32">
                                <matrix>0.1993681 -0.9794358 -0.03095104 0.03366594 0.9799247 0.1992686 0.006297076 -5.96046e-8 0 -0.03158511 0.9995011 1.19209e-7 0 0 0 1</matrix>
                              </node>
                            </node>
                          </node>
                          <node id="node-Bip01_R_Finger4" name="Bip01_R_Finger4">
                            <matrix>0.5925789 -0.789795 -0.1583476 0.1136796 0.7783522 0.6120423 -0.1399001 0.005147427 0.2074078 -0.04034828 0.977422 -0.0388658 0 0 0 1</matrix>
                            <node id="node-Bip01_R_Finger41" name="Bip01_R_Finger41">
                              <matrix>0.4202557 -0.9064696 0.04120621 0.03661624 0.9068531 0.4211511 0.01578782 5.96046e-8 -0.03166522 0.03073302 0.999026 0 0 0 0 1</matrix>
                              <node id="node-Bip01_R_Finger42" name="Bip01_R_Finger42">
                                <matrix>0.402447 -0.9138246 -0.05441485 0.01772627 0.915423 0.4021218 0.01728317 -1.19209e-7 0.006087616 -0.05676816 0.9983689 0 0 0 0 1</matrix>
                              </node>
                            </node>
                          </node>
                          <node id="node-MOUNT0" name="MOUNT0">
                            <matrix>-6.33299e-7 1 3.72529e-9 0.109539 -1 -6.48521e-7 4.73112e-7 0.02518257 4.76837e-7 1.86265e-9 1 0.01321673 0 0 0 1</matrix>
                          </node>
                        </node>
                      </node>
                    </node>
                  </node>
                </node>
                <node id="node-Bip01_L_Pauldron_Upper" name="Bip01_L_Pauldron_Upper">
                  <matrix sid="matrix">0.9726267 0.1182922 0.2000108 0.176903 0.1448454 -0.9816831 -0.1237685 -0.03908369 0.1817062 0.1493512 -0.971945 0.2290199 0 0 0 1</matrix>
                </node>
                <node id="node-Bip01_R_Pauldron_Lower" name="Bip01_R_Pauldron_Lower">
                  <matrix sid="matrix">-0.1156723 -0.9403759 -0.3198652 0.1729059 0.909775 -0.22955 0.3458564 -0.1133294 -0.3986599 -0.2509995 0.8820827 -0.2351094 0 0 0 1</matrix>
                </node>
                <node id="node-Bip01_L_Pauldron_Lower" name="Bip01_L_Pauldron_Lower">
                  <matrix sid="matrix">-0.2099968 -0.76872 0.6041283 0.1529201 0.4002343 -0.6313505 -0.6642358 -0.1054225 0.8920279 0.1023055 0.4402497 0.2344801 0 0 0 1</matrix>
                </node>
              </node>
            </node>
            <node id="node-Bip01_L_Thigh" name="Bip01_L_Thigh">
              <matrix sid="matrix">-0.4488795 0.8921271 -0.05115139 -0.1485698 0.5193911 0.3070587 0.7974635 -4.51192e-4 0.7271453 0.3313975 -0.6011952 0.1658256 0 0 0 1</matrix>
              <node id="node-Bip01_L_Calf" name="Bip01_L_Calf">
                <matrix sid="matrix">0.4034074 0.9150203 -1.86265e-9 0.4629987 -0.9150203 0.4034074 0 5.96046e-8 2.6077e-8 -3.91155e-8 1 1.49012e-8 0 0 0 1</matrix>
                <node id="node-Bip01_L_Foot" name="Bip01_L_Foot">
                  <matrix sid="matrix">0.9319397 -0.3536288 -0.08021948 0.3610502 0.3615511 0.9231073 0.1309715 1.49012e-8 0.02773586 -0.1510609 0.9881353 7.45058e-9 0 0 0 1</matrix>
                  <node id="node-Bip01_L_Toe0" name="Bip01_L_Toe0">
                    <matrix sid="matrix">7.30623e-7 -1 1.73412e-6 0.1486307 1 7.30623e-7 3.79583e-7 0.1543275 -3.78746e-7 1.73412e-6 1 0 0 0 0 1</matrix>
                  </node>
                </node>
              </node>
            </node>
            <node id="node-Bip01_R_Thigh" name="Bip01_R_Thigh">
              <matrix sid="matrix">-0.9150375 0.3601424 0.1816702 -0.2416654 0.4023389 0.847059 0.347296 0.01840353 -0.02880944 0.3908819 -0.9199899 -0.07079414 0 0 0 1</matrix>
              <node id="node-Bip01_R_Calf" name="Bip01_R_Calf">
                <matrix sid="matrix">0.4439806 0.8960364 0 0.4629987 -0.8960364 0.4439806 1.11759e-8 -7.45058e-9 1.49012e-8 -5.96046e-8 0.9999999 0 0 0 0 1</matrix>
                <node id="node-Bip01_R_Foot" name="Bip01_R_Foot">
                  <matrix sid="matrix">0.6470384 -0.7363933 0.1976513 0.3610501 0.7123568 0.6762754 0.1876154 -2.98023e-8 -0.2718254 0.01940387 0.9621509 0 0 0 0 1</matrix>
                  <node id="node-Bip01_R_Toe0" name="Bip01_R_Toe0">
                    <matrix sid="matrix">-0.1805804 -0.9786914 0.09774547 0.1486307 0.9833317 -0.1817875 -0.003513687 0.1543275 0.02120766 0.09548172 0.9952053 2.98023e-8 0 0 0 1</matrix>
                  </node>
                </node>
              </node>
            </node>
          </node>
          <node id="node-Bip01_FannyPack" name="Bip01_FannyPack">
            <matrix>-0.9629919 -0.2062317 0.1735378 0.2299508 -0.2083318 0.9780385 0.00622708 -0.1378937 -0.1710108 -0.03015684 -0.9848076 0.01013962 0 0 0 1</matrix>
          </node>
        </node>
        <node id="node-EYE" name="EYE">
          <matrix sid="matrix">0.7792379 0.6267177 -0.003664111 0.05941319 -0.6267173 0.7792452 0.001428192 0.07234286 0.003750314 0.001183283 0.999992 0.766255 0 0 0 1</matrix>
          <node id="node-CAM" name="CAM">
            <matrix>1 -6.03104e-8 3.55271e-15 4.84288e-8 6.03104e-8 1 -2.32831e-9 -0.104 -3.55271e-15 2.32832e-9 1 0.3005601 0 0 0 1</matrix>
          </node>
        </node>
      </node>
      <node id="node-Bounds" name="Bounds">
        <matrix>0.9999915 0.001706907 0.003750479 0 -0.001711356 0.9999978 0.001183292 0.1035326 -0.003748452 -0.0011897 0.9999923 -8.93474e-5 0 0 0 1</matrix>
        <instance_geometry url="#geom-Bounds">
          <bind_material>
            <technique_common>
              <instance_material symbol="ShapeBounds" target="#ShapeBounds-material"/>
            </technique_common>
          </bind_material>
        </instance_geometry>
      </node>
    </visual_scene>
  </library_visual_scenes>
  <library_animations>
    <animation>
      <source id="node-Bip01_matrix-input">
        <float_array id="node-Bip01_matrix-input-array" count="41">37.66667 37.7 37.73333 37.76667 37.8 37.83333 37.86666 37.9 37.93333 37.96667 38 38.03333 38.06667 38.1 38.13334 38.16667 38.2 38.23333 38.26667 38.3 38.33333 38.36666 38.4 38.43333 38.46667 38.5 38.53333 38.56667 38.6 38.63334 38.66667 38.7 38.73333 38.76667 38.8 38.83333 38.86666 38.9 38.93333 38.96667 39</float_array>
        <technique_common>
          <accessor source="#node-Bip01_matrix-input-array" count="41" stride="1">
            <param name="TIME" type="float"/>
          </accessor>
        </technique_common>
      </source>
      <source id="node-Bip01_matrix-output">
        <float_array id="node-Bip01_matrix-output-array" count="656">0.7792376 -0.6267173 0.003750264 -8.10623e-5 0.6267178 0.7792454 0.00118345 0.009366631 -0.003664016 0.001428127 0.9999923 0.8041399 0 0 0 1 0.731109 -0.6816654 0.02849358 -8.10623e-5 0.6802973 0.7252032 -0.1061882 0.004473388 0.05172115 0.09701925 0.9939377 0.8323934 0 0 0 1 0.6503986 -0.7558275 0.07554185 -8.10623e-5 0.7423222 0.6113726 -0.2741923 -0.004561483 0.1610578 0.2344107 0.9587033 0.872404 0 0 0 1 0.5636242 -0.8191857 0.1061253 -8.10623e-5 0.7583963 0.462271 -0.4595004 -0.02045482 0.3273575 0.3394706 0.8818145 0.8887978 0 0 0 1 0.4588414 -0.8824197 0.1039227 -8.10623e-5 0.6911668 0.2809777 -0.6658378 -0.04726338 0.5583485 0.3773418 0.7388234 0.8608991 0 0 0 1 0.3358068 -0.9359835 0.1056821 -8.10623e-5 0.5205868 0.09091752 -0.8489543 -0.08092933 0.7849989 0.3401013 0.5177914 0.8093838 0 0 0 1 0.2494555 -0.9625535 0.1061254 -8.10623e-5 0.3161079 -0.02264809 -0.9484528 -0.1119998 0.9153402 0.2701439 0.2986212 0.7608971 0 0 0 1 0.2057141 -0.9746921 0.08750432 -8.10623e-5 0.1309719 -0.06119096 -0.9894958 -0.1384108 0.9698083 0.2150138 0.1150695 0.7234207 0 0 0 1 0.1692439 -0.9838549 0.05818998 -8.10623e-5 -0.05594873 -0.06853735 -0.9960785 -0.1643123 0.9839848 0.1653246 -0.06664502 0.6869803 0 0 0 1 0.1348093 -0.9905955 0.02338874 -8.10623e-5 -0.2313069 -0.05441296 -0.9713581 -0.1895637 0.9634955 0.1255382 -0.236467 0.6512989 0 0 0 1 0.09976053 -0.9949591 -0.01021176 -8.10623e-5 -0.3850485 -0.02913975 -0.9224362 -0.2140275 0.9174887 0.09595471 -0.3860145 0.6160948 0 0 0 1 0.06410288 -0.9973189 -0.03529566 -8.10623e-5 -0.5109213 -0.002416849 -0.859624 -0.2375662 0.857234 0.07313764 -0.5097063 0.5810864 0 0 0 1 0.02990388 -0.9985546 -0.04466003 -8.10623e-5 -0.6064448 0.01739186 -0.7949354 -0.2600392 0.7945631 0.05085551 -0.6050482 0.545997 0 0 0 1 0.00585258 -0.9992399 -0.03854316 -8.10623e-5 -0.6663558 0.02484202 -0.7452201 -0.2809565 0.7456111 0.03004497 -0.6657039 0.5113573 0 0 0 1 -0.005247592 -0.9996385 -0.02636897 -8.10623e-5 -0.6903283 0.02269923 -0.72314 -0.2998326 0.7234772 0.01440846 -0.690198 0.4774036 0 0 0 1 -0.0100969 -0.9998591 -0.0134136 -8.10623e-5 -0.6825708 0.01669454 -0.7306288 -0.3165394 0.7307497 0.001778721 -0.6826433 0.4434098 0 0 0 1 -0.01558446 -0.9998708 -0.003965973 -8.10623e-5 -0.6433579 0.0130636 -0.7654543 -0.3309487 0.7654071 -0.009377539 -0.6434784 0.4086499 0 0 0 1 -0.02180588 -0.9997614 -0.001342117 -8.10623e-5 -0.5136938 0.0123558 -0.8578847 -0.3410445 0.8576964 -0.01801741 -0.5138407 0.369786 0 0 0 1 -0.02494323 -0.9996832 -0.003391444 -8.10623e-5 -0.3002074 0.01072633 -0.9538137 -0.3471316 0.9535478 -0.02277302 -0.3003799 0.3299911 0 0 0 1 -0.02665591 -0.9996302 -0.005399525 -8.10623e-5 -0.1418289 0.00912863 -0.9898492 -0.352563 0.9895322 -0.02561944 -0.1420198 0.2983012 0 0 0 1 -0.02871131 -0.9995712 -0.005758941 -8.10623e-5 -0.07930105 0.008020758 -0.9968186 -0.3590773 0.9964373 -0.02816319 -0.07949745 0.2740629 0 0 0 1 -0.03057837 -0.9995148 -0.005922973 -8.10623e-5 -0.04119408 0.007180929 -0.9991254 -0.3658781 0.9986831 -0.03030759 -0.04139375 0.2510972 0 0 0 1 -0.03223705 -0.9994627 -0.005921125 -8.10623e-5 -0.02102124 0.006600916 -0.9997572 -0.3725147 0.9992591 -0.03210467 -0.02122271 0.2301588 0 0 0 1 -0.03365349 -0.9994167 -0.005815505 -8.10623e-5 -0.0120806 0.006225109 -0.9999077 -0.3785371 0.9993606 -0.03358012 -0.01228308 0.2119998 0 0 0 1 -0.03478789 -0.9993786 -0.005695819 -8.10623e-5 -0.007627427 0.005964517 -0.9999532 -0.3834955 0.9993657 -0.03474265 -0.007830262 0.1973725 0 0 0 1 -0.03559923 -0.9993501 -0.005672633 -8.10623e-5 -9.11266e-4 0.005708694 -0.9999833 -0.3869389 0.9993658 -0.0355935 -0.001113891 0.1870312 0 0 0 1 -0.03608632 -0.9993323 -0.005723953 -8.10623e-5 0.00682038 0.005481362 -0.9999617 -0.3889211 0.9993254 -0.03612387 0.006618022 0.1809461 0 0 0 1 -0.03631472 -0.999324 -0.005749523 -8.10623e-5 0.0104494 0.005373239 -0.9999311 -0.3899407 0.9992859 -0.03637218 0.01024711 0.1780898 0 0 0 1 -0.03634452 -0.9993229 -0.005752742 -8.10623e-5 0.01092278 0.005358874 -0.9999261 -0.3902159 0.9992797 -0.0364046 0.01072049 0.1777173 0 0 0 1 -0.03623509 -0.9993267 -0.005740463 -8.10623e-5 0.009187161 0.005410909 -0.9999431 -0.3899653 0.999301 -0.03628575 0.008984982 0.1790833 0 0 0 1 -0.0360465 -0.9993338 -0.005719661 -8.10623e-5 0.006189286 0.005500078 -0.9999657 -0.3894071 0.999331 -0.03608065 0.005986809 0.1814428 0 0 0 1 -0.03583776 -0.9993415 -0.005697369 -8.10623e-5 0.002875685 0.005597829 -0.9999803 -0.3887596 0.9993535 -0.03585344 0.002673149 0.1840507 0 0 0 1 -0.03566884 -0.9993476 -0.005679786 -8.10623e-5 1.93268e-4 0.005676388 -0.9999839 -0.3882411 0.9993637 -0.03566926 -9.41753e-6 0.1861618 0 0 0 1 -0.03559923 -0.9993501 -0.005672633 -8.10623e-5 -9.11266e-4 0.005708694 -0.9999833 -0.3880701 0.9993658 -0.0355935 -0.001113891 0.1870312 0 0 0 1 -0.03559923 -0.9993501 -0.005672633 -8.10623e-5 -9.11266e-4 0.005708694 -0.9999833 -0.3881254 0.9993658 -0.0355935 -0.001113891 0.1870312 0 0 0 1 -0.03559923 -0.99935 -0.005672574 -8.10623e-5 -9.11236e-4 0.005708754 -0.9999833 -0.388147 0.9993657 -0.03559356 -0.001113891 0.1870312 0 0 0 1 -0.03559923 -0.9993501 -0.005672633 -8.10623e-5 -9.11266e-4 0.005708694 -0.9999833 -0.3881439 0.9993658 -0.0355935 -0.001113891 0.1870312 0 0 0 1 -0.03559923 -0.9993501 -0.005672633 -8.10623e-5 -9.11266e-4 0.005708694 -0.9999833 -0.3881254 0.9993658 -0.0355935 -0.001113891 0.1870312 0 0 0 1 -0.03559923 -0.99935 -0.005672574 -8.10623e-5 -9.11236e-4 0.005708754 -0.9999833 -0.3881008 0.9993657 -0.03559356 -0.001113891 0.1870312 0 0 0 1 -0.03559923 -0.9993501 -0.005672633 -8.10623e-5 -9.11266e-4 0.005708694 -0.9999833 -0.3880792 0.9993658 -0.0355935 -0.001113891 0.1870312 0 0 0 1 -0.03559923 -0.9993501 -0.005672633 -8.10623e-5 -9.11266e-4 0.005708694 -0.9999833 -0.3880701 0.9993658 -0.0355935 -0.001113891 0.1870312 0 0 0 1</float_array>
        <technique_common>
          <accessor source="#node-Bip01_matrix-output-array" count="41" stride="16">
            <param name="TRANSFORM" type="float4x4"/>
          </accessor>
        </technique_common>
      </source>
      <source id="node-Bip01_matrix-interpolation">
        <Name_array id="node-Bip01_matrix-interpolation-array" count="41">LINEAR LINEAR LINEAR LINEAR LINEAR LINEAR LINEAR LINEAR LINEAR LINEAR LINEAR LINEAR LINEAR LINEAR LINEAR LINEAR LINEAR LINEAR LINEAR LINEAR LINEAR LINEAR LINEAR LINEAR LINEAR LINEAR LINEAR LINEAR LINEAR LINEAR LINEAR LINEAR LINEAR LINEAR LINEAR LINEAR LINEAR LINEAR LINEAR LINEAR LINEAR</Name_array>
        <technique_common>
          <accessor source="#node-Bip01_matrix-interpolation-array" count="41" stride="1">
            <param name="INTERPOLATION" type="name"/>
          </accessor>
        </technique_common>
      </source>
      <source id="node-Bip01_Pelvis_matrix-input">
        <float_array id="node-Bip01_Pelvis_matrix-input-array" count="41">37.66667 37.7 37.73333 37.76667 37.8 37.83333 37.86666 37.9 37.93333 37.96667 38 38.03333 38.06667 38.1 38.13334 38.16667 38.2 38.23333 38.26667 38.3 38.33333 38.36666 38.4 38.43333 38.46667 38.5 38.53333 38.56667 38.6 38.63334 38.66667 38.7 38.73333 38.76667 38.8 38.83333 38.86666 38.9 38.93333 38.96667 39</float_array>
        <technique_common>
          <accessor source="#node-Bip01_Pelvis_matrix-input-array" count="41" stride="1">
            <param name="TIME" type="float"/>
          </accessor>
        </technique_common>
      </source>
      <source id="node-Bip01_Pelvis_matrix-output">
        <float_array id="node-Bip01_Pelvis_matrix-output-array" count="656">-0.009626686 0.991236 0.1317526 0 -0.1217414 -0.1319403 0.9837534 0 0.9925152 -0.006569385 0.1219446 0 0 0 0 1 -0.009626686 0.991804 0.1274055 0 -0.1217414 -0.1276262 0.9843224 0 0.9925153 -0.006034731 0.1219722 0 0 0 0 1 -0.009626686 0.9924446 0.1223145 0 -0.1217414 -0.1225735 0.9849643 0 0.992515 -0.005408763 0.1220015 0 0 0 0 1 -0.009626626 0.9931314 0.1166075 0 -0.1217414 -0.1169095 0.9856526 0 0.9925152 -0.004707396 0.1220306 0 0 0 0 1 -0.009626567 0.993839 0.1104136 0 -0.1217413 -0.1107622 0.9863623 0 0.9925151 -0.003946542 0.1220576 0 0 0 0 1 -0.009626507 0.9945452 0.1038613 0 -0.1217414 -0.1042591 0.987071 0 0.9925152 -0.003141999 0.122081 0 0 0 0 1 -0.009626507 0.9952298 0.09708195 0 -0.1217414 -0.09753072 0.9877586 0 0.9925152 -0.002310156 0.1220996 0 0 0 0 1 -0.009626507 0.9958768 0.09020477 0 -0.1217414 -0.09070521 0.9884087 0 0.9925152 -0.001466691 0.1221126 0 0 0 0 1 -0.009626448 0.996473 0.08336037 0 -0.1217414 -0.08391201 0.9890085 0 0.9925151 -6.27719e-4 0.1221198 0 0 0 0 1 -0.009626448 0.9970093 0.07667946 0 -0.1217414 -0.07728111 0.9895488 0 0.9925152 1.9078e-4 0.1221213 0 0 0 0 1 -0.009626448 0.99748 0.070293 0 -0.1217414 -0.0709424 0.9900233 0 0.9925152 9.72807e-4 0.1221175 0 0 0 0 1 -0.009626448 0.9978821 0.0643323 0 -0.1217414 -0.06502628 0.9904295 0 0.9925152 0.001702368 0.1221095 0 0 0 0 1 -0.009626328 0.9982159 0.05892866 0 -0.1217414 -0.05966293 0.9907671 0 0.9925152 0.002363383 0.1220985 0 0 0 0 1 -0.009626388 0.9984831 0.05421268 0 -0.1217414 -0.05498218 0.9910378 0 0.9925152 0.002940118 0.122086 0 0 0 0 1 -0.009626269 0.9986869 0.05031704 0 -0.1217414 -0.05111557 0.9912448 0 0.9925152 0.003416299 0.1220736 0 0 0 0 1 -0.009626328 0.9988309 0.04737222 0 -0.1217414 -0.04819267 0.9913912 0 0.9925152 0.003776311 0.122063 0 0 0 0 1 -0.009626388 0.9989176 0.04550939 0 -0.1217414 -0.04634368 0.9914793 0 0.9925152 0.004003822 0.1220558 0 0 0 0 1 -0.009626209 0.998947 0.04485934 0 -0.1217414 -0.04569846 0.9915093 0 0.9925152 0.004083395 0.1220532 0 0 0 0 1 -0.009626269 0.9989433 0.04493772 0 -0.1217414 -0.0457763 0.9915056 0 0.992515 0.004073739 0.1220535 0 0 0 0 1 -0.009626269 0.998933 0.04516935 0 -0.1217414 -0.0460062 0.9914951 0 0.9925152 0.004045426 0.1220544 0 0 0 0 1 -0.009626269 0.9989157 0.04554921 0 -0.1217414 -0.0463832 0.9914775 0 0.9925152 0.003998994 0.1220559 0 0 0 0 1 -0.009626269 0.9988918 0.04607206 0 -0.1217414 -0.04690217 0.9914531 0 0.9925153 0.003935158 0.122058 0 0 0 0 1 -0.009626269 0.998861 0.04673236 0 -0.1217414 -0.04755759 0.9914218 0 0.9925152 0.003854453 0.1220606 0 0 0 0 1 -0.009626269 0.9988236 0.04752552 0 -0.1217414 -0.04834485 0.9913836 0 0.9925151 0.003757536 0.1220636 0 0 0 0 1 -0.009626328 0.9987794 0.04844611 0 -0.1217414 -0.04925858 0.9913388 0 0.9925152 0.003645002 0.122067 0 0 0 0 1 -0.009626328 0.9987283 0.04948854 0 -0.1217414 -0.0502932 0.9912868 0 0.9925152 0.003517627 0.1220707 0 0 0 0 1 -0.009626328 0.9986702 0.05064827 0 -0.1217414 -0.05144435 0.9912278 0 0.9925152 0.003375887 0.1220748 0 0 0 0 1 -0.009626328 0.9986048 0.05191987 0 -0.1217414 -0.05270642 0.9911614 0 0.9925151 0.003220438 0.122079 0 0 0 0 1 -0.009626328 0.9985321 0.05329757 0 -0.1217414 -0.05407387 0.9910877 0 0.992515 0.003051996 0.1220833 0 0 0 0 1 -0.009626328 0.9984521 0.05477714 0 -0.1217414 -0.0555424 0.9910066 0 0.992515 0.002871096 0.1220877 0 0 0 0 1 -0.009626328 0.9983645 0.05635297 0 -0.1217414 -0.05710649 0.9909176 0 0.9925151 0.002678394 0.122092 0 0 0 0 1 -0.009626328 0.998269 0.05801922 0 -0.1217414 -0.05876028 0.990821 0 0.9925151 0.002474665 0.1220963 0 0 0 0 1 -0.009626328 0.9981656 0.05977183 0 -0.1217414 -0.06049984 0.9907163 0 0.9925151 0.002260267 0.1221005 0 0 0 0 1 -0.009626388 0.9980542 0.06160509 0 -0.1217414 -0.06231939 0.9906036 0 0.9925152 0.002036035 0.1221045 0 0 0 0 1 -0.009626388 0.9979346 0.06351304 0 -0.1217414 -0.06421309 0.9904826 0 0.9925152 0.001802563 0.1221081 0 0 0 0 1 -0.009626388 0.9978067 0.06549185 0 -0.1217414 -0.06617712 0.9903533 0 0.9925152 0.001560449 0.1221114 0 0 0 0 1 -0.009626388 0.9976705 0.06753569 0 -0.1217414 -0.06820571 0.9902157 0 0.9925152 0.001310288 0.1221144 0 0 0 0 1 -0.009626388 0.9975258 0.06963849 0 -0.1217414 -0.07029283 0.9900698 0 0.9925152 0.001052916 0.1221169 0 0 0 0 1 -0.009626388 0.9973729 0.07179665 0 -0.1217414 -0.07243484 0.9899153 0 0.9925152 7.88736e-4 0.1221188 0 0 0 0 1 -0.009626448 0.9972115 0.07400423 0 -0.1217414 -0.0746259 0.9897525 0 0.9925152 5.18429e-4 0.1221203 0 0 0 0 1 -0.009626448 0.9970419 0.07625514 0 -0.1217414 -0.07685995 0.9895815 0 0.9925152 2.42765e-4 0.1221212 0 0 0 0 1</float_array>
        <technique_common>
          <accessor source="#node-Bip01_Pelvis_matrix-output-array" count="41" stride="16">
            <param name="TRANSFORM" type="float4x4"/>
          </accessor>
        </technique_common>
      </source>
      <source id="node-Bip01_Pelvis_matrix-interpolation">
        <Name_array id="node-Bip01_Pelvis_matrix-interpolation-array" count="41">LINEAR LINEAR LINEAR LINEAR LINEAR LINEAR LINEAR LINEAR LINEAR LINEAR LINEAR LINEAR LINEAR LINEAR LINEAR LINEAR LINEAR LINEAR LINEAR LINEAR LINEAR LINEAR LINEAR LINEAR LINEAR LINEAR LINEAR LINEAR LINEAR LINEAR LINEAR LINEAR LINEAR LINEAR LINEAR LINEAR LINEAR LINEAR LINEAR LINEAR LINEAR</Name_array>
        <technique_common>
          <accessor source="#node-Bip01_Pelvis_matrix-interpolation-array" count="41" stride="1">
            <param name="INTERPOLATION" type="name"/>
          </accessor>
        </technique_common>
      </source>
      <source id="node-Bip01_Spine_matrix-input">
        <float_array id="node-Bip01_Spine_matrix-input-array" count="41">37.66667 37.7 37.73333 37.76667 37.8 37.83333 37.86666 37.9 37.93333 37.96667 38 38.03333 38.06667 38.1 38.13334 38.16667 38.2 38.23333 38.26667 38.3 38.33333 38.36666 38.4 38.43333 38.46667 38.5 38.53333 38.56667 38.6 38.63334 38.66667 38.7 38.73333 38.76667 38.8 38.83333 38.86666 38.9 38.93333 38.96667 39</float_array>
        <technique_common>
          <accessor source="#node-Bip01_Spine_matrix-input-array" count="41" stride="1">
            <param name="TIME" type="float"/>
          </accessor>
        </technique_common>
      </source>
      <source id="node-Bip01_Spine_matrix-output">
