<?xml version="1.0" encoding="utf-8"?>
<COLLADA xmlns="http://www.collada.org/2005/11/COLLADASchema" version="1.4.1">
  <asset>
    <contributor>
      <author>MattO</author>
      <authoring_tool>OpenCOLLADA for 3ds Max;  Version: 1.3.0;  Revision: 839M;  Platform: x64;  Configuration: Release_Max2012</authoring_tool>
      <source_data>file:///C:/Dropbox/Prj/GGStout/Ryder/TP_Soldier_Ryder_Animation_Master.max</source_data>
    </contributor>
    <created>2011-09-29T18:37:49</created>
    <modified>2011-09-29T18:37:49</modified>
    <unit name="meter" meter="1"/>
    <up_axis>Z_UP</up_axis>
  </asset>
  <library_effects>
    <effect id="ShapeBounds">
      <profile_COMMON>
        <technique sid="common">
          <blinn>
            <emission>
              <color>0 0 0 1</color>
            </emission>
            <ambient>
              <color>0.1647059 1 0 1</color>
            </ambient>
            <diffuse>
              <color>0.1647059 1 0 1</color>
            </diffuse>
            <specular>
              <color>0.9 0.9 0.9 1</color>
            </specular>
            <shininess>
              <float>10</float>
            </shininess>
            <reflective>
              <color>0 0 0 1</color>
            </reflective>
            <transparent opaque="A_ONE">
              <color>1 1 1 1</color>
            </transparent>
            <transparency>
              <float>1</float>
            </transparency>
          </blinn>
        </technique>
      </profile_COMMON>
      <extra>
        <technique profile="OpenCOLLADA3dsMax">
          <extended_shader>
            <apply_reflection_dimming>0</apply_reflection_dimming>
            <dim_level>0</dim_level>
            <falloff_type>0</falloff_type>
            <index_of_refraction>1.5</index_of_refraction>
            <opacity_type>0</opacity_type>
            <reflection_level>3</reflection_level>
            <wire_size>1</wire_size>
            <wire_units>0</wire_units>
          </extended_shader>
          <shader>
            <ambient_diffuse_lock>1</ambient_diffuse_lock>
            <ambient_diffuse_texture_lock>1</ambient_diffuse_texture_lock>
            <diffuse_specular_lock>0</diffuse_specular_lock>
            <soften>0.1</soften>
            <use_self_illum_color>0</use_self_illum_color>
          </shader>
        </technique>
      </extra>
    </effect>
  </library_effects>
  <library_materials>
    <material id="ShapeBounds-material" name="ShapeBounds">
      <instance_effect url="#ShapeBounds"/>
    </material>
  </library_materials>
  <library_geometries>
    <geometry id="geom-Bounds" name="Bounds">
      <mesh>
        <source id="geom-Bounds-positions">
          <float_array id="geom-Bounds-positions-array" count="24">-0.425 -0.425 0 0.425 -0.425 0 -0.425 0.425 0 0.425 0.425 0 -0.425 -0.425 1.84 0.425 -0.425 1.84 -0.425 0.425 1.84 0.425 0.425 1.84</float_array>
          <technique_common>
            <accessor source="#geom-Bounds-positions-array" count="8" stride="3">
              <param name="X" type="float"/>
              <param name="Y" type="float"/>
              <param name="Z" type="float"/>
            </accessor>
          </technique_common>
        </source>
        <source id="geom-Bounds-normals">
          <float_array id="geom-Bounds-normals-array" count="72">0 0 -1 0 0 -1 0 0 -1 0 0 -1 0 0 1 0 0 1 0 0 1 0 0 1 0 -1 0 0 -1 0 0 -1 0 0 -1 0 1 0 0 1 0 0 1 0 0 1 0 0 0 1 0 0 1 0 0 1 0 0 1 0 -1 0 0 -1 0 0 -1 0 0 -1 0 0</float_array>
          <technique_common>
            <accessor source="#geom-Bounds-normals-array" count="24" stride="3">
              <param name="X" type="float"/>
              <param name="Y" type="float"/>
              <param name="Z" type="float"/>
            </accessor>
          </technique_common>
        </source>
        <source id="geom-Bounds-map1">
          <float_array id="geom-Bounds-map1-array" count="36">0 0 0 1 0 0 0 1 0 1 1 0 0 0 0 1 0 0 0 1 0 1 1 0 0 0 0 1 0 0 0 1 0 1 1 0</float_array>
          <technique_common>
            <accessor source="#geom-Bounds-map1-array" count="12" stride="3">
              <param name="S" type="float"/>
              <param name="T" type="float"/>
              <param name="P" type="float"/>
            </accessor>
          </technique_common>
        </source>
        <vertices id="geom-Bounds-vertices">
          <input semantic="POSITION" source="#geom-Bounds-positions"/>
        </vertices>
        <triangles material="ShapeBounds" count="12">
          <input semantic="VERTEX" source="#geom-Bounds-vertices" offset="0"/>
          <input semantic="NORMAL" source="#geom-Bounds-normals" offset="1"/>
          <input semantic="TEXCOORD" source="#geom-Bounds-map1" offset="2" set="0"/>
          <p>0 0 9 2 1 11 3 2 10 3 2 10 1 3 8 0 0 9 4 4 8 5 5 9 7 6 11 7 6 11 6 7 10 4 4 8 0 8 4 1 9 5 5 10 7 5 10 7 4 11 6 0 8 4 1 12 0 3 13 1 7 14 3 7 14 3 5 15 2 1 12 0 3 16 4 2 17 5 6 18 7 6 18 7 7 19 6 3 16 4 2 20 0 0 21 1 4 22 3 4 22 3 6 23 2 2 20 0</p>
        </triangles>
      </mesh>
      <extra>
        <technique profile="OpenCOLLADA3dsMax">
          <max_box>
            <generateuvs>1</generateuvs>
            <height>1.84</height>
            <heightsegments>1</heightsegments>
            <length>0.85</length>
            <lengthsegments>1</lengthsegments>
            <width>0.85</width>
            <widthsegments>1</widthsegments>
          </max_box>
        </technique>
      </extra>
    </geometry>
  </library_geometries>
  <library_lights>
    <light id="EnvironmentAmbientLight" name="EnvironmentAmbientLight">
      <technique_common>
        <ambient>
          <color>0 0 0</color>
        </ambient>
      </technique_common>
    </light>
  </library_lights>
  <library_visual_scenes>
    <visual_scene id="MaxScene">
      <node name="EnvironmentAmbientLight">
        <instance_light url="#EnvironmentAmbientLight"/>
      </node>
      <node id="node-Bip01" name="Bip01">
        <matrix sid="matrix">0.3563108 -0.3060079 0.8828374 -8.10623e-5 0.8213639 0.5530027 -0.1398193 0.009366653 -0.4454257 0.7749498 0.4483846 0.8041399 0 0 0 1</matrix>
        <node id="node-Bip01_Pelvis" name="Bip01_Pelvis">
          <matrix sid="matrix">-0.009626687 0.9981475 0.06007257 0 -0.1217414 -0.06079838 0.9906979 0 0.9925152 0.002223864 0.1221012 0 0 0 0 1</matrix>
          <node id="node-Bip01_Spine" name="Bip01_Spine">
            <matrix sid="matrix">0.7705345 -0.03786558 -0.6362725 0.1975024 0.03273559 0.9992675 -0.01982479 0.02692825 0.6365572 -0.005552977 0.7712097 0.02592748 0 0 0 1</matrix>
            <node id="node-Bip01_Spine1" name="Bip01_Spine1">
              <matrix sid="matrix">0.9713834 0.2342762 -0.03909883 0.1022062 -0.2350959 0.9718089 -0.01781562 -9.81987e-5 0.03382277 0.02649783 0.9990765 -2.63751e-6 0 0 0 1</matrix>
              <node id="node-Bip01_Spine2" name="Bip01_Spine2">
                <matrix sid="matrix">0.949597 -0.2811753 0.1385858 0.1269141 0.2879943 0.9571146 -0.03147197 -1.63928e-4 -0.1237934 0.06979759 0.9898501 -1.19507e-5 0 0 0 1</matrix>
                <node id="node-Bip01_Neck" name="Bip01_Neck">
                  <matrix>0.8407081 -0.4308256 0.3280236 0.2151071 0.4136221 0.9019014 0.1244631 -4.97103e-5 -0.3494668 0.03104067 0.9364345 -1.66893e-6 0 0 0 1</matrix>
                  <node id="node-Bip01_Head" name="Bip01_Head">
                    <matrix sid="matrix">0.4937997 0.1772063 -0.8513283 0.07051814 -0.4492697 0.8902179 -0.07529059 -0.01395905 0.7445258 0.4196546 0.5192029 -5.96046e-8 0 0 0 1</matrix>
                    <node id="node-ALTEYE" name="ALTEYE">
                      <matrix sid="matrix">0.2011123 0.370883 0.9066424 0.06454694 -0.08313151 0.9286759 -0.361456 0.2214611 -0.9760343 -0.002677638 0.2176 0.04716253 0 0 0 1</matrix>
                    </node>
                  </node>
                  <node id="node-Bip01_L_Clavicle" name="Bip01_L_Clavicle">
                    <matrix sid="matrix">-0.4193728 -0.3901516 0.8196999 -0.04690349 -0.006484538 -0.9016277 -0.4324643 -0.01204753 0.907791 -0.1866792 0.3755883 0.055884 0 0 0 1</matrix>
                    <node id="node-Bip01_L_UpperArm" name="Bip01_L_UpperArm">
                      <matrix sid="matrix">0.9867538 0.1500821 0.06158265 0.1824006 0.02540253 0.2319811 -0.9723886 2.98023e-8 -0.1602242 0.9610725 0.2250958 0 0 0 0 1</matrix>
                      <node id="node-Bip01_L_Forearm" name="Bip01_L_Forearm">
                        <matrix sid="matrix">0.6878598 0.7258435 -2.98023e-8 0.2843689 -0.7258434 0.6878597 1.49012e-8 1.19209e-7 1.49012e-8 -1.49012e-8 0.9999999 -4.47035e-8 0 0 0 1</matrix>
                        <node id="node-Bip01_L_Hand" name="Bip01_L_Hand">
                          <matrix sid="matrix">0.1697568 0.9096309 0.3791496 0.2810681 0.3094503 -0.4144759 0.8558331 0 0.9356406 -0.02795555 -0.3518455 0 0 0 0 1</matrix>
                          <node id="node-Bip01_L_Finger0" name="Bip01_L_Finger0">
                            <matrix sid="matrix">0.678798 0.5245168 0.5139218 0.02119675 0.437277 0.2735207 -0.8567234 -0.004734337 -0.5899341 0.8062682 -0.04369396 -0.02572179 0 0 0 1</matrix>
                            <node id="node-Bip01_L_Finger01" name="Bip01_L_Finger01">
                              <matrix>0.997564 -0.06975642 0 0.04982853 0.06975651 0.9975642 -1.49012e-8 5.96046e-8 5.96046e-8 -4.47035e-8 1 5.96046e-8 0 0 0 1</matrix>
                              <node id="node-Bip01_L_Finger02" name="Bip01_L_Finger02">
                                <matrix sid="matrix">0.986252 0.1652489 0 0.05202246 -0.165249 0.9862519 -2.98023e-8 -1.19209e-7 -2.98023e-8 1.49012e-8 1 -1.19209e-7 0 0 0 1</matrix>
                              </node>
                            </node>
                          </node>
                          <node id="node-Bip01_L_Finger1" name="Bip01_L_Finger1">
                            <matrix sid="matrix">0.9009549 -0.1884572 0.3908501 0.1199947 0.1959121 0.9803939 0.02111885 -0.008367479 -0.3871671 0.0575451 0.920212 -0.04101384 0 0 0 1</matrix>
                            <node id="node-Bip01_L_Finger11" name="Bip01_L_Finger11">
                              <matrix sid="matrix">0.9450802 -0.3268385 0 0.03644165 0.3268386 0.9450802 2.98023e-8 5.96046e-8 0 0 0.9999999 0 0 0 0 1</matrix>
                              <node id="node-Bip01_L_Finger12" name="Bip01_L_Finger12">
                                <matrix sid="matrix">0.9929129 -0.1188437 0 0.03117552 0.1188436 0.9929129 -2.98023e-8 0 2.98023e-8 -2.98023e-8 1 0 0 0 0 1</matrix>
                              </node>
                            </node>
                          </node>
                          <node id="node-Bip01_L_Finger2" name="Bip01_L_Finger2">
                            <matrix sid="matrix">0.9836145 -0.1308815 0.1239848 0.1229538 0.1248046 0.9906217 0.05560717 -0.008801937 -0.1301 -0.03922209 0.9907247 -0.01328254 0 0 0 1</matrix>
                            <node id="node-Bip01_L_Finger21" name="Bip01_L_Finger21">
                              <matrix sid="matrix">0.9937667 -0.1114799 0 0.03895512 0.1114799 0.9937667 -2.98023e-8 -1.19209e-7 0 0 1 2.38419e-7 0 0 0 1</matrix>
                              <node id="node-Bip01_L_Finger22" name="Bip01_L_Finger22">
                                <matrix sid="matrix">0.991721 -0.128412 0 0.03800541 0.128412 0.9917209 0 1.19209e-7 -5.96046e-8 0 1 0 0 0 0 1</matrix>
                              </node>
                            </node>
                          </node>
                          <node id="node-Bip01_L_Finger3" name="Bip01_L_Finger3">
                            <matrix sid="matrix">0.9923954 -0.08355364 -0.09038849 0.1211881 0.09595636 0.9850677 0.1429456 -0.001191378 0.07709517 -0.1505318 0.9855944 0.01196885 0 0 0 1</matrix>
                            <node id="node-Bip01_L_Finger31" name="Bip01_L_Finger31">
                              <matrix sid="matrix">0.9911383 -0.1328349 -1.11759e-8 0.03155854 0.1328349 0.9911383 0 1.19209e-7 7.45058e-9 -8.9407e-8 1 -1.19209e-7 0 0 0 1</matrix>
                              <node id="node-Bip01_L_Finger32" name="Bip01_L_Finger32">
                                <matrix sid="matrix">0.9911955 -0.1324064 -7.45058e-9 0.0336659 0.1324064 0.9911956 -5.96046e-8 0 0 8.9407e-8 1 0 0 0 0 1</matrix>
                              </node>
                            </node>
                          </node>
                          <node id="node-Bip01_L_Finger4" name="Bip01_L_Finger4">
                            <matrix sid="matrix">0.9284372 -0.3108517 -0.20341 0.1136797 0.3264969 0.9439973 0.04763138 0.005147398 0.1772122 -0.1106355 0.9779343 0.0388658 0 0 0 1</matrix>
                            <node id="node-Bip01_L_Finger41" name="Bip01_L_Finger41">
                              <matrix>0.979011 -0.2038069 -1.49012e-8 0.03661615 0.203807 0.979011 2.98023e-8 1.19209e-7 0 8.9407e-8 0.9999999 0 0 0 0 1</matrix>
                              <node id="node-Bip01_L_Finger42" name="Bip01_L_Finger42">
                                <matrix sid="matrix">0.9802642 -0.1976916 -2.98023e-8 0.01772633 0.1976916 0.9802642 -5.96046e-8 -1.19209e-7 5.96046e-8 2.98023e-8 0.9999999 1.19209e-7 0 0 0 1</matrix>
                              </node>
                            </node>
                          </node>
                        </node>
                      </node>
                    </node>
                  </node>
                  <node id="node-Bip01_R_Clavicle" name="Bip01_R_Clavicle">
                    <matrix>0.2073931 -0.1669673 -0.9639034 8.6695e-4 0.5679266 -0.7817279 0.2576057 -0.01629037 -0.7965223 -0.600852 -0.06729987 -0.07212144 0 0 0 1</matrix>
                    <node id="node-Bip01_R_UpperArm" name="Bip01_R_UpperArm">
                      <matrix sid="matrix">0.6545456 0.429096 -0.6224521 0.1824007 -0.6884899 0.6784529 -0.2562873 -2.98023e-8 0.3123325 0.5963037 0.7395068 5.96046e-8 0 0 0 1</matrix>
                      <node id="node-Bip01_R_Forearm" name="Bip01_R_Forearm">
                        <matrix sid="matrix">0.03562683 0.9993651 0 0.2843689 -0.9993653 0.03562674 -2.23517e-8 0 -7.45058e-9 4.47035e-8 0.9999999 5.96046e-8 0 0 0 1</matrix>
                        <node id="node-Bip01_R_Hand" name="Bip01_R_Hand">
                          <matrix sid="matrix">0.8497711 -0.1683105 0.4995604 0.2810681 0.5042899 -0.01650377 -0.8633767 -5.96046e-8 0.15356 0.9855959 0.07085288 2.98023e-8 0 0 0 1</matrix>
                          <node id="node-Bip01_R_Finger0" name="Bip01_R_Finger0">
                            <matrix>0.5215107 0.269013 -0.8097275 0.02119675 0.7250715 0.3605265 0.5867639 -0.004734248 0.4497753 -0.8931141 -0.00703549 0.02572185 0 0 0 1</matrix>
                            <node id="node-Bip01_R_Finger01" name="Bip01_R_Finger01">
                              <matrix>0.6423533 -0.7636238 0.06527565 0.0498285 0.7605617 0.645637 0.06854746 1.19209e-7 -0.09448876 0.005614415 0.9955101 0 0 0 0 1</matrix>
                              <node id="node-Bip01_R_Finger02" name="Bip01_R_Finger02">
                                <matrix>0.9505157 -0.3106764 -6.23986e-8 0.05202234 0.3106765 0.9505157 1.30385e-8 -5.96046e-8 6.51926e-9 7.45058e-8 1 -5.96046e-8 0 0 0 1</matrix>
                              </node>
                            </node>
                          </node>
                          <node id="node-Bip01_R_Finger1" name="Bip01_R_Finger1">
                            <matrix>0.9820225 -0.1733428 -0.07472671 0.1199947 0.1795577 0.9799358 0.08651492 -0.008367568 0.05823066 -0.09837735 0.993444 0.04101378 0 0 0 1</matrix>
                            <node id="node-Bip01_R_Finger11" name="Bip01_R_Finger11">
                              <matrix>0.8240547 -0.5665103 7.45058e-9 0.03644168 0.5665102 0.8240547 -5.58794e-9 5.96046e-8 -1.49012e-8 3.72529e-9 1 5.96046e-8 0 0 0 1</matrix>
                              <node id="node-Bip01_R_Finger12" name="Bip01_R_Finger12">
                                <matrix>0.8146399 -0.5796779 0.01831833 0.03117549 0.5799672 0.8142334 -0.02573048 5.96046e-8 3.72529e-9 0.03158513 0.9995011 0 0 0 0 1</matrix>
                              </node>
                            </node>
                          </node>
                          <node id="node-Bip01_R_Finger2" name="Bip01_R_Finger2">
                            <matrix>0.6754014 -0.7374505 -1.52124e-4 0.1229538 0.7368313 0.6748428 -0.04082686 -0.008801967 0.03021044 0.02746242 0.9991663 0.01328236 0 0 0 1</matrix>
                            <node id="node-Bip01_R_Finger21" name="Bip01_R_Finger21">
                              <matrix>0.5508358 -0.8338858 -0.03484872 0.03895514 0.8322219 0.5519371 -0.05265061 -1.19209e-7 0.06313889 -7.45058e-9 0.9980047 0 0 0 0 1</matrix>
                              <node id="node-Bip01_R_Finger22" name="Bip01_R_Finger22">
                                <matrix>0.1984733 -0.9799248 0.01886617 0.03800538 0.9755274 0.1993679 0.09272987 5.96046e-8 -0.09462959 -1.49012e-8 0.9955126 0 0 0 0 1</matrix>
                              </node>
                            </node>
                          </node>
                          <node id="node-Bip01_R_Finger3" name="Bip01_R_Finger3">
                            <matrix>0.7159053 -0.6949216 0.06755474 0.1211881 0.6883786 0.6863561 -0.2346271 -0.001191169 0.1166808 0.214474 0.9697352 -0.01196861 0 0 0 1</matrix>
                            <node id="node-Bip01_R_Finger31" name="Bip01_R_Finger31">
                              <matrix>0.4441954 -0.8949345 0.04222359 0.03155829 0.8909184 0.4461975 0.08468762 -5.96046e-8 -0.09462993 -7.45058e-8 0.9955126 0 0 0 0 1</matrix>
                              <node id="node-Bip01_R_Finger32" name="Bip01_R_Finger32">
                                <matrix>0.1993681 -0.9794357 -0.03095099 0.03366607 0.9799249 0.1992685 0.006297052 -5.96046e-8 -6.51926e-9 -0.03158513 0.9995011 -1.19209e-7 0 0 0 1</matrix>
                              </node>
                            </node>
                          </node>
                          <node id="node-Bip01_R_Finger4" name="Bip01_R_Finger4">
                            <matrix>0.5925792 -0.789795 -0.1583476 0.1136796 0.7783522 0.6120425 -0.1399001 0.005147338 0.2074078 -0.04034832 0.9774222 -0.0388658 0 0 0 1</matrix>
                            <node id="node-Bip01_R_Finger41" name="Bip01_R_Finger41">
                              <matrix>0.4202555 -0.9064698 0.04120621 0.03661624 0.906853 0.4211511 0.01578783 5.96046e-8 -0.03166523 0.03073311 0.9990259 -5.96046e-8 0 0 0 1</matrix>
                              <node id="node-Bip01_R_Finger42" name="Bip01_R_Finger42">
                                <matrix>0.402447 -0.9138246 -0.05441487 0.01772636 0.915423 0.4021218 0.01728314 0 0.006087601 -0.05676818 0.9983689 5.96046e-8 0 0 0 1</matrix>
                              </node>
                            </node>
                          </node>
                          <node id="node-MOUNT0" name="MOUNT0">
                            <matrix>-6.23288e-7 1 0 0.109539 -0.9999999 -6.58911e-7 4.69387e-7 0.02518252 4.69387e-7 9.31323e-9 1 0.01321656 0 0 0 1</matrix>
                          </node>
                        </node>
                      </node>
                    </node>
                  </node>
                </node>
                <node id="node-Bip01_L_Pauldron_Upper" name="Bip01_L_Pauldron_Upper">
                  <matrix sid="matrix">0.9862573 0.1219391 -0.1114801 0.2167909 0.129148 -0.9898156 0.05988336 -0.05140215 -0.1030425 -0.07345778 -0.9919608 0.2310461 0 0 0 1</matrix>
                </node>
                <node id="node-Bip01_R_Pauldron_Lower" name="Bip01_R_Pauldron_Lower">
                  <matrix>-0.1156726 -0.940376 -0.3198655 0.172906 0.9097751 -0.2295503 0.3458564 -0.1133294 -0.3986598 -0.2509995 0.8820828 -0.2351095 0 0 0 1</matrix>
                </node>
                <node id="node-Bip01_L_Pauldron_Lower" name="Bip01_L_Pauldron_Lower">
                  <matrix sid="matrix">0.1740948 0.04713628 0.9836004 0.2315449 -0.05116406 -0.9970721 0.05683774 -0.04484814 0.983399 -0.06022012 -0.1711734 0.2484654 0 0 0 1</matrix>
                </node>
              </node>
            </node>
            <node id="node-Bip01_L_Thigh" name="Bip01_L_Thigh">
              <matrix sid="matrix">-0.4097295 0.8345184 -0.3683756 -0.08841598 0.4395792 0.534476 0.7218763 -0.01999375 0.799307 0.1338436 -0.5858276 0.2045225 0 0 0 1</matrix>
              <node id="node-Bip01_L_Calf" name="Bip01_L_Calf">
                <matrix sid="matrix">0.5122989 0.8588073 2.98023e-8 0.4629989 -0.8588072 0.5122989 0 -2.98023e-8 2.98023e-8 -5.58794e-8 1 5.96046e-8 0 0 0 1</matrix>
                <node id="node-Bip01_L_Foot" name="Bip01_L_Foot">
                  <matrix sid="matrix">0.8140749 0.5763059 -0.07179183 0.3610501 -0.5642483 0.8141302 0.1371719 5.96046e-8 0.1375008 -0.07115972 0.9879422 -1.19209e-7 0 0 0 1</matrix>
                  <node id="node-Bip01_L_Toe0" name="Bip01_L_Toe0">
                    <matrix sid="matrix">5.1409e-7 -1 1.46031e-6 0.1486306 0.9999999 4.84288e-7 2.98023e-8 0.1543274 -5.96046e-8 1.3411e-6 0.9999999 -5.96046e-8 0 0 0 1</matrix>
                  </node>
                </node>
              </node>
            </node>
            <node id="node-Bip01_R_Thigh" name="Bip01_R_Thigh">
              <matrix sid="matrix">-0.8652132 0.3333508 -0.3745438 -0.2507205 0.2437542 0.9324204 0.2667881 -0.01857826 0.4381665 0.1395319 -0.8879983 0.007884771 0 0 0 1</matrix>
              <node id="node-Bip01_R_Calf" name="Bip01_R_Calf">
                <matrix sid="matrix">0.7818699 0.6234416 0 0.4629988 -0.6234416 0.7818699 -1.49012e-8 0 5.96046e-8 -5.96046e-8 1 0 0 0 0 1</matrix>
                <node id="node-Bip01_R_Foot" name="Bip01_R_Foot">
                  <matrix sid="matrix">0.7349801 0.675068 0.06393228 0.3610501 -0.677192 0.735585 0.01803267 0 -0.03485435 -0.05654794 0.9977911 0 0 0 0 1</matrix>
                  <node id="node-Bip01_R_Toe0" name="Bip01_R_Toe0">
                    <matrix sid="matrix">-0.1805803 -0.9786913 0.09774529 0.1486307 0.9833316 -0.1817875 -0.003513962 0.1543275 0.02120796 0.0954815 0.9952053 -2.98023e-8 0 0 0 1</matrix>
                  </node>
                </node>
              </node>
            </node>
          </node>
          <node id="node-Bip01_FannyPack" name="Bip01_FannyPack">
            <matrix>-0.9629918 -0.2062316 0.1735378 0.2299507 -0.2083319 0.9780384 0.006226987 -0.1378937 -0.1710107 -0.03015685 -0.9848075 0.01013964 0 0 0 1</matrix>
          </node>
        </node>
        <node id="node-EYE" name="EYE">
          <matrix sid="matrix">0.3563109 0.8213637 -0.4454255 -0.2622593 -0.3060078 0.5530024 0.7749496 0.6448103 0.8828375 -0.1398193 0.4483845 0.3336911 0 0 0 1</matrix>
          <node id="node-CAM" name="CAM">
            <matrix>1 -6.03104e-8 3.55271e-15 4.84288e-8 6.03104e-8 1 -2.32831e-9 -0.104 -3.55271e-15 2.32832e-9 1 0.3005601 0 0 0 1</matrix>
          </node>
        </node>
      </node>
      <node id="node-Bounds" name="Bounds">
        <matrix>0.9999915 0.001706907 0.003750479 0 -0.001711356 0.9999978 0.001183292 0.1035326 -0.003748452 -0.0011897 0.9999923 -8.93474e-5 0 0 0 1</matrix>
        <instance_geometry url="#geom-Bounds">
          <bind_material>
            <technique_common>
              <instance_material symbol="ShapeBounds" target="#ShapeBounds-material"/>
            </technique_common>
          </bind_material>
        </instance_geometry>
      </node>
    </visual_scene>
  </library_visual_scenes>
  <library_animations>
    <animation>
      <source id="node-Bip01_matrix-input">
        <float_array id="node-Bip01_matrix-input-array" count="60">59.33333 59.36666 59.4 59.43333 59.46667 59.5 59.53333 59.56667 59.6 59.63334 59.66667 59.7 59.73333 59.76667 59.8 59.83333 59.86666 59.9 59.93333 59.96667 60 60.03333 60.06667 60.1 60.13334 60.16667 60.2 60.23333 60.26667 60.3 60.33333 60.36666 60.4 60.43333 60.46667 60.5 60.53333 60.56667 60.6 60.63334 60.66667 60.7 60.73333 60.76667 60.8 60.83333 60.86666 60.9 60.93333 60.96667 61 61.03333 61.06667 61.1 61.13334 61.16667 61.2 61.23333 61.26667 61.3</float_array>
        <technique_common>
          <accessor source="#node-Bip01_matrix-input-array" count="60" stride="1">
            <param name="TIME" type="float"/>
          </accessor>
        </technique_common>
      </source>
      <source id="node-Bip01_matrix-output">
        <float_array id="node-Bip01_matrix-output-array" count="960">0.3563109 -0.3060079 0.8828374 -8.10623e-5 0.8213639 0.5530027 -0.1398192 0.009366631 -0.4454257 0.7749499 0.4483847 0.8041399 0 0 0 1 0.3563109 -0.3060079 0.8828374 -8.10623e-5 0.8213639 0.5530027 -0.1398192 0.009366631 -0.4454257 0.7749499 0.4483847 0.8070518 0 0 0 1 0.3563109 -0.3060078 0.8828373 -8.10623e-5 0.8213638 0.5530027 -0.1398193 0.009366631 -0.4454256 0.7749498 0.4483847 0.8102074 0 0 0 1 0.3563109 -0.3060079 0.8828374 -8.10623e-5 0.8213639 0.5530027 -0.1398192 0.009366631 -0.4454257 0.7749499 0.4483847 0.8135831 0 0 0 1 0.3563109 -0.3060078 0.8828374 -8.10623e-5 0.8213638 0.5530028 -0.1398193 0.009366631 -0.4454257 0.7749498 0.4483847 0.8171564 0 0 0 1 0.3563109 -0.3060079 0.8828373 -8.10623e-5 0.8213639 0.5530027 -0.1398193 0.009366631 -0.4454256 0.7749498 0.4483847 0.8209043 0 0 0 1 0.3563109 -0.3060079 0.8828374 -8.10623e-5 0.8213639 0.5530027 -0.1398192 0.009366631 -0.4454257 0.7749499 0.4483847 0.8248035 0 0 0 1 0.3563109 -0.3060079 0.8828374 -8.10623e-5 0.8213639 0.5530027 -0.1398192 0.009366631 -0.4454257 0.7749499 0.4483847 0.8288313 0 0 0 1 0.3563109 -0.3060079 0.8828374 -8.10623e-5 0.8213639 0.5530027 -0.1398192 0.009366631 -0.4454257 0.7749499 0.4483847 0.8329666 0 0 0 1 0.3563109 -0.3060079 0.8828374 -8.10623e-5 0.8213639 0.5530027 -0.1398192 0.009366631 -0.4454257 0.7749499 0.4483847 0.8371826 0 0 0 1 0.3563109 -0.3060079 0.8828373 -8.10623e-5 0.8213639 0.5530027 -0.1398192 0.009366631 -0.4454256 0.7749498 0.4483848 0.8414582 0 0 0 1 0.3563109 -0.3060078 0.8828374 -8.10623e-5 0.8213638 0.5530028 -0.1398193 0.009366631 -0.4454257 0.7749498 0.4483847 0.8457703 0 0 0 1 0.3563109 -0.3060078 0.8828374 -8.10623e-5 0.8213638 0.5530028 -0.1398193 0.009366631 -0.4454257 0.7749498 0.4483847 0.8500961 0 0 0 1 0.3563109 -0.3060079 0.8828373 -8.10623e-5 0.8213639 0.5530027 -0.1398193 0.009366631 -0.4454256 0.7749498 0.4483847 0.8544124 0 0 0 1 0.3563109 -0.3060079 0.8828374 -8.10623e-5 0.8213639 0.5530027 -0.1398192 0.009366631 -0.4454257 0.7749499 0.4483847 0.8586966 0 0 0 1 0.3563109 -0.3060079 0.8828374 -8.10623e-5 0.8213639 0.5530027 -0.1398192 0.009366631 -0.4454257 0.7749499 0.4483847 0.8629255 0 0 0 1 0.3563109 -0.3060079 0.8828373 -8.10623e-5 0.8213639 0.5530027 -0.1398192 0.009366631 -0.4454256 0.7749498 0.4483848 0.867076 0 0 0 1 0.3563109 -0.3060078 0.8828374 -8.10623e-5 0.8213638 0.5530028 -0.1398193 0.009366631 -0.4454257 0.7749498 0.4483847 0.8711254 0 0 0 1 0.3563109 -0.3060079 0.8828373 -8.10623e-5 0.8213639 0.5530027 -0.1398193 0.009366631 -0.4454256 0.7749498 0.4483847 0.8750504 0 0 0 1 0.3563109 -0.3060078 0.8828374 -8.10623e-5 0.8213638 0.5530028 -0.1398193 0.009366631 -0.4454257 0.7749498 0.4483847 0.8788283 0 0 0 1 0.3563109 -0.3060078 0.8828374 -8.10623e-5 0.8213638 0.5530028 -0.1398193 0.009366631 -0.4454257 0.7749498 0.4483847 0.8824359 0 0 0 1 0.3563109 -0.3060079 0.8828373 -8.10623e-5 0.8213639 0.5530027 -0.1398192 0.009366631 -0.4454256 0.7749498 0.4483848 0.8858506 0 0 0 1 0.3563109 -0.3060079 0.8828374 -8.10623e-5 0.8213639 0.5530027 -0.1398192 0.009366631 -0.4454257 0.7749499 0.4483847 0.889049 0 0 0 1 0.3563109 -0.3060079 0.8828374 -8.10623e-5 0.8213639 0.5530027 -0.1398192 0.009366631 -0.4454257 0.7749499 0.4483847 0.8920083 0 0 0 1 0.3563109 -0.3060079 0.8828374 -8.10623e-5 0.8213639 0.5530027 -0.1398192 0.009366631 -0.4454257 0.7749499 0.4483847 0.8947068 0 0 0 1 0.3563109 -0.3060078 0.8828374 -8.10623e-5 0.8213638 0.5530028 -0.1398193 0.009366631 -0.4454257 0.7749498 0.4483847 0.8971188 0 0 0 1 0.3563109 -0.3060078 0.8828374 -8.10623e-5 0.8213638 0.5530028 -0.1398193 0.009366631 -0.4454257 0.7749498 0.4483847 0.8992227 0 0 0 1 0.3563109 -0.3060078 0.8828374 -8.10623e-5 0.8213638 0.5530028 -0.1398193 0.009366631 -0.4454257 0.7749498 0.4483847 0.9009957 0 0 0 1 0.3563109 -0.3060078 0.8828374 -8.10623e-5 0.8213638 0.5530028 -0.1398193 0.009366631 -0.4454257 0.7749498 0.4483847 0.9024148 0 0 0 1 0.3563109 -0.3060079 0.8828374 -8.10623e-5 0.8213639 0.5530027 -0.1398192 0.009366631 -0.4454257 0.7749499 0.4483847 0.9034567 0 0 0 1 0.3563109 -0.3060079 0.8828374 -8.10623e-5 0.8213639 0.5530027 -0.1398192 0.009366631 -0.4454257 0.7749499 0.4483847 0.9040989 0 0 0 1 0.3563109 -0.3060079 0.8828374 -8.10623e-5 0.8213639 0.5530027 -0.1398192 0.009366631 -0.4454257 0.7749499 0.4483847 0.9043179 0 0 0 1 0.3563109 -0.3060078 0.8828374 -8.10623e-5 0.8213638 0.5530028 -0.1398193 0.009366631 -0.4454257 0.7749498 0.4483847 0.9040838 0 0 0 1 0.3563109 -0.3060078 0.8828374 -8.10623e-5 0.8213638 0.5530028 -0.1398193 0.009366631 -0.4454257 0.7749498 0.4483847 0.9033977 0 0 0 1 0.3563109 -0.3060078 0.8828374 -8.10623e-5 0.8213638 0.5530028 -0.1398193 0.009366631 -0.4454257 0.7749498 0.4483847 0.9022844 0 0 0 1 0.3563109 -0.3060078 0.8828374 -8.10623e-5 0.8213638 0.5530028 -0.1398193 0.009366631 -0.4454257 0.7749498 0.4483847 0.9007694 0 0 0 1 0.3563109 -0.3060079 0.8828374 -8.10623e-5 0.8213639 0.5530027 -0.1398192 0.009366631 -0.4454257 0.7749499 0.4483847 0.8988758 0 0 0 1 0.3563109 -0.3060079 0.8828374 -8.10623e-5 0.8213639 0.5530027 -0.1398192 0.009366631 -0.4454257 0.7749499 0.4483847 0.8966288 0 0 0 1 0.3563109 -0.3060079 0.8828374 -8.10623e-5 0.8213639 0.5530027 -0.1398192 0.009366631 -0.4454257 0.7749499 0.4483847 0.8940533 0 0 0 1 0.3563109 -0.3060079 0.8828373 -8.10623e-5 0.8213639 0.5530027 -0.1398192 0.009366631 -0.4454256 0.7749498 0.4483848 0.8911738 0 0 0 1 0.3563109 -0.3060078 0.8828374 -8.10623e-5 0.8213638 0.5530028 -0.1398193 0.009366631 -0.4454257 0.7749498 0.4483847 0.8880149 0 0 0 1 0.3563109 -0.3060078 0.8828374 -8.10623e-5 0.8213638 0.5530028 -0.1398193 0.009366631 -0.4454257 0.7749498 0.4483847 0.8846014 0 0 0 1 0.3563109 -0.3060079 0.8828373 -8.10623e-5 0.8213639 0.5530027 -0.1398193 0.009366631 -0.4454256 0.7749498 0.4483847 0.8809593 0 0 0 1 0.3563109 -0.3060078 0.8828374 -8.10623e-5 0.8213638 0.5530028 -0.1398193 0.009366631 -0.4454257 0.7749498 0.4483847 0.8771104 0 0 0 1 0.3563109 -0.3060079 0.8828373 -8.10623e-5 0.8213639 0.5530027 -0.1398192 0.009366631 -0.4454256 0.7749498 0.4483848 0.8730807 0 0 0 1 0.3563109 -0.3060079 0.8828374 -8.10623e-5 0.8213639 0.5530027 -0.1398192 0.009366631 -0.4454257 0.7749499 0.4483847 0.8688949 0 0 0 1 0.3563109 -0.3060079 0.8828374 -8.10623e-5 0.8213639 0.5530027 -0.1398192 0.009366631 -0.4454257 0.7749499 0.4483847 0.8645777 0 0 0 1 0.3563109 -0.3060079 0.8828373 -8.10623e-5 0.8213639 0.5530027 -0.1398193 0.009366631 -0.4454256 0.7749498 0.4483847 0.8601536 0 0 0 1 0.3563109 -0.3060078 0.8828374 -8.10623e-5 0.8213638 0.5530028 -0.1398193 0.009366631 -0.4454257 0.7749498 0.4483847 0.8556473 0 0 0 1 0.3563109 -0.3060078 0.8828374 -8.10623e-5 0.8213638 0.5530028 -0.1398193 0.009366631 -0.4454257 0.7749498 0.4483847 0.8510836 0 0 0 1 0.3563109 -0.3060079 0.8828373 -8.10623e-5 0.8213639 0.5530027 -0.1398192 0.009366631 -0.4454256 0.7749498 0.4483848 0.8464891 0 0 0 1 0.3563109 -0.3060079 0.8828374 -8.10623e-5 0.8213639 0.5530027 -0.1398192 0.009366631 -0.4454257 0.7749499 0.4483847 0.8418843 0 0 0 1 0.3563109 -0.3060079 0.8828374 -8.10623e-5 0.8213639 0.5530027 -0.1398192 0.009366631 -0.4454257 0.7749499 0.4483847 0.8372959 0 0 0 1 0.3563109 -0.3060079 0.8828374 -8.10623e-5 0.8213639 0.5530027 -0.1398192 0.009366631 -0.4454257 0.7749499 0.4483847 0.8327487 0 0 0 1 0.3563109 -0.3060079 0.8828374 -8.10623e-5 0.8213639 0.5530027 -0.1398192 0.009366631 -0.4454257 0.7749499 0.4483847 0.8282671 0 0 0 1 0.3563109 -0.3060079 0.8828373 -8.10623e-5 0.8213639 0.5530027 -0.1398193 0.009366631 -0.4454256 0.7749498 0.4483847 0.8238759 0 0 0 1 0.3563109 -0.3060078 0.8828374 -8.10623e-5 0.8213638 0.5530028 -0.1398193 0.009366631 -0.4454257 0.7749498 0.4483847 0.8195998 0 0 0 1 0.3563109 -0.3060079 0.8828374 -8.10623e-5 0.8213639 0.5530027 -0.1398192 0.009366631 -0.4454257 0.7749499 0.4483847 0.815465 0 0 0 1 0.3563109 -0.3060078 0.8828373 -8.10623e-5 0.8213638 0.5530027 -0.1398193 0.009366631 -0.4454256 0.7749498 0.4483847 0.8114929 0 0 0 1 0.3563109 -0.3060079 0.8828374 -8.10623e-5 0.8213639 0.5530027 -0.1398192 0.009366631 -0.4454257 0.7749499 0.4483847 0.8077096 0 0 0 1</float_array>
        <technique_common>
          <accessor source="#node-Bip01_matrix-output-array" count="60" stride="16">
            <param name="TRANSFORM" type="float4x4"/>
          </accessor>
        </technique_common>
      </source>
      <source id="node-Bip01_matrix-interpolation">
        <Name_array id="node-Bip01_matrix-interpolation-array" count="60">LINEAR LINEAR LINEAR LINEAR LINEAR LINEAR LINEAR LINEAR LINEAR LINEAR LINEAR LINEAR LINEAR LINEAR LINEAR LINEAR LINEAR LINEAR LINEAR LINEAR LINEAR LINEAR LINEAR LINEAR LINEAR LINEAR LINEAR LINEAR LINEAR LINEAR LINEAR LINEAR LINEAR LINEAR LINEAR LINEAR LINEAR LINEAR LINEAR LINEAR LINEAR LINEAR LINEAR LINEAR LINEAR LINEAR LINEAR LINEAR LINEAR LINEAR LINEAR LINEAR LINEAR LINEAR LINEAR LINEAR LINEAR LINEAR LINEAR LINEAR</Name_array>
        <technique_common>
          <accessor source="#node-Bip01_matrix-interpolation-array" count="60" stride="1">
            <param name="INTERPOLATION" type="name"/>
          </accessor>
        </technique_common>
      </source>
      <source id="node-Bip01_Pelvis_matrix-input">
        <float_array id="node-Bip01_Pelvis_matrix-input-array" count="60">59.33333 59.36666 59.4 59.43333 59.46667 59.5 59.53333 59.56667 59.6 59.63334 59.66667 59.7 59.73333 59.76667 59.8 59.83333 59.86666 59.9 59.93333 59.96667 60 60.03333 60.06667 60.1 60.13334 60.16667 60.2 60.23333 60.26667 60.3 60.33333 60.36666 60.4 60.43333 60.46667 60.5 60.53333 60.56667 60.6 60.63334 60.66667 60.7 60.73333 60.76667 60.8 60.83333 60.86666 60.9 60.93333 60.96667 61 61.03333 61.06667 61.1 61.13334 61.16667 61.2 61.23333 61.26667 61.3</float_array>
        <technique_common>
          <accessor source="#node-Bip01_Pelvis_matrix-input-array" count="60" stride="1">
            <param name="TIME" type="float"/>
          </accessor>
        </technique_common>
      </source>
      <source id="node-Bip01_Pelvis_matrix-output">
