<?xml version="1.0" encoding="utf-8"?>
<COLLADA xmlns="http://www.collada.org/2005/11/COLLADASchema" version="1.4.1">
  <asset>
    <contributor>
      <author>MattO</author>
      <authoring_tool>OpenCOLLADA for 3ds Max;  Version: 1.3.0;  Revision: 839M;  Platform: x64;  Configuration: Release_Max2012</authoring_tool>
      <source_data>file:///C:/Dropbox/Prj/GGStout/Ryder/TP_Soldier_Ryder_Animation_Master.max</source_data>
    </contributor>
    <created>2011-09-29T18:38:03</created>
    <modified>2011-09-29T18:38:03</modified>
    <unit name="meter" meter="1"/>
    <up_axis>Z_UP</up_axis>
  </asset>
  <library_effects>
    <effect id="ShapeBounds">
      <profile_COMMON>
        <technique sid="common">
          <blinn>
            <emission>
              <color>0 0 0 1</color>
            </emission>
            <ambient>
              <color>0.1647059 1 0 1</color>
            </ambient>
            <diffuse>
              <color>0.1647059 1 0 1</color>
            </diffuse>
            <specular>
              <color>0.9 0.9 0.9 1</color>
            </specular>
            <shininess>
              <float>10</float>
            </shininess>
            <reflective>
              <color>0 0 0 1</color>
            </reflective>
            <transparent opaque="A_ONE">
              <color>1 1 1 1</color>
            </transparent>
            <transparency>
              <float>1</float>
            </transparency>
          </blinn>
        </technique>
      </profile_COMMON>
      <extra>
        <technique profile="OpenCOLLADA3dsMax">
          <extended_shader>
            <apply_reflection_dimming>0</apply_reflection_dimming>
            <dim_level>0</dim_level>
            <falloff_type>0</falloff_type>
            <index_of_refraction>1.5</index_of_refraction>
            <opacity_type>0</opacity_type>
            <reflection_level>3</reflection_level>
            <wire_size>1</wire_size>
            <wire_units>0</wire_units>
          </extended_shader>
          <shader>
            <ambient_diffuse_lock>1</ambient_diffuse_lock>
            <ambient_diffuse_texture_lock>1</ambient_diffuse_texture_lock>
            <diffuse_specular_lock>0</diffuse_specular_lock>
            <soften>0.1</soften>
            <use_self_illum_color>0</use_self_illum_color>
          </shader>
        </technique>
      </extra>
    </effect>
  </library_effects>
  <library_materials>
    <material id="ShapeBounds-material" name="ShapeBounds">
      <instance_effect url="#ShapeBounds"/>
    </material>
  </library_materials>
  <library_geometries>
    <geometry id="geom-Bounds" name="Bounds">
      <mesh>
        <source id="geom-Bounds-positions">
          <float_array id="geom-Bounds-positions-array" count="24">-0.425 -0.425 0 0.425 -0.425 0 -0.425 0.425 0 0.425 0.425 0 -0.425 -0.425 1.84 0.425 -0.425 1.84 -0.425 0.425 1.84 0.425 0.425 1.84</float_array>
          <technique_common>
            <accessor source="#geom-Bounds-positions-array" count="8" stride="3">
              <param name="X" type="float"/>
              <param name="Y" type="float"/>
              <param name="Z" type="float"/>
            </accessor>
          </technique_common>
        </source>
        <source id="geom-Bounds-normals">
          <float_array id="geom-Bounds-normals-array" count="72">0 0 -1 0 0 -1 0 0 -1 0 0 -1 0 0 1 0 0 1 0 0 1 0 0 1 0 -1 0 0 -1 0 0 -1 0 0 -1 0 1 0 0 1 0 0 1 0 0 1 0 0 0 1 0 0 1 0 0 1 0 0 1 0 -1 0 0 -1 0 0 -1 0 0 -1 0 0</float_array>
          <technique_common>
            <accessor source="#geom-Bounds-normals-array" count="24" stride="3">
              <param name="X" type="float"/>
              <param name="Y" type="float"/>
              <param name="Z" type="float"/>
            </accessor>
          </technique_common>
        </source>
        <source id="geom-Bounds-map1">
          <float_array id="geom-Bounds-map1-array" count="36">0 0 0 1 0 0 0 1 0 1 1 0 0 0 0 1 0 0 0 1 0 1 1 0 0 0 0 1 0 0 0 1 0 1 1 0</float_array>
          <technique_common>
            <accessor source="#geom-Bounds-map1-array" count="12" stride="3">
              <param name="S" type="float"/>
              <param name="T" type="float"/>
              <param name="P" type="float"/>
            </accessor>
          </technique_common>
        </source>
        <vertices id="geom-Bounds-vertices">
          <input semantic="POSITION" source="#geom-Bounds-positions"/>
        </vertices>
        <triangles material="ShapeBounds" count="12">
          <input semantic="VERTEX" source="#geom-Bounds-vertices" offset="0"/>
          <input semantic="NORMAL" source="#geom-Bounds-normals" offset="1"/>
          <input semantic="TEXCOORD" source="#geom-Bounds-map1" offset="2" set="0"/>
          <p>0 0 9 2 1 11 3 2 10 3 2 10 1 3 8 0 0 9 4 4 8 5 5 9 7 6 11 7 6 11 6 7 10 4 4 8 0 8 4 1 9 5 5 10 7 5 10 7 4 11 6 0 8 4 1 12 0 3 13 1 7 14 3 7 14 3 5 15 2 1 12 0 3 16 4 2 17 5 6 18 7 6 18 7 7 19 6 3 16 4 2 20 0 0 21 1 4 22 3 4 22 3 6 23 2 2 20 0</p>
        </triangles>
      </mesh>
      <extra>
        <technique profile="OpenCOLLADA3dsMax">
          <max_box>
            <generateuvs>1</generateuvs>
            <height>1.84</height>
            <heightsegments>1</heightsegments>
            <length>0.85</length>
            <lengthsegments>1</lengthsegments>
            <width>0.85</width>
            <widthsegments>1</widthsegments>
          </max_box>
        </technique>
      </extra>
    </geometry>
  </library_geometries>
  <library_lights>
    <light id="EnvironmentAmbientLight" name="EnvironmentAmbientLight">
      <technique_common>
        <ambient>
          <color>0 0 0</color>
        </ambient>
      </technique_common>
    </light>
  </library_lights>
  <library_visual_scenes>
    <visual_scene id="MaxScene">
      <node name="EnvironmentAmbientLight">
        <instance_light url="#EnvironmentAmbientLight"/>
      </node>
      <node id="node-Bip01" name="Bip01">
        <matrix>0.7792376 -0.6267173 0.003750267 -8.10623e-5 0.6267178 0.7792454 0.001183462 0.009366653 -0.003664074 0.001428161 0.9999923 0.8041399 0 0 0 1</matrix>
        <node id="node-Bip01_Pelvis" name="Bip01_Pelvis">
          <matrix>-0.009626727 0.991236 0.1317526 0 -0.1217413 -0.1319404 0.9837534 0 0.9925151 -0.006569401 0.1219445 0 0 0 0 1</matrix>
          <node id="node-Bip01_Spine" name="Bip01_Spine">
            <matrix sid="matrix">0.9873044 -0.03762424 -0.1543197 0.1975026 0.04219799 0.9987586 0.02646926 0.02499229 0.1531322 -0.03264526 0.9876665 0.02780639 0 0 0 1</matrix>
            <node id="node-Bip01_Spine1" name="Bip01_Spine1">
              <matrix sid="matrix">0.9883235 0.1384611 0.0636037 0.1022158 -0.142347 0.9879194 0.06126112 -9.97894e-5 -0.05435302 -0.06959953 0.9960933 7.03707e-6 0 0 0 1</matrix>
              <node id="node-Bip01_Spine2" name="Bip01_Spine2">
                <matrix sid="matrix">0.9914445 -0.02425867 0.1282548 0.1268703 0.01315285 0.996144 0.08673992 -1.70603e-4 -0.1298645 -0.08431095 0.9879405 1.44616e-5 0 0 0 1</matrix>
                <node id="node-Bip01_Neck" name="Bip01_Neck">
                  <matrix>0.840708 -0.4308255 0.3280236 0.2151071 0.4136218 0.9019013 0.1244631 -4.96805e-5 -0.3494668 0.03104065 0.9364344 -1.69873e-6 0 0 0 1</matrix>
                  <node id="node-Bip01_Head" name="Bip01_Head">
                    <matrix sid="matrix">0.7541512 -0.6167557 -0.2255399 0.07051814 0.2421021 0.5803696 -0.7775329 -0.01395911 0.6104444 0.5317736 0.5870043 -5.96046e-8 0 0 0 1</matrix>
                    <node id="node-ALTEYE" name="ALTEYE">
                      <matrix>0.4506337 0.3792482 0.8081468 0.06454694 0.04412818 0.8947046 -0.4444743 0.2214611 -0.891618 0.2359568 0.3864483 0.04716259 0 0 0 1</matrix>
                    </node>
                  </node>
                  <node id="node-Bip01_L_Clavicle" name="Bip01_L_Clavicle">
                    <matrix sid="matrix">-0.5778345 -0.4531802 0.6787747 -0.04690349 0.2838089 -0.8913431 -0.3534966 -0.01204765 0.7652187 -0.01162021 0.6436654 0.055884 0 0 0 1</matrix>
                    <node id="node-Bip01_L_UpperArm" name="Bip01_L_UpperArm">
                      <matrix sid="matrix">0.9314851 0.3152742 0.181488 0.1824007 -0.3460283 0.6139474 0.7094598 -7.45058e-9 0.1122502 -0.7236511 0.6809765 0 0 0 0 1</matrix>
                      <node id="node-Bip01_L_Forearm" name="Bip01_L_Forearm">
                        <matrix sid="matrix">-0.1223665 0.992485 3.72529e-9 0.2843691 -0.992485 -0.1223665 -5.96046e-8 1.19209e-7 -2.98023e-8 1.22935e-7 1 0 0 0 0 1</matrix>
                        <node id="node-Bip01_L_Hand" name="Bip01_L_Hand">
                          <matrix sid="matrix">0.9459217 0.2605395 -0.1932649 0.281068 0.1944422 -0.932261 -0.3050926 0 -0.2596619 0.2510148 -0.9325059 5.96046e-8 0 0 0 1</matrix>
                          <node id="node-Bip01_L_Finger0" name="Bip01_L_Finger0">
                            <matrix>0.6413842 0.3141903 0.6999363 0.02119672 0.7352949 0.008702889 -0.6776913 -0.004734218 -0.2190156 0.9493202 -0.2254409 -0.02572179 0 0 0 1</matrix>
                            <node id="node-Bip01_L_Finger01" name="Bip01_L_Finger01">
                              <matrix>0.9975641 -0.06975636 2.98023e-8 0.04982865 0.06975648 0.9975641 0 0 0 7.45058e-8 1 -1.19209e-7 0 0 0 1</matrix>
                              <node id="node-Bip01_L_Finger02" name="Bip01_L_Finger02">
                                <matrix>0.9203135 0.3911813 2.98023e-8 0.05202246 -0.3911815 0.9203137 1.49012e-8 1.19209e-7 2.98023e-8 -5.21541e-8 1 0 0 0 0 1</matrix>
                              </node>
                            </node>
                          </node>
                          <node id="node-Bip01_L_Finger1" name="Bip01_L_Finger1">
                            <matrix>0.9592717 -0.2819768 -0.01693493 0.1199945 0.2798395 0.9567646 -0.07931922 -0.008367658 0.03856894 0.07134956 0.9967056 -0.04101372 0 0 0 1</matrix>
                            <node id="node-Bip01_L_Finger11" name="Bip01_L_Finger11">
                              <matrix>0.7001772 -0.7139692 0 0.0364418 0.7139691 0.7001772 3.72529e-9 2.98023e-8 5.96046e-8 2.98023e-8 0.9999999 -2.38419e-7 0 0 0 1</matrix>
                              <node id="node-Bip01_L_Finger12" name="Bip01_L_Finger12">
                                <matrix>0.8757257 -0.4828086 2.98023e-8 0.03117555 0.4828086 0.8757258 0 0 -4.47035e-8 5.96046e-8 1 0 0 0 0 1</matrix>
                              </node>
                            </node>
                          </node>
                          <node id="node-Bip01_L_Finger2" name="Bip01_L_Finger2">
                            <matrix>0.9066656 -0.4205882 -0.03260916 0.1229539 0.4217877 0.9024838 0.0872834 -0.008802056 -0.007281125 -0.09289103 0.9956497 -0.0132823 0 0 0 1</matrix>
                            <node id="node-Bip01_L_Finger21" name="Bip01_L_Finger21">
                              <matrix>0.8156036 -0.5786111 -2.98023e-8 0.03895509 0.5786111 0.8156036 -7.45058e-9 5.96046e-8 2.98023e-8 1.49012e-8 1 0 0 0 0 1</matrix>
                              <node id="node-Bip01_L_Finger22" name="Bip01_L_Finger22">
                                <matrix>0.9762961 -0.2164397 2.98023e-8 0.03800523 0.2164397 0.9762961 0 0 -2.98023e-8 -2.98023e-8 1 1.19209e-7 0 0 0 1</matrix>
                              </node>
                            </node>
                          </node>
                          <node id="node-Bip01_L_Finger3" name="Bip01_L_Finger3">
                            <matrix>0.9367909 -0.338013 -0.09038848 0.1211882 0.3480916 0.9264981 0.1429456 -0.001191288 0.03542733 -0.1653737 0.9855945 0.01196885 0 0 0 1</matrix>
                            <node id="node-Bip01_L_Finger31" name="Bip01_L_Finger31">
                              <matrix>0.9381477 -0.346235 -2.98023e-8 0.03155851 0.3462351 0.9381478 1.49012e-8 -2.98023e-8 -2.98023e-8 6.70552e-8 1 1.19209e-7 0 0 0 1</matrix>
                              <node id="node-Bip01_L_Finger32" name="Bip01_L_Finger32">
                                <matrix>0.8922838 -0.451475 -2.98023e-8 0.03366613 0.451475 0.8922839 1.11759e-8 0 -2.98023e-8 -1.49012e-8 1 0 0 0 0 1</matrix>
                              </node>
                            </node>
                          </node>
                          <node id="node-Bip01_L_Finger4" name="Bip01_L_Finger4">
                            <matrix>0.9820986 -0.1883418 0.00312227 0.1136798 0.1857742 0.9711844 0.1492954 0.005147398 -0.03115082 -0.1460428 0.9887877 0.0388658 0 0 0 1</matrix>
                            <node id="node-Bip01_L_Finger41" name="Bip01_L_Finger41">
                              <matrix>0.8499687 -0.5268333 -2.98023e-8 0.03661609 0.5268334 0.8499687 -1.49012e-8 2.98023e-8 -8.9407e-8 -4.47035e-8 1 0 0 0 0 1</matrix>
                              <node id="node-Bip01_L_Finger42" name="Bip01_L_Finger42">
                                <matrix>0.962456 -0.2714372 -2.98023e-8 0.0177263 0.2714371 0.9624561 0 0 8.9407e-8 -4.47035e-8 1 1.19209e-7 0 0 0 1</matrix>
                              </node>
                            </node>
                          </node>
                        </node>
                      </node>
                    </node>
                  </node>
                  <node id="node-Bip01_R_Clavicle" name="Bip01_R_Clavicle">
                    <matrix sid="matrix">0.2209771 0.1132229 -0.9686845 8.67009e-4 0.8797281 -0.4519011 0.1478646 -0.01629043 -0.4210079 -0.8848536 -0.1994651 -0.0721215 0 0 0 1</matrix>
                    <node id="node-Bip01_R_UpperArm" name="Bip01_R_UpperArm">
                      <matrix sid="matrix">0.06907813 0.9460406 -0.3165997 0.1824007 -0.9539477 -0.03022202 -0.2984467 0 -0.2919109 0.3226357 0.9003856 0 0 0 0 1</matrix>
                      <node id="node-Bip01_R_Forearm" name="Bip01_R_Forearm">
                        <matrix sid="matrix">0.8765309 0.4813456 0 0.2843689 -0.4813456 0.8765308 2.98023e-8 0 -2.98023e-8 -1.04308e-7 1 -1.19209e-7 0 0 0 1</matrix>
                        <node id="node-Bip01_R_Hand" name="Bip01_R_Hand">
                          <matrix sid="matrix">0.9778826 0.09734175 -0.185122 0.281068 -0.01195413 -0.8576385 -0.5141139 2.98023e-8 -0.2088125 0.5049562 -0.8375063 0 0 0 0 1</matrix>
                          <node id="node-Bip01_R_Finger0" name="Bip01_R_Finger0">
                            <matrix>0.5215105 0.269013 -0.8097275 0.0211966 0.7250716 0.3605264 0.5867637 -0.004734248 0.4497752 -0.8931139 -0.007035434 0.02572191 0 0 0 1</matrix>
                            <node id="node-Bip01_R_Finger01" name="Bip01_R_Finger01">
                              <matrix>0.6423536 -0.7636237 0.06527567 0.04982865 0.7605615 0.6456373 0.06854749 0 -0.09448883 0.005614519 0.99551 -1.19209e-7 0 0 0 1</matrix>
                              <node id="node-Bip01_R_Finger02" name="Bip01_R_Finger02">
                                <matrix>0.9505158 -0.3106765 -1.49012e-8 0.0520224 0.3106766 0.9505157 -2.98023e-8 -1.19209e-7 -5.68107e-8 -2.98023e-8 1 0 0 0 0 1</matrix>
                              </node>
                            </node>
                          </node>
                          <node id="node-Bip01_R_Finger1" name="Bip01_R_Finger1">
                            <matrix>0.9820224 -0.1733427 -0.07472667 0.1199945 0.1795577 0.9799357 0.08651491 -0.008367583 0.05823067 -0.09837729 0.9934438 0.0410139 0 0 0 1</matrix>
                            <node id="node-Bip01_R_Finger11" name="Bip01_R_Finger11">
                              <matrix>0.8240545 -0.5665102 -2.98023e-8 0.03644168 0.5665102 0.8240545 7.45058e-9 0 -8.9407e-8 5.96046e-8 0.9999999 0 0 0 0 1</matrix>
                              <node id="node-Bip01_R_Finger12" name="Bip01_R_Finger12">
                                <matrix>0.8146398 -0.5796779 0.0183183 0.03117537 0.5799673 0.8142333 -0.02573049 0 0 0.03158507 0.9995011 -5.96046e-8 0 0 0 1</matrix>
                              </node>
                            </node>
                          </node>
                          <node id="node-Bip01_R_Finger2" name="Bip01_R_Finger2">
                            <matrix>0.6754012 -0.7374503 -1.52141e-4 0.1229537 0.7368311 0.6748427 -0.04082684 -0.008802056 0.03021041 0.02746248 0.9991661 0.01328254 0 0 0 1</matrix>
                            <node id="node-Bip01_R_Finger21" name="Bip01_R_Finger21">
                              <matrix>0.5508358 -0.8338858 -0.03484866 0.03895515 0.8322219 0.551937 -0.05265066 1.19209e-7 0.06313886 2.98023e-8 0.9980047 0 0 0 0 1</matrix>
                              <node id="node-Bip01_R_Finger22" name="Bip01_R_Finger22">
                                <matrix>0.1984735 -0.9799248 0.01886613 0.03800532 0.9755273 0.1993681 0.09272975 1.19209e-7 -0.09462959 1.11759e-8 0.9955127 -1.19209e-7 0 0 0 1</matrix>
                              </node>
                            </node>
                          </node>
                          <node id="node-Bip01_R_Finger3" name="Bip01_R_Finger3">
                            <matrix>0.7159052 -0.6949216 0.0675545 0.121188 0.6883785 0.6863561 -0.234627 -0.001191244 0.1166808 0.2144738 0.9697351 -0.01196861 0 0 0 1</matrix>
                            <node id="node-Bip01_R_Finger31" name="Bip01_R_Finger31">
                              <matrix>0.4441954 -0.8949344 0.04222363 0.03155851 0.8909186 0.4461975 0.08468723 0 -0.09462961 -2.98023e-8 0.9955126 -1.19209e-7 0 0 0 1</matrix>
                              <node id="node-Bip01_R_Finger32" name="Bip01_R_Finger32">
                                <matrix>0.1993681 -0.9794358 -0.03095105 0.03366596 0.9799247 0.1992687 0.006297082 0 2.98023e-8 -0.0315851 0.9995011 1.19209e-7 0 0 0 1</matrix>
                              </node>
                            </node>
                          </node>
                          <node id="node-Bip01_R_Finger4" name="Bip01_R_Finger4">
                            <matrix>0.5925791 -0.789795 -0.1583475 0.1136796 0.7783522 0.6120423 -0.1399001 0.005147427 0.2074078 -0.04034823 0.9774219 -0.03886569 0 0 0 1</matrix>
                            <node id="node-Bip01_R_Finger41" name="Bip01_R_Finger41">
                              <matrix>0.4202556 -0.9064696 0.04120621 0.03661627 0.9068531 0.4211511 0.01578781 0 -0.03166531 0.03073305 0.9990259 -2.98023e-8 0 0 0 1</matrix>
                              <node id="node-Bip01_R_Finger42" name="Bip01_R_Finger42">
                                <matrix>0.4024471 -0.9138245 -0.05441484 0.0177263 0.915423 0.4021219 0.01728314 0 0.006087631 -0.05676813 0.9983689 2.98023e-8 0 0 0 1</matrix>
                              </node>
                            </node>
                          </node>
                          <node id="node-MOUNT0" name="MOUNT0">
                            <matrix>-6.1281e-7 1 -2.98023e-8 0.109539 -0.9999999 -6.50063e-7 4.787e-7 0.02518257 4.88944e-7 8.9407e-8 0.9999999 0.01321667 0 0 0 1</matrix>
                          </node>
                        </node>
                      </node>
                    </node>
                  </node>
                </node>
                <node id="node-Bip01_L_Pauldron_Upper" name="Bip01_L_Pauldron_Upper">
                  <matrix sid="matrix">0.9726268 0.1182923 0.2000106 0.176903 0.1448454 -0.9816829 -0.1237685 -0.03908369 0.1817062 0.1493511 -0.9719449 0.2290199 0 0 0 1</matrix>
                </node>
                <node id="node-Bip01_R_Pauldron_Lower" name="Bip01_R_Pauldron_Lower">
                  <matrix sid="matrix">0.003471948 -0.8684729 -0.4957252 0.2008423 0.9949909 -0.04652685 0.08848007 -0.1115575 -0.099907 -0.4935493 0.8639607 -0.230471 0 0 0 1</matrix>
                </node>
                <node id="node-Bip01_L_Pauldron_Lower" name="Bip01_L_Pauldron_Lower">
                  <matrix sid="matrix">-0.2099969 -0.76872 0.6041283 0.1529202 0.4002343 -0.6313505 -0.6642357 -0.1054225 0.892028 0.1023055 0.4402497 0.2344802 0 0 0 1</matrix>
                </node>
              </node>
            </node>
            <node id="node-Bip01_L_Thigh" name="Bip01_L_Thigh">
              <matrix sid="matrix">-0.6634903 0.7480224 -0.01559418 -0.1807855 0.4520091 0.4173636 0.7883499 -0.0207843 0.5962119 0.5160139 -0.6150296 0.1282676 0 0 0 1</matrix>
              <node id="node-Bip01_L_Calf" name="Bip01_L_Calf">
                <matrix>0.4034065 0.9150209 0 0.4629987 -0.9150208 0.4034066 -9.31323e-9 0 7.45058e-9 -1.39698e-8 1 -2.23517e-8 0 0 0 1</matrix>
                <node id="node-Bip01_L_Foot" name="Bip01_L_Foot">
                  <matrix>0.9319389 -0.3536306 -0.08021861 0.3610502 0.3615527 0.9231067 0.1309706 4.47035e-8 0.02773513 -0.1510599 0.9881355 7.45058e-9 0 0 0 1</matrix>
                  <node id="node-Bip01_L_Toe0" name="Bip01_L_Toe0">
                    <matrix>4.76837e-7 -1 1.39046e-6 0.1486307 1 4.7707e-7 2.30575e-8 0.1543275 -2.30466e-8 1.38953e-6 1 3.72529e-9 0 0 0 1</matrix>
                  </node>
                </node>
              </node>
            </node>
            <node id="node-Bip01_R_Thigh" name="Bip01_R_Thigh">
              <matrix sid="matrix">-0.9286411 0.1519755 0.3384215 -0.2198299 0.2810088 0.8837298 0.3742407 -0.012461 -0.2421977 0.4426348 -0.8633742 -0.1235606 0 0 0 1</matrix>
              <node id="node-Bip01_R_Calf" name="Bip01_R_Calf">
                <matrix>0.4439957 0.8960291 0 0.4629988 -0.8960289 0.4439956 -7.07805e-8 0 7.45058e-8 -5.96046e-8 1 0 0 0 0 1</matrix>
                <node id="node-Bip01_R_Foot" name="Bip01_R_Foot">
                  <matrix sid="matrix">0.647047 -0.736386 0.1976519 0.3610501 0.7123495 0.6762837 0.1876132 -1.49012e-8 -0.2718245 0.01940276 0.9621513 0 0 0 0 1</matrix>
                  <node id="node-Bip01_R_Toe0" name="Bip01_R_Toe0">
                    <matrix sid="matrix">-0.1805804 -0.9786912 0.09774559 0.1486307 0.9833316 -0.1817875 -0.003513925 0.1543275 0.02120798 0.09548178 0.9952052 0 0 0 0 1</matrix>
                  </node>
                </node>
              </node>
            </node>
          </node>
          <node id="node-Bip01_FannyPack" name="Bip01_FannyPack">
            <matrix>-0.9629918 -0.2062317 0.1735378 0.2299507 -0.2083319 0.9780385 0.006227079 -0.1378937 -0.1710108 -0.03015682 -0.9848076 0.01013964 0 0 0 1</matrix>
          </node>
        </node>
        <node id="node-EYE" name="EYE">
          <matrix>0.7792379 0.6267177 -0.003664111 0.05941319 -0.6267173 0.7792452 0.001428192 0.07234286 0.003750314 0.001183283 0.999992 0.766255 0 0 0 1</matrix>
          <node id="node-CAM" name="CAM">
            <matrix>1 -6.03104e-8 3.55271e-15 4.84288e-8 6.03104e-8 1 -2.32831e-9 -0.104 -3.55271e-15 2.32832e-9 1 0.3005601 0 0 0 1</matrix>
          </node>
        </node>
      </node>
      <node id="node-Bounds" name="Bounds">
        <matrix>0.9999915 0.001706907 0.003750479 0 -0.001711356 0.9999978 0.001183292 0.1035326 -0.003748452 -0.0011897 0.9999923 -8.93474e-5 0 0 0 1</matrix>
        <instance_geometry url="#geom-Bounds">
          <bind_material>
            <technique_common>
              <instance_material symbol="ShapeBounds" target="#ShapeBounds-material"/>
            </technique_common>
          </bind_material>
        </instance_geometry>
      </node>
    </visual_scene>
  </library_visual_scenes>
  <library_animations>
    <animation>
      <source id="node-Bip01_Spine_matrix-input">
        <float_array id="node-Bip01_Spine_matrix-input-array" count="11">30.33333 30.36667 30.4 30.43333 30.46667 30.5 30.53333 30.56667 30.6 30.63333 30.66667</float_array>
        <technique_common>
          <accessor source="#node-Bip01_Spine_matrix-input-array" count="11" stride="1">
            <param name="TIME" type="float"/>
          </accessor>
        </technique_common>
      </source>
      <source id="node-Bip01_Spine_matrix-output">
        <float_array id="node-Bip01_Spine_matrix-output-array" count="176">0.9873045 -0.03762423 -0.1543197 0.1975026 0.04219794 0.9987586 0.02646923 0.02499228 0.1531322 -0.03264522 0.9876666 0.02780634 0 0 0 1 0.9835274 -0.04876083 -0.1740583 0.1975033 0.05412268 0.9981909 0.02618992 0.02499228 0.1724663 -0.03517901 0.9843871 0.02780658 0 0 0 1 0.9720534 -0.07583135 -0.222176 0.1975054 0.08331489 0.9962224 0.0244925 0.02499246 0.2194795 -0.04231858 0.974699 0.02780711 0 0 0 1 0.9531993 -0.1092761 -0.2819046 0.1975082 0.1198008 0.9925901 0.02031785 0.02499276 0.2775955 -0.05313932 0.9592274 0.02780801 0 0 0 1 0.9310488 -0.1399564 -0.3369876 0.1975107 0.1537067 0.9880126 0.01433235 0.02499312 0.330942 -0.06514137 0.9414001 0.02780902 0 0 0 1 0.9142389 -0.1596023 -0.3724171 0.1975123 0.1756539 0.9844078 0.009333312 0.02499341 0.3651207 -0.07394945 0.9280187 0.02780967 0 0 0 1 0.9073693 -0.166975 -0.3857467 0.197513 0.1839406 0.9829109 0.007208049 0.02499353 0.3779512 -0.07749491 0.9225767 0.02780997 0 0 0 1 0.9064927 -0.167892 -0.3874061 0.1975129 0.1849733 0.9827191 0.006933867 0.02499353 0.3795472 -0.07794529 0.9218833 0.02781003 0 0 0 1 0.9091106 -0.1651378 -0.3824234 0.1975129 0.181873 0.9832915 0.007750689 0.02499353 0.3747537 -0.07659882 0.9239549 0.02780991 0 0 0 1 0.9125455 -0.1614514 -0.3757585 0.1975126 0.1777296 0.9840399 0.008813381 0.02499347 0.3683384 -0.07482606 0.9266759 0.02780979 0 0 0 1 0.9142389 -0.1596023 -0.3724171 0.1975123 0.1756539 0.9844078 0.009333312 0.02499341 0.3651207 -0.07394945 0.9280187 0.02780967 0 0 0 1</float_array>
        <technique_common>
          <accessor source="#node-Bip01_Spine_matrix-output-array" count="11" stride="16">
            <param name="TRANSFORM" type="float4x4"/>
          </accessor>
        </technique_common>
      </source>
      <source id="node-Bip01_Spine_matrix-interpolation">
        <Name_array id="node-Bip01_Spine_matrix-interpolation-array" count="11">LINEAR LINEAR LINEAR LINEAR LINEAR LINEAR LINEAR LINEAR LINEAR LINEAR LINEAR</Name_array>
        <technique_common>
          <accessor source="#node-Bip01_Spine_matrix-interpolation-array" count="11" stride="1">
            <param name="INTERPOLATION" type="name"/>
          </accessor>
        </technique_common>
      </source>
      <source id="node-Bip01_Spine1_matrix-input">
        <float_array id="node-Bip01_Spine1_matrix-input-array" count="11">30.33333 30.36667 30.4 30.43333 30.46667 30.5 30.53333 30.56667 30.6 30.63333 30.66667</float_array>
        <technique_common>
          <accessor source="#node-Bip01_Spine1_matrix-input-array" count="11" stride="1">
            <param name="TIME" type="float"/>
          </accessor>
        </technique_common>
      </source>
      <source id="node-Bip01_Spine1_matrix-output">
        <float_array id="node-Bip01_Spine1_matrix-output-array" count="176">0.9883235 0.1384611 0.06360369 0.1022157 -0.1423469 0.9879195 0.06126111 -9.97894e-5 -0.05435299 -0.0695995 0.9960933 7.03707e-6 0 0 0 1 0.9906386 0.1291522 0.04421466 0.1022166 -0.1317677 0.9893097 0.06248056 -9.99309e-5 -0.03567248 -0.06772172 0.9970663 6.84336e-6 0 0 0 1 0.994376 0.105832 -0.004041612 0.1022194 -0.1053521 0.9923338 0.06461089 -1.0027e-4 0.01084846 -0.06382167 0.9979025 6.4224e-6 0 0 0 1 0.9949507 0.07552218 -0.06610405 0.1022222 -0.07120048 0.995312 0.06545948 -1.00538e-4 0.07073783 -0.0604223 0.9956634 6.09457e-6 0 0 0 1 0.9908965 0.04559743 -0.1266689 0.1022251 -0.03767848 0.9972238 0.06422519 -1.00717e-4 0.1292458 -0.05886775 0.9898636 5.94556e-6 0 0 0 1 0.9850423 0.02363091 -0.1706853 0.1022273 -0.0131933 0.9979873 0.0620287 -1.00821e-4 0.1718076 -0.05884897 0.9833713 5.93066e-6 0 0 0 1 0.9800752 0.009708881 -0.1983894 0.1022287 0.002271711 0.9981913 0.06007325 -1.00806e-4 0.1986138 -0.05932694 0.9782806 6.04987e-6 0 0 0 1 0.9755418 -0.001108407 -0.2198119 0.1022299 0.01425951 0.9982002 0.05825155 -1.00851e-4 0.2193517 -0.05996131 0.9738016 6.02007e-6 0 0 0 1 0.971946 -0.008825302 -0.2350387 0.1022306 0.02279609 0.998126 0.05678987 -1.00806e-4 0.234097 -0.06055462 0.9703256 6.13928e-6 0 0 0 1 0.9696461 -0.01345038 -0.2441427 0.102231 0.02790635 0.9980494 0.05584877 -1.00791e-4 0.2429153 -0.06096673 0.9681299 6.19888e-6 0 0 0 1 0.9688557 -0.01499116 -0.2471718 0.1022313 0.02960765 0.9980184 0.05552452 -1.00851e-4 0.2458496 -0.06111347 0.9673795 6.16908e-6 0 0 0 1</float_array>
        <technique_common>
          <accessor source="#node-Bip01_Spine1_matrix-output-array" count="11" stride="16">
            <param name="TRANSFORM" type="float4x4"/>
          </accessor>
        </technique_common>
      </source>
      <source id="node-Bip01_Spine1_matrix-interpolation">
        <Name_array id="node-Bip01_Spine1_matrix-interpolation-array" count="11">LINEAR LINEAR LINEAR LINEAR LINEAR LINEAR LINEAR LINEAR LINEAR LINEAR LINEAR</Name_array>
        <technique_common>
          <accessor source="#node-Bip01_Spine1_matrix-interpolation-array" count="11" stride="1">
            <param name="INTERPOLATION" type="name"/>
          </accessor>
        </technique_common>
      </source>
      <source id="node-Bip01_Spine2_matrix-input">
        <float_array id="node-Bip01_Spine2_matrix-input-array" count="11">30.33333 30.36667 30.4 30.43333 30.46667 30.5 30.53333 30.56667 30.6 30.63333 30.66667</float_array>
        <technique_common>
          <accessor source="#node-Bip01_Spine2_matrix-input-array" count="11" stride="1">
            <param name="TIME" type="float"/>
          </accessor>
        </technique_common>
      </source>
      <source id="node-Bip01_Spine2_matrix-output">
        <float_array id="node-Bip01_Spine2_matrix-output-array" count="176">0.9914445 -0.02425867 0.1282548 0.1268702 0.01315283 0.996144 0.08673989 -1.70603e-4 -0.1298645 -0.08431094 0.9879406 1.44616e-5 0 0 0 1 0.9918076 -0.05324482 0.116115 0.1268751 0.04248905 0.9947389 0.09321558 -1.70365e-4 -0.1204674 -0.08751827 0.9888519 1.49989e-5 0 0 0 1 0.9886221 -0.1241713 0.08490008 0.126887 0.1147965 0.9875454 0.1075912 -1.69143e-4 -0.09720247 -0.09662085 0.9905636 1.65701e-5 0 0 0 1 0.9762206 -0.2125084 0.04282003 0.1269025 0.205977 0.9708748 0.1223747 -1.66301e-4 -0.06757855 -0.1106448 0.9915597 1.89543e-5 0 0 0 1 0.9557336 -0.2942335 -4.42654e-4 0.1269165 0.2916944 0.9472869 0.1325227 -1.62244e-4 -0.03857332 -0.1267855 0.9911799 2.16961e-5 0 0 0 1 0.9369741 -0.3477308 -0.03409582 0.1269257 0.349036 0.9270917 0.1366549 -1.58817e-4 -0.01590919 -0.1399427 0.9900317 2.39611e-5 0 0 0 1 0.9267306 -0.3710952 -0.05880784 0.1269298 0.3757119 0.9166342 0.1364638 -1.57028e-4 0.003264248 -0.14856 0.988898 2.53916e-5 0 0 0 1 0.9216461 -0.3794295 -0.08125048 0.126931 0.3873376 0.9121189 0.1341955 -1.56239e-4 0.02319246 -0.1551522 0.9876182 2.65241e-5 0 0 0 1 0.9202306 -0.3785009 -0.09956246 0.126931 0.3892154 0.9117397 0.1313093 -1.56194e-4 0.04107445 -0.1595861 0.9863292 2.72989e-5 0 0 0 1 0.9206961 -0.3738905 -0.1119127 0.1269302 0.3865275 0.9132198 0.1289418 -1.56462e-4 0.05399072 -0.1619735 0.9853168 2.76566e-5 0 0 0 1 0.9212517 -0.3711276 -0.1164463 0.1269295 0.3844721 0.9142225 0.1279772 -1.56581e-4 0.05896198 -0.1626696 0.9849173 2.78354e-5 0 0 0 1</float_array>
        <technique_common>
          <accessor source="#node-Bip01_Spine2_matrix-output-array" count="11" stride="16">
            <param name="TRANSFORM" type="float4x4"/>
          </accessor>
        </technique_common>
      </source>
      <source id="node-Bip01_Spine2_matrix-interpolation">
        <Name_array id="node-Bip01_Spine2_matrix-interpolation-array" count="11">LINEAR LINEAR LINEAR LINEAR LINEAR LINEAR LINEAR LINEAR LINEAR LINEAR LINEAR</Name_array>
        <technique_common>
          <accessor source="#node-Bip01_Spine2_matrix-interpolation-array" count="11" stride="1">
            <param name="INTERPOLATION" type="name"/>
          </accessor>
        </technique_common>
      </source>
      <source id="node-Bip01_Head_matrix-input">
        <float_array id="node-Bip01_Head_matrix-input-array" count="11">30.33333 30.36667 30.4 30.43333 30.46667 30.5 30.53333 30.56667 30.6 30.63333 30.66667</float_array>
        <technique_common>
          <accessor source="#node-Bip01_Head_matrix-input-array" count="11" stride="1">
            <param name="TIME" type="float"/>
          </accessor>
        </technique_common>
      </source>
      <source id="node-Bip01_Head_matrix-output">
        <float_array id="node-Bip01_Head_matrix-output-array" count="176">0.7541512 -0.6167557 -0.2255399 0.07051813 0.2421021 0.5803696 -0.7775329 -0.0139591 0.6104444 0.5317736 0.5870043 0 0 0 0 1 0.787418 -0.5735023 -0.2259828 0.07051813 0.1906653 0.5752273 -0.7954623 -0.01395905 0.5861908 0.5832743 0.5622914 0 0 0 0 1 0.8563094 -0.4610475 -0.232743 0.07051813 0.06507509 0.5433756 -0.8369638 -0.01395905 0.5123469 0.7015541 0.4953003 0 0 0 0 1 0.9159083 -0.3113479 -0.2533267 0.07051813 -0.08571028 0.464865 -0.8812232 -0.01395922 0.3921296 0.8288326 0.399088 0 0 0 0 1 0.9438175 -0.167137 -0.285085 0.07051813 -0.2127503 0.3528117 -0.9111866 -0.0139591 0.2528744 0.9206462 0.2974315 0 0 0 0 1 0.9475712 -0.06889551 -0.3120294 0.07051813 -0.285506 0.2560082 -0.9235509 -0.0139591 0.1435105 0.9642164 0.2229158 0 0 0 0 1 0.9464185 -0.01522636 -0.3225836 0.07051813 -0.3133348 0.1985457 -0.9286555 -0.01395916 0.07818758 0.9799736 0.1831365 0 0 0 0 1 0.9463618 0.0201478 -0.3224801 0.07051825 -0.3213595 0.1624087 -0.9329262 -0.01395916 0.03357708 0.9865178 0.1601722 0 0 0 0 1 0.9478616 0.04147416 -0.3159723 0.07051813 -0.3186152 0.1437255 -0.9369245 -0.0139591 0.00655508 0.9887483 0.1494463 0 0 0 0 1 0.9499511 0.05201303 -0.3080388 0.07051819 -0.3123273 0.1369458 -0.9400521 -0.01395922 -0.00671035 0.9892123 0.1463369 0 0 0 0 1 0.9510489 0.0548256 -0.304138 0.07051801 -0.3088703 0.1360301 -0.9413262 -0.01395916 -0.01023691 0.9891865 0.1463053 0 0 0 0 1</float_array>
        <technique_common>
          <accessor source="#node-Bip01_Head_matrix-output-array" count="11" stride="16">
            <param name="TRANSFORM" type="float4x4"/>
          </accessor>
        </technique_common>
      </source>
      <source id="node-Bip01_Head_matrix-interpolation">
        <Name_array id="node-Bip01_Head_matrix-interpolation-array" count="11">LINEAR LINEAR LINEAR LINEAR LINEAR LINEAR LINEAR LINEAR LINEAR LINEAR LINEAR</Name_array>
        <technique_common>
          <accessor source="#node-Bip01_Head_matrix-interpolation-array" count="11" stride="1">
            <param name="INTERPOLATION" type="name"/>
          </accessor>
        </technique_common>
      </source>
      <source id="node-Bip01_L_Clavicle_matrix-input">
        <float_array id="node-Bip01_L_Clavicle_matrix-input-array" count="11">30.33333 30.36667 30.4 30.43333 30.46667 30.5 30.53333 30.56667 30.6 30.63333 30.66667</float_array>
        <technique_common>
          <accessor source="#node-Bip01_L_Clavicle_matrix-input-array" count="11" stride="1">
            <param name="TIME" type="float"/>
          </accessor>
        </technique_common>
      </source>
      <source id="node-Bip01_L_Clavicle_matrix-output">
        <float_array id="node-Bip01_L_Clavicle_matrix-output-array" count="176">-0.5778345 -0.4531802 0.6787747 -0.04690349 0.2838089 -0.8913431 -0.3534966 -0.01204764 0.7652187 -0.01162016 0.6436654 0.055884 0 0 0 1 -0.5760591 -0.4544216 0.6794534 -0.04690337 0.2872952 -0.8907538 -0.3521636 -0.01204764 0.7652566 -0.007663249 0.6436799 0.05588412 0 0 0 1 -0.5724934 -0.4568805 0.6808168 -0.04690337 0.2942607 -0.8895282 -0.3495002 -0.01204758 0.7652856 2.5104e-4 0.643691 0.055884 0 0 0 1 -0.5698068 -0.4587036 0.681844 -0.04690337 0.2994784 -0.8885678 -0.3475053 -0.01204776 0.7652666 0.006186604 0.6436838 0.055884 0 0 0 1 -0.5707035 -0.4580979 0.681501 -0.04690337 0.2977398 -0.8888918 -0.3481701 -0.01204764 0.7652767 0.004208087 0.6436878 0.055884 0 0 0 1 -0.5778345 -0.4531804 0.6787746 -0.04690337 0.283809 -0.8913432 -0.3534967 -0.0120477 0.765219 -0.01162022 0.6436655 0.055884 0 0 0 1 -0.5961775 -0.43967 0.671761 -0.04690337 0.2470775 -0.8965859 -0.3675413 -0.0120477 0.7638884 -0.05314266 0.6431568 0.055884 0 0 0 1 -0.6230158 -0.4174568 0.6614992 -0.04690331 0.1907839 -0.9012377 -0.3890655 -0.01204764 0.7585861 -0.1161904 0.6411294 0.05588406 0 0 0 1 -0.6499404 -0.3918041 0.6512044 -0.04690337 0.1307974 -0.9017463 -0.4120019 -0.01204776 0.7486452 -0.1826007 0.6373285 0.055884 0 0 0 1 -0.6700652 -0.3700115 0.6435096 -0.04690337 0.08323061 -0.8988938 -0.4301896 -0.01204776 0.7376218 -0.2346953 0.6331135 0.05588406 0 0 0 1 -0.6779283 -0.3607897 0.6405028 -0.04690355 0.06390774 -0.8969066 -0.4375776 -0.01204764 0.7323448 -0.2557132 0.6310958 0.05588406 0 0 0 1</float_array>
        <technique_common>
          <accessor source="#node-Bip01_L_Clavicle_matrix-output-array" count="11" stride="16">
            <param name="TRANSFORM" type="float4x4"/>
          </accessor>
        </technique_common>
      </source>
      <source id="node-Bip01_L_Clavicle_matrix-interpolation">
        <Name_array id="node-Bip01_L_Clavicle_matrix-interpolation-array" count="11">LINEAR LINEAR LINEAR LINEAR LINEAR LINEAR LINEAR LINEAR LINEAR LINEAR LINEAR</Name_array>
        <technique_common>
          <accessor source="#node-Bip01_L_Clavicle_matrix-interpolation-array" count="11" stride="1">
            <param name="INTERPOLATION" type="name"/>
          </accessor>
        </technique_common>
      </source>
      <source id="node-Bip01_L_UpperArm_matrix-input">
        <float_array id="node-Bip01_L_UpperArm_matrix-input-array" count="11">30.33333 30.36667 30.4 30.43333 30.46667 30.5 30.53333 30.56667 30.6 30.63333 30.66667</float_array>
        <technique_common>
          <accessor source="#node-Bip01_L_UpperArm_matrix-input-array" count="11" stride="1">
            <param name="TIME" type="float"/>
          </accessor>
        </technique_common>
      </source>
      <source id="node-Bip01_L_UpperArm_matrix-output">
        <float_array id="node-Bip01_L_UpperArm_matrix-output-array" count="176">0.9314851 0.3152742 0.181488 0.1824007 -0.3460283 0.6139474 0.7094599 0 0.1122502 -0.7236511 0.6809765 0 0 0 0 1 0.9336999 0.3062323 0.1855433 0.1824007 -0.3414471 0.6055186 0.7188612 0 0.1077886 -0.7345538 0.6699346 -1.19209e-7 0 0 0 1 0.9382289 0.2839229 0.1977732 0.1824007 -0.3328761 0.5846176 0.7398756 0 0.09444582 -0.7600066 0.6430163 0 0 0 0 1 0.9424784 0.2532814 0.2181354 0.1824008 -0.3265792 0.5585575 0.7624694 0 0.07127815 -0.7898494 0.6091448 -1.19209e-7 0 0 0 1 0.9465658 0.2069019 0.2473968 0.1824007 -0.3215973 0.5478218 0.7723125 0 0.02426373 -0.8106065 0.5850883 0 0 0 0 1 0.9495988 0.127983 0.2861509 0.1824006 -0.3039851 0.598806 0.7409618 0 -0.07651823 -0.7906023 0.6075303 0 0 0 0 1 0.9384031 0.02094346 0.3449072 0.1824007 -0.2381532 0.7624247 0.6016576 0 -0.2503649 -0.6467382 0.7204493 0 0 0 0 1 0.9177885 0.02258259 0.3964269 0.1824006 -0.1674246 0.9272999 0.3347895 0 -0.3600462 -0.3736376 0.8548459 0 0 0 0 1 0.9009204 0.1843736 0.3928725 0.1824006 -0.2120943 0.97685 0.02793455 0 -0.3786271 -0.1084928 0.9191687 1.19209e-7 0 0 0 1 0.8584446 0.3804035 0.3440436 0.1824005 -0.3267311 0.9226389 -0.2049002 0 -0.3953728 0.06348586 0.9163241 0 0 0 0 1 0.8257488 0.4691654 0.3130862 0.1824006 -0.3860841 0.8748129 -0.2926459 0 -0.4111911 0.1207743 0.9035129 0 0 0 0 1</float_array>
        <technique_common>
          <accessor source="#node-Bip01_L_UpperArm_matrix-output-array" count="11" stride="16">
            <param name="TRANSFORM" type="float4x4"/>
          </accessor>
        </technique_common>
      </source>
      <source id="node-Bip01_L_UpperArm_matrix-interpolation">
        <Name_array id="node-Bip01_L_UpperArm_matrix-interpolation-array" count="11">LINEAR LINEAR LINEAR LINEAR LINEAR LINEAR LINEAR LINEAR LINEAR LINEAR LINEAR</Name_array>
        <technique_common>
          <accessor source="#node-Bip01_L_UpperArm_matrix-interpolation-array" count="11" stride="1">
            <param name="INTERPOLATION" type="name"/>
