<?xml version="1.0" encoding="utf-8"?>
<COLLADA xmlns="http://www.collada.org/2005/11/COLLADASchema" version="1.4.1">
  <asset>
    <contributor>
      <author>MattO</author>
      <authoring_tool>OpenCOLLADA for 3ds Max;  Version: 1.3.0;  Revision: 839M;  Platform: x64;  Configuration: Release_Max2012</authoring_tool>
      <source_data>file:///C:/Dropbox/Prj/GGStout/Ryder/TP_Soldier_Ryder_Animation_Master.max</source_data>
    </contributor>
    <created>2011-09-29T18:37:51</created>
    <modified>2011-09-29T18:37:51</modified>
    <unit name="meter" meter="1"/>
    <up_axis>Z_UP</up_axis>
  </asset>
  <library_effects>
    <effect id="ShapeBounds">
      <profile_COMMON>
        <technique sid="common">
          <blinn>
            <emission>
              <color>0 0 0 1</color>
            </emission>
            <ambient>
              <color>0.1647059 1 0 1</color>
            </ambient>
            <diffuse>
              <color>0.1647059 1 0 1</color>
            </diffuse>
            <specular>
              <color>0.9 0.9 0.9 1</color>
            </specular>
            <shininess>
              <float>10</float>
            </shininess>
            <reflective>
              <color>0 0 0 1</color>
            </reflective>
            <transparent opaque="A_ONE">
              <color>1 1 1 1</color>
            </transparent>
            <transparency>
              <float>1</float>
            </transparency>
          </blinn>
        </technique>
      </profile_COMMON>
      <extra>
        <technique profile="OpenCOLLADA3dsMax">
          <extended_shader>
            <apply_reflection_dimming>0</apply_reflection_dimming>
            <dim_level>0</dim_level>
            <falloff_type>0</falloff_type>
            <index_of_refraction>1.5</index_of_refraction>
            <opacity_type>0</opacity_type>
            <reflection_level>3</reflection_level>
            <wire_size>1</wire_size>
            <wire_units>0</wire_units>
          </extended_shader>
          <shader>
            <ambient_diffuse_lock>1</ambient_diffuse_lock>
            <ambient_diffuse_texture_lock>1</ambient_diffuse_texture_lock>
            <diffuse_specular_lock>0</diffuse_specular_lock>
            <soften>0.1</soften>
            <use_self_illum_color>0</use_self_illum_color>
          </shader>
        </technique>
      </extra>
    </effect>
  </library_effects>
  <library_materials>
    <material id="ShapeBounds-material" name="ShapeBounds">
      <instance_effect url="#ShapeBounds"/>
    </material>
  </library_materials>
  <library_geometries>
    <geometry id="geom-Bounds" name="Bounds">
      <mesh>
        <source id="geom-Bounds-positions">
          <float_array id="geom-Bounds-positions-array" count="24">-0.425 -0.425 0 0.425 -0.425 0 -0.425 0.425 0 0.425 0.425 0 -0.425 -0.425 1.84 0.425 -0.425 1.84 -0.425 0.425 1.84 0.425 0.425 1.84</float_array>
          <technique_common>
            <accessor source="#geom-Bounds-positions-array" count="8" stride="3">
              <param name="X" type="float"/>
              <param name="Y" type="float"/>
              <param name="Z" type="float"/>
            </accessor>
          </technique_common>
        </source>
        <source id="geom-Bounds-normals">
          <float_array id="geom-Bounds-normals-array" count="72">0 0 -1 0 0 -1 0 0 -1 0 0 -1 0 0 1 0 0 1 0 0 1 0 0 1 0 -1 0 0 -1 0 0 -1 0 0 -1 0 1 0 0 1 0 0 1 0 0 1 0 0 0 1 0 0 1 0 0 1 0 0 1 0 -1 0 0 -1 0 0 -1 0 0 -1 0 0</float_array>
          <technique_common>
            <accessor source="#geom-Bounds-normals-array" count="24" stride="3">
              <param name="X" type="float"/>
              <param name="Y" type="float"/>
              <param name="Z" type="float"/>
            </accessor>
          </technique_common>
        </source>
        <source id="geom-Bounds-map1">
          <float_array id="geom-Bounds-map1-array" count="36">0 0 0 1 0 0 0 1 0 1 1 0 0 0 0 1 0 0 0 1 0 1 1 0 0 0 0 1 0 0 0 1 0 1 1 0</float_array>
          <technique_common>
            <accessor source="#geom-Bounds-map1-array" count="12" stride="3">
              <param name="S" type="float"/>
              <param name="T" type="float"/>
              <param name="P" type="float"/>
            </accessor>
          </technique_common>
        </source>
        <vertices id="geom-Bounds-vertices">
          <input semantic="POSITION" source="#geom-Bounds-positions"/>
        </vertices>
        <triangles material="ShapeBounds" count="12">
          <input semantic="VERTEX" source="#geom-Bounds-vertices" offset="0"/>
          <input semantic="NORMAL" source="#geom-Bounds-normals" offset="1"/>
          <input semantic="TEXCOORD" source="#geom-Bounds-map1" offset="2" set="0"/>
          <p>0 0 9 2 1 11 3 2 10 3 2 10 1 3 8 0 0 9 4 4 8 5 5 9 7 6 11 7 6 11 6 7 10 4 4 8 0 8 4 1 9 5 5 10 7 5 10 7 4 11 6 0 8 4 1 12 0 3 13 1 7 14 3 7 14 3 5 15 2 1 12 0 3 16 4 2 17 5 6 18 7 6 18 7 7 19 6 3 16 4 2 20 0 0 21 1 4 22 3 4 22 3 6 23 2 2 20 0</p>
        </triangles>
      </mesh>
      <extra>
        <technique profile="OpenCOLLADA3dsMax">
          <max_box>
            <generateuvs>1</generateuvs>
            <height>1.84</height>
            <heightsegments>1</heightsegments>
            <length>0.85</length>
            <lengthsegments>1</lengthsegments>
            <width>0.85</width>
            <widthsegments>1</widthsegments>
          </max_box>
        </technique>
      </extra>
    </geometry>
  </library_geometries>
  <library_lights>
    <light id="EnvironmentAmbientLight" name="EnvironmentAmbientLight">
      <technique_common>
        <ambient>
          <color>0 0 0</color>
        </ambient>
      </technique_common>
    </light>
  </library_lights>
  <library_visual_scenes>
    <visual_scene id="MaxScene">
      <node name="EnvironmentAmbientLight">
        <instance_light url="#EnvironmentAmbientLight"/>
      </node>
      <node id="node-Bip01" name="Bip01">
        <matrix sid="matrix">0.7289143 -0.6739804 -0.1201431 -8.10623e-5 0.2546437 0.4298182 -0.8662637 0.009366653 0.6354845 0.6008383 0.4849255 0.8041399 0 0 0 1</matrix>
        <node id="node-Bip01_Pelvis" name="Bip01_Pelvis">
          <matrix sid="matrix">-0.009626746 0.9981475 0.06007257 0 -0.1217414 -0.06079838 0.990698 0 0.9925153 0.002223879 0.1221012 0 0 0 0 1</matrix>
          <node id="node-Bip01_Spine" name="Bip01_Spine">
            <matrix sid="matrix">0.7471297 -0.2868874 -0.5995775 0.1975228 0.3148938 0.9471763 -0.06082022 0.02693251 0.5853542 -0.1433627 0.7980026 0.02593887 0 0 0 1</matrix>
            <node id="node-Bip01_Spine1" name="Bip01_Spine1">
              <matrix sid="matrix">0.9636471 -0.01650295 -0.2666679 0.1022316 0.00181663 0.9984722 -0.05522653 -1.00821e-4 0.2671719 0.05273446 0.9622049 -5.30481e-6 0 0 0 1</matrix>
              <node id="node-Bip01_Spine2" name="Bip01_Spine2">
                <matrix>0.9514737 -0.2883 0.1076158 0.1269153 0.2840356 0.9573266 0.05338255 -1.63972e-4 -0.1184136 -0.0202253 0.9927583 3.51667e-6 0 0 0 1</matrix>
                <node id="node-Bip01_Neck" name="Bip01_Neck">
                  <matrix>0.8875928 -0.4495168 0.1005655 0.2151082 0.4511093 0.8924363 0.007594759 -4.91291e-5 -0.09316238 0.0386249 0.9949014 -2.11596e-6 0 0 0 1</matrix>
                  <node id="node-Bip01_Head" name="Bip01_Head">
                    <matrix sid="matrix">0.932667 0.03427879 -0.3591065 0.07051814 -0.311242 0.5797394 -0.7530144 -0.01395917 0.1823758 0.8140806 0.5513728 -1.49012e-8 0 0 0 1</matrix>
                    <node id="node-ALTEYE" name="ALTEYE">
                      <matrix sid="matrix">0.08906012 0.001144801 0.996026 0.06454694 0.05466183 0.998487 -0.006035053 0.2214611 -0.9945253 0.05498169 0.08886275 0.04716256 0 0 0 1</matrix>
                    </node>
                  </node>
                  <node id="node-Bip01_L_Clavicle" name="Bip01_L_Clavicle">
                    <matrix>-0.3526922 -0.4597238 0.8150229 -0.03100634 0.2964539 -0.881023 -0.3686648 -0.01101124 0.8875378 0.1115915 0.4470169 0.0662237 0 0 0 1</matrix>
                    <node id="node-Bip01_L_UpperArm" name="Bip01_L_UpperArm">
                      <matrix sid="matrix">0.9171792 0.09824916 0.3861722 0.1824006 -0.1241089 0.991356 0.04254632 0 -0.3786541 -0.08695011 0.9214448 0 0 0 0 1</matrix>
                      <node id="node-Bip01_L_Forearm" name="Bip01_L_Forearm">
                        <matrix sid="matrix">-0.3564836 0.9343017 0 0.284369 -0.9343016 -0.3564836 4.47035e-8 0 0 0 0.9999999 0 0 0 0 1</matrix>
                        <node id="node-Bip01_L_Hand" name="Bip01_L_Hand">
                          <matrix sid="matrix">0.9722086 -0.2207091 0.0780889 0.2810681 -0.09342159 -0.6715742 -0.7350243 0 0.214669 0.7073016 -0.6735293 0 0 0 0 1</matrix>
                          <node id="node-Bip01_L_Finger0" name="Bip01_L_Finger0">
                            <matrix>0.6413841 0.3141903 0.6999362 0.02119678 0.7352948 0.008702889 -0.6776914 -0.004734159 -0.2190156 0.94932 -0.2254407 -0.02572188 0 0 0 1</matrix>
                            <node id="node-Bip01_L_Finger01" name="Bip01_L_Finger01">
                              <matrix>0.9975641 -0.06975642 0 0.04982853 0.06975643 0.9975641 1.18744e-8 0 -2.98023e-8 7.91624e-9 1 0 0 0 0 1</matrix>
                              <node id="node-Bip01_L_Finger02" name="Bip01_L_Finger02">
                                <matrix>0.9203136 0.3911815 1.49012e-8 0.0520221 -0.3911815 0.9203136 -3.86499e-8 0 3.72529e-8 -2.98023e-8 1 1.49012e-8 0 0 0 1</matrix>
                              </node>
                            </node>
                          </node>
                          <node id="node-Bip01_L_Finger1" name="Bip01_L_Finger1">
                            <matrix>0.9592717 -0.2819768 -0.01693497 0.1199946 0.2798395 0.9567645 -0.07931916 -0.008367538 0.03856898 0.07134957 0.9967054 -0.04101384 0 0 0 1</matrix>
                            <node id="node-Bip01_L_Finger11" name="Bip01_L_Finger11">
                              <matrix>0.7001773 -0.7139692 0 0.03644168 0.7139691 0.7001772 -1.49012e-8 0 0 -2.04891e-8 1 0 0 0 0 1</matrix>
                              <node id="node-Bip01_L_Finger12" name="Bip01_L_Finger12">
                                <matrix>0.8757257 -0.4828087 0 0.03117549 0.4828088 0.8757257 -1.49012e-8 -2.98023e-8 -5.96046e-8 1.49012e-8 0.9999999 0 0 0 0 1</matrix>
                              </node>
                            </node>
                          </node>
                          <node id="node-Bip01_L_Finger2" name="Bip01_L_Finger2">
                            <matrix sid="matrix">0.9066654 -0.4205881 -0.0326092 0.1229538 0.4217876 0.9024836 0.08728343 -0.008801997 -0.007281095 -0.092891 0.9956495 -0.01328245 0 0 0 1</matrix>
                            <node id="node-Bip01_L_Finger21" name="Bip01_L_Finger21">
                              <matrix>0.8156036 -0.5786111 -7.45058e-9 0.03895533 0.5786112 0.8156036 -7.45058e-9 0 -1.49012e-8 1.86265e-9 1 0 0 0 0 1</matrix>
                              <node id="node-Bip01_L_Finger22" name="Bip01_L_Finger22">
                                <matrix>0.976296 -0.2164397 0 0.03800511 0.2164396 0.9762961 7.45058e-9 0 7.45058e-9 -7.45058e-9 1 2.98023e-8 0 0 0 1</matrix>
                              </node>
                            </node>
                          </node>
                          <node id="node-Bip01_L_Finger3" name="Bip01_L_Finger3">
                            <matrix sid="matrix">0.9367908 -0.3380129 -0.09038845 0.1211881 0.3480914 0.9264981 0.1429456 -0.001191318 0.0354273 -0.1653736 0.9855943 0.01196864 0 0 0 1</matrix>
                            <node id="node-Bip01_L_Finger31" name="Bip01_L_Finger31">
                              <matrix>0.9381478 -0.3462351 7.45058e-9 0.03155839 0.3462352 0.9381478 -3.72529e-9 -5.96046e-8 7.45058e-9 0 1 0 0 0 0 1</matrix>
                              <node id="node-Bip01_L_Finger32" name="Bip01_L_Finger32">
                                <matrix sid="matrix">0.8922838 -0.4514751 -7.45058e-9 0.03366613 0.4514751 0.8922838 1.86265e-9 1.49012e-8 0 3.72529e-9 1 0 0 0 0 1</matrix>
                              </node>
                            </node>
                          </node>
                          <node id="node-Bip01_L_Finger4" name="Bip01_L_Finger4">
                            <matrix sid="matrix">0.9820986 -0.1883418 0.003122162 0.1136797 0.1857741 0.9711841 0.1492954 0.005147517 -0.03115071 -0.1460428 0.9887875 0.03886575 0 0 0 1</matrix>
                            <node id="node-Bip01_L_Finger41" name="Bip01_L_Finger41">
                              <matrix sid="matrix">0.8499687 -0.5268331 1.86265e-9 0.03661609 0.5268331 0.8499687 -3.72529e-9 -1.19209e-7 3.72529e-9 -3.72529e-9 0.9999999 0 0 0 0 1</matrix>
                              <node id="node-Bip01_L_Finger42" name="Bip01_L_Finger42">
                                <matrix sid="matrix">0.9624562 -0.2714371 -3.72529e-9 0.0177263 0.2714371 0.9624561 -1.30385e-8 -1.49012e-8 -1.49012e-8 6.0536e-9 0.9999999 2.98023e-8 0 0 0 1</matrix>
                              </node>
                            </node>
                          </node>
                        </node>
                      </node>
                    </node>
                  </node>
                  <node id="node-Bip01_R_Clavicle" name="Bip01_R_Clavicle">
                    <matrix>0.005314142 -0.3342975 -0.9424527 -0.01827145 0.56333 -0.7776898 0.2790309 -0.01629066 -0.8262151 -0.5323946 0.184187 -0.06977403 0 0 0 1</matrix>
                    <node id="node-Bip01_R_UpperArm" name="Bip01_R_UpperArm">
                      <matrix sid="matrix">-0.03946777 0.9836772 -0.1755601 0.1824006 -0.9846299 -0.00837107 0.1744521 -5.96046e-8 0.1701348 0.1797469 0.9688886 -1.19209e-7 0 0 0 1</matrix>
                      <node id="node-Bip01_R_Forearm" name="Bip01_R_Forearm">
                        <matrix sid="matrix">0.691351 0.722519 0 0.2843689 -0.722519 0.6913509 5.96046e-8 2.98023e-8 -5.96046e-8 0 1 0 0 0 0 1</matrix>
                        <node id="node-Bip01_R_Hand" name="Bip01_R_Hand">
                          <matrix sid="matrix">0.9031005 0.2273869 0.3642867 0.2810681 0.3655322 -0.8522651 -0.3742067 0 0.2253791 0.4711047 -0.8527981 0 0 0 0 1</matrix>
                          <node id="node-Bip01_R_Finger0" name="Bip01_R_Finger0">
                            <matrix>0.5215106 0.269013 -0.8097276 0.02119677 0.7250717 0.3605264 0.5867637 -0.004734255 0.4497753 -0.893114 -0.00703549 0.02572203 0 0 0 1</matrix>
                            <node id="node-Bip01_R_Finger01" name="Bip01_R_Finger01">
                              <matrix>0.6423532 -0.7636238 0.06527574 0.04982847 0.7605617 0.6456371 0.06854746 1.19209e-7 -0.09448884 0.005614491 0.9955102 0 0 0 0 1</matrix>
                              <node id="node-Bip01_R_Finger02" name="Bip01_R_Finger02">
                                <matrix>0.9505157 -0.3106765 7.91624e-8 0.05202231 0.3106764 0.9505157 -1.11759e-8 -2.38419e-7 -4.28408e-8 -3.91155e-8 1 -2.98023e-8 0 0 0 1</matrix>
                              </node>
                            </node>
                          </node>
                          <node id="node-Bip01_R_Finger1" name="Bip01_R_Finger1">
                            <matrix>0.9820225 -0.1733428 -0.07472672 0.1199946 0.1795577 0.9799359 0.0865149 -0.008367553 0.05823064 -0.09837734 0.9934441 0.04101384 0 0 0 1</matrix>
                            <node id="node-Bip01_R_Finger11" name="Bip01_R_Finger11">
                              <matrix>0.8240546 -0.5665101 -7.45058e-9 0.03644171 0.5665102 0.8240545 -7.45058e-9 2.98023e-8 -7.45058e-9 7.45058e-9 1 -1.19209e-7 0 0 0 1</matrix>
                              <node id="node-Bip01_R_Finger12" name="Bip01_R_Finger12">
                                <matrix>0.8146398 -0.5796779 0.01831834 0.03117549 0.5799673 0.8142333 -0.02573049 0 1.86265e-8 0.0315851 0.999501 1.19209e-7 0 0 0 1</matrix>
                              </node>
                            </node>
                          </node>
                          <node id="node-Bip01_R_Finger2" name="Bip01_R_Finger2">
                            <matrix>0.6754013 -0.7374504 -1.52124e-4 0.1229538 0.7368312 0.6748427 -0.04082685 -0.008802041 0.03021044 0.02746241 0.9991661 0.01328242 0 0 0 1</matrix>
                            <node id="node-Bip01_R_Finger21" name="Bip01_R_Finger21">
                              <matrix>0.5508358 -0.8338858 -0.0348487 0.03895518 0.832222 0.5519372 -0.05265062 -1.49012e-8 0.06313889 -3.72529e-9 0.9980048 -1.19209e-7 0 0 0 1</matrix>
                              <node id="node-Bip01_R_Finger22" name="Bip01_R_Finger22">
                                <matrix>0.1984733 -0.9799247 0.01886614 0.03800537 0.9755273 0.1993679 0.09272985 0 -0.09462959 1.49012e-8 0.9955126 0 0 0 0 1</matrix>
                              </node>
                            </node>
                          </node>
                          <node id="node-Bip01_R_Finger3" name="Bip01_R_Finger3">
                            <matrix>0.7159053 -0.6949216 0.06755476 0.1211881 0.6883786 0.6863561 -0.2346271 -0.001191258 0.1166808 0.214474 0.9697351 -0.01196861 0 0 0 1</matrix>
                            <node id="node-Bip01_R_Finger31" name="Bip01_R_Finger31">
                              <matrix>0.4441952 -0.8949345 0.0422236 0.03155842 0.8909184 0.4461976 0.08468761 0 -0.09462994 -4.47035e-8 0.9955125 -1.19209e-7 0 0 0 1</matrix>
                              <node id="node-Bip01_R_Finger32" name="Bip01_R_Finger32">
                                <matrix>0.1993681 -0.9794359 -0.03095101 0.03366597 0.9799248 0.1992686 0.006297071 -1.49012e-8 -1.24855e-8 -0.0315851 0.9995012 1.19209e-7 0 0 0 1</matrix>
                              </node>
                            </node>
                          </node>
                          <node id="node-Bip01_R_Finger4" name="Bip01_R_Finger4">
                            <matrix>0.5925791 -0.789795 -0.1583476 0.1136796 0.7783523 0.6120424 -0.1399001 0.005147405 0.2074078 -0.04034832 0.9774221 -0.03886569 0 0 0 1</matrix>
                            <node id="node-Bip01_R_Finger41" name="Bip01_R_Finger41">
                              <matrix>0.4202556 -0.9064696 0.04120624 0.03661624 0.9068531 0.4211511 0.01578781 0 -0.03166524 0.03073308 0.999026 1.19209e-7 0 0 0 1</matrix>
                              <node id="node-Bip01_R_Finger42" name="Bip01_R_Finger42">
                                <matrix>0.402447 -0.9138246 -0.05441488 0.01772632 0.9154231 0.4021218 0.01728319 2.98023e-8 0.006087631 -0.0567682 0.9983688 0 0 0 0 1</matrix>
                              </node>
                            </node>
                          </node>
                          <node id="node-MOUNT0" name="MOUNT0">
                            <matrix>-6.3458e-7 1 0 0.109539 -0.9999999 -6.60482e-7 4.84288e-7 0.02518259 4.787e-7 1.86265e-9 0.9999999 0.01321673 0 0 0 1</matrix>
                          </node>
                        </node>
                      </node>
                    </node>
                  </node>
                </node>
                <node id="node-Bip01_L_Pauldron_Upper" name="Bip01_L_Pauldron_Upper">
                  <matrix>0.9726266 0.1182922 0.2000107 0.1769031 0.1448453 -0.9816828 -0.1237684 -0.03908368 0.1817062 0.1493511 -0.9719448 0.2290199 0 0 0 1</matrix>
                </node>
                <node id="node-Bip01_R_Pauldron_Lower" name="Bip01_R_Pauldron_Lower">
                  <matrix>-0.1156723 -0.9403758 -0.3198652 0.172906 0.909775 -0.2295501 0.3458563 -0.1133294 -0.3986599 -0.2509993 0.8820826 -0.2351094 0 0 0 1</matrix>
                </node>
                <node id="node-Bip01_L_Pauldron_Lower" name="Bip01_L_Pauldron_Lower">
                  <matrix>-0.4145347 -0.3869151 0.8236855 0.1956227 0.2134439 -0.9212053 -0.325304 -0.05026322 0.8846484 0.04096082 0.4644561 0.2363185 0 0 0 1</matrix>
                </node>
              </node>
            </node>
            <node id="node-Bip01_L_Thigh" name="Bip01_L_Thigh">
              <matrix sid="matrix">-0.2924467 0.9472577 -0.1310628 -0.09661466 0.5789614 0.2844668 0.7641219 0.016599 0.7611033 0.1475848 -0.6316172 0.2011035 0 0 0 1</matrix>
              <node id="node-Bip01_L_Calf" name="Bip01_L_Calf">
                <matrix sid="matrix">0.5122989 0.8588073 2.32831e-9 0.4629987 -0.8588073 0.5122989 -1.86265e-9 5.96046e-8 1.86265e-8 -3.72529e-9 1 1.49012e-8 0 0 0 1</matrix>
                <node id="node-Bip01_L_Foot" name="Bip01_L_Foot">
                  <matrix sid="matrix">0.8140748 0.5763059 -0.07179186 0.3610501 -0.5642481 0.8141302 0.1371719 0 0.1375007 -0.07115974 0.9879421 -7.45058e-9 0 0 0 1</matrix>
                  <node id="node-Bip01_L_Toe0" name="Bip01_L_Toe0">
                    <matrix sid="matrix">4.84288e-7 -1 1.38581e-6 0.1486307 1 4.76837e-7 3.44589e-8 0.1543275 -2.23517e-8 1.40071e-6 1 -3.72529e-9 0 0 0 1</matrix>
                  </node>
                </node>
              </node>
            </node>
            <node id="node-Bip01_R_Thigh" name="Bip01_R_Thigh">
              <matrix sid="matrix">-0.7736175 0.5793285 -0.2566986 -0.2458639 0.500252 0.8070397 0.3137433 0.05315217 0.3889263 0.1143032 -0.9141504 -0.002365604 0 0 0 1</matrix>
              <node id="node-Bip01_R_Calf" name="Bip01_R_Calf">
                <matrix sid="matrix">0.7818705 0.623441 0 0.4629987 -0.6234409 0.7818705 0 -5.96046e-8 0 -7.45058e-8 1 4.47035e-8 0 0 0 1</matrix>
                <node id="node-Bip01_R_Foot" name="Bip01_R_Foot">
                  <matrix sid="matrix">0.7349802 0.6750678 0.06393218 0.36105 -0.677192 0.7355851 0.0180326 1.19209e-7 -0.03485432 -0.05654804 0.9977912 -4.47035e-8 0 0 0 1</matrix>
                  <node id="node-Bip01_R_Toe0" name="Bip01_R_Toe0">
                    <matrix sid="matrix">-0.1805803 -0.9786913 0.0977453 0.1486307 0.9833316 -0.1817875 -0.003513977 0.1543275 0.02120798 0.09548151 0.9952054 2.98023e-8 0 0 0 1</matrix>
                  </node>
                </node>
              </node>
            </node>
          </node>
          <node id="node-Bip01_FannyPack" name="Bip01_FannyPack">
            <matrix>-0.9629919 -0.2062317 0.1735378 0.2299507 -0.2083318 0.9780385 0.006226957 -0.1378937 -0.1710109 -0.03015691 -0.9848076 0.01013964 0 0 0 1</matrix>
          </node>
        </node>
        <node id="node-EYE" name="EYE">
          <matrix sid="matrix">0.7289144 0.2546436 0.6354843 0.5137277 -0.6739805 0.4298181 0.6008383 0.4983646 -0.1201431 -0.8662637 0.4849255 0.289183 0 0 0 1</matrix>
          <node id="node-CAM" name="CAM">
            <matrix>1 -6.03104e-8 3.55271e-15 4.84288e-8 6.03104e-8 1 -2.32831e-9 -0.104 -3.55271e-15 2.32832e-9 1 0.3005601 0 0 0 1</matrix>
          </node>
        </node>
      </node>
      <node id="node-Bounds" name="Bounds">
        <matrix>0.9999915 0.001706907 0.003750479 0 -0.001711356 0.9999978 0.001183292 0.1035326 -0.003748452 -0.0011897 0.9999923 -8.93474e-5 0 0 0 1</matrix>
        <instance_geometry url="#geom-Bounds">
          <bind_material>
            <technique_common>
              <instance_material symbol="ShapeBounds" target="#ShapeBounds-material"/>
            </technique_common>
          </bind_material>
        </instance_geometry>
      </node>
    </visual_scene>
  </library_visual_scenes>
  <library_animations>
    <animation>
      <source id="node-Bip01_matrix-input">
        <float_array id="node-Bip01_matrix-input-array" count="60">53.33333 53.36666 53.4 53.43333 53.46667 53.5 53.53333 53.56667 53.6 53.63334 53.66667 53.7 53.73333 53.76667 53.8 53.83333 53.86666 53.9 53.93333 53.96667 54 54.03333 54.06667 54.1 54.13334 54.16667 54.2 54.23333 54.26667 54.3 54.33333 54.36666 54.4 54.43333 54.46667 54.5 54.53333 54.56667 54.6 54.63334 54.66667 54.7 54.73333 54.76667 54.8 54.83333 54.86666 54.9 54.93333 54.96667 55 55.03333 55.06667 55.1 55.13334 55.16667 55.2 55.23333 55.26667 55.3</float_array>
        <technique_common>
          <accessor source="#node-Bip01_matrix-input-array" count="60" stride="1">
            <param name="TIME" type="float"/>
          </accessor>
        </technique_common>
      </source>
      <source id="node-Bip01_matrix-output">
        <float_array id="node-Bip01_matrix-output-array" count="960">0.7289143 -0.6739804 -0.1201431 -8.10623e-5 0.2546437 0.4298182 -0.8662638 0.009366631 0.6354845 0.6008383 0.4849255 0.8041399 0 0 0 1 0.7289143 -0.6739804 -0.1201431 -8.10623e-5 0.2546437 0.4298182 -0.8662638 0.009366631 0.6354845 0.6008383 0.4849255 0.8070518 0 0 0 1 0.7289143 -0.6739804 -0.120143 -8.10623e-5 0.2546437 0.4298182 -0.8662638 0.009366631 0.6354845 0.6008384 0.4849255 0.8102074 0 0 0 1 0.7289143 -0.6739804 -0.1201431 -8.10623e-5 0.2546437 0.4298182 -0.8662637 0.009366631 0.6354845 0.6008383 0.4849256 0.8135831 0 0 0 1 0.7289143 -0.6739804 -0.1201431 -8.10623e-5 0.2546437 0.4298182 -0.8662638 0.009366631 0.6354845 0.6008383 0.4849255 0.8171564 0 0 0 1 0.7289143 -0.6739805 -0.1201431 -8.10623e-5 0.2546437 0.4298182 -0.8662639 0.009366631 0.6354846 0.6008384 0.4849255 0.8209043 0 0 0 1 0.7289143 -0.6739804 -0.1201431 -8.10623e-5 0.2546437 0.4298182 -0.8662638 0.009366631 0.6354845 0.6008383 0.4849255 0.8248035 0 0 0 1 0.7289143 -0.6739804 -0.1201431 -8.10623e-5 0.2546437 0.4298182 -0.8662637 0.009366631 0.6354845 0.6008383 0.4849256 0.8288313 0 0 0 1 0.7289143 -0.6739804 -0.120143 -8.10623e-5 0.2546437 0.4298182 -0.8662638 0.009366631 0.6354845 0.6008384 0.4849255 0.8329666 0 0 0 1 0.7289143 -0.6739804 -0.1201431 -8.10623e-5 0.2546437 0.4298182 -0.8662638 0.009366631 0.6354845 0.6008383 0.4849255 0.8371826 0 0 0 1 0.7289143 -0.6739804 -0.1201431 -8.10623e-5 0.2546437 0.4298182 -0.8662637 0.009366631 0.6354845 0.6008383 0.4849256 0.8414582 0 0 0 1 0.7289143 -0.6739805 -0.120143 -8.10623e-5 0.2546437 0.4298182 -0.8662638 0.009366631 0.6354845 0.6008383 0.4849255 0.8457703 0 0 0 1 0.7289143 -0.6739804 -0.1201431 -8.10623e-5 0.2546437 0.4298182 -0.8662638 0.009366631 0.6354845 0.6008383 0.4849255 0.8500961 0 0 0 1 0.7289143 -0.6739805 -0.1201431 -8.10623e-5 0.2546437 0.4298182 -0.8662639 0.009366631 0.6354846 0.6008384 0.4849255 0.8544124 0 0 0 1 0.7289143 -0.6739804 -0.1201431 -8.10623e-5 0.2546437 0.4298182 -0.8662637 0.009366631 0.6354845 0.6008383 0.4849256 0.8586966 0 0 0 1 0.7289143 -0.6739804 -0.1201431 -8.10623e-5 0.2546437 0.4298182 -0.8662638 0.009366631 0.6354845 0.6008383 0.4849255 0.8629255 0 0 0 1 0.7289143 -0.6739804 -0.1201431 -8.10623e-5 0.2546437 0.4298182 -0.8662637 0.009366631 0.6354845 0.6008383 0.4849256 0.867076 0 0 0 1 0.7289143 -0.6739804 -0.1201431 -8.10623e-5 0.2546437 0.4298182 -0.8662637 0.009366631 0.6354845 0.6008383 0.4849256 0.8711254 0 0 0 1 0.7289143 -0.6739805 -0.1201431 -8.10623e-5 0.2546437 0.4298182 -0.8662638 0.009366631 0.6354846 0.6008384 0.4849255 0.8750504 0 0 0 1 0.7289143 -0.6739804 -0.1201431 -8.10623e-5 0.2546437 0.4298182 -0.8662637 0.009366631 0.6354845 0.6008383 0.4849256 0.8788283 0 0 0 1 0.7289143 -0.6739805 -0.1201431 -8.10623e-5 0.2546438 0.4298182 -0.8662638 0.009366631 0.6354846 0.6008383 0.4849255 0.8824359 0 0 0 1 0.7289143 -0.6739805 -0.1201431 -8.10623e-5 0.2546437 0.4298182 -0.8662638 0.009366631 0.6354846 0.6008384 0.4849255 0.8858506 0 0 0 1 0.7289142 -0.6739805 -0.1201431 -8.10623e-5 0.2546437 0.4298182 -0.8662639 0.009366631 0.6354846 0.6008383 0.4849255 0.889049 0 0 0 1 0.7289143 -0.6739805 -0.1201431 -8.10623e-5 0.2546437 0.4298182 -0.8662637 0.009366631 0.6354846 0.6008383 0.4849255 0.8920083 0 0 0 1 0.7289143 -0.6739805 -0.1201431 -8.10623e-5 0.2546437 0.4298182 -0.8662638 0.009366631 0.6354846 0.6008384 0.4849255 0.8947068 0 0 0 1 0.7289143 -0.6739805 -0.1201431 -8.10623e-5 0.2546437 0.4298182 -0.8662637 0.009366631 0.6354846 0.6008383 0.4849255 0.8971188 0 0 0 1 0.7289143 -0.6739804 -0.1201431 -8.10623e-5 0.2546437 0.4298182 -0.8662637 0.009366631 0.6354845 0.6008383 0.4849255 0.8992227 0 0 0 1 0.7289143 -0.6739805 -0.1201431 -8.10623e-5 0.2546437 0.4298182 -0.8662637 0.009366631 0.6354846 0.6008383 0.4849255 0.9009957 0 0 0 1 0.7289143 -0.6739805 -0.1201431 -8.10623e-5 0.2546437 0.4298182 -0.8662637 0.009366631 0.6354846 0.6008383 0.4849255 0.9024148 0 0 0 1 0.7289143 -0.6739805 -0.1201431 -8.10623e-5 0.2546437 0.4298182 -0.8662638 0.009366631 0.6354846 0.6008383 0.4849255 0.9034567 0 0 0 1 0.7289143 -0.6739805 -0.1201431 -8.10623e-5 0.2546437 0.4298182 -0.8662638 0.009366631 0.6354846 0.6008383 0.4849255 0.9040989 0 0 0 1 0.7289143 -0.6739805 -0.1201431 -8.10623e-5 0.2546437 0.4298182 -0.8662638 0.009366631 0.6354846 0.6008383 0.4849255 0.9043179 0 0 0 1 0.7289143 -0.6739805 -0.1201431 -8.10623e-5 0.2546437 0.4298182 -0.8662637 0.009366631 0.6354846 0.6008383 0.4849255 0.9040669 0 0 0 1 0.7289143 -0.6739805 -0.1201431 -8.10623e-5 0.2546437 0.4298182 -0.8662637 0.009366631 0.6354846 0.6008383 0.4849255 0.9033325 0 0 0 1 0.7289142 -0.6739805 -0.1201431 -8.10623e-5 0.2546437 0.4298182 -0.8662638 0.009366631 0.6354846 0.6008382 0.4849255 0.902143 0 0 0 1 0.7289142 -0.6739805 -0.1201431 -8.10623e-5 0.2546437 0.4298182 -0.8662638 0.009366631 0.6354846 0.6008382 0.4849255 0.9005278 0 0 0 1 0.7289142 -0.6739806 -0.1201431 -8.10623e-5 0.2546437 0.4298181 -0.8662639 0.009366631 0.6354847 0.6008383 0.4849254 0.8985134 0 0 0 1 0.7289142 -0.6739806 -0.1201431 -8.10623e-5 0.2546437 0.4298182 -0.8662638 0.009366631 0.6354847 0.6008383 0.4849255 0.8961287 0 0 0 1 0.7289142 -0.6739805 -0.1201431 -8.10623e-5 0.2546437 0.4298182 -0.8662638 0.009366631 0.6354846 0.6008383 0.4849255 0.8934021 0 0 0 1 0.7289141 -0.6739807 -0.1201431 -8.10623e-5 0.2546437 0.429818 -0.8662639 0.009366631 0.6354847 0.6008384 0.4849253 0.8903619 0 0 0 1 0.7289142 -0.6739805 -0.1201432 -8.10623e-5 0.2546437 0.4298183 -0.8662637 0.009366631 0.6354846 0.6008381 0.4849256 0.8870363 0 0 0 1 0.7289142 -0.6739806 -0.1201431 -8.10623e-5 0.2546437 0.4298181 -0.8662639 0.009366631 0.6354847 0.6008383 0.4849254 0.8834536 0 0 0 1 0.7289142 -0.6739806 -0.1201431 -8.10623e-5 0.2546436 0.429818 -0.8662639 0.009366631 0.6354847 0.6008383 0.4849253 0.8796437 0 0 0 1 0.7289142 -0.6739805 -0.1201432 -8.10623e-5 0.2546437 0.4298182 -0.8662638 0.009366631 0.6354846 0.6008382 0.4849255 0.8756317 0 0 0 1 0.7289142 -0.6739806 -0.1201431 -8.10623e-5 0.2546437 0.4298182 -0.8662638 0.009366631 0.6354847 0.6008383 0.4849255 0.8714473 0 0 0 1 0.7289142 -0.6739806 -0.1201432 -8.10623e-5 0.2546437 0.4298182 -0.8662638 0.009366631 0.6354847 0.6008383 0.4849255 0.867119 0 0 0 1 0.7289142 -0.6739805 -0.1201432 -8.10623e-5 0.2546436 0.4298182 -0.8662638 0.009366631 0.6354846 0.6008382 0.4849255 0.8626749 0 0 0 1 0.7289142 -0.6739806 -0.1201432 -8.10623e-5 0.2546437 0.4298182 -0.8662638 0.009366631 0.6354847 0.6008382 0.4849255 0.8581433 0 0 0 1 0.7289142 -0.6739806 -0.1201432 -8.10623e-5 0.2546436 0.4298182 -0.8662639 0.009366631 0.6354847 0.6008383 0.4849254 0.8535525 0 0 0 1 0.7289142 -0.6739806 -0.1201431 -8.10623e-5 0.2546437 0.4298182 -0.8662638 0.009366631 0.6354847 0.6008383 0.4849255 0.8489307 0 0 0 1 0.7289141 -0.6739806 -0.1201431 -8.10623e-5 0.2546437 0.4298181 -0.8662639 0.009366631 0.6354848 0.6008383 0.4849254 0.8443085 0 0 0 1 0.7289141 -0.6739807 -0.1201431 -8.10623e-5 0.2546437 0.429818 -0.8662639 0.009366631 0.6354847 0.6008383 0.4849254 0.8397096 0 0 0 1 0.7289142 -0.6739805 -0.1201431 -8.10623e-5 0.2546436 0.4298182 -0.8662638 0.009366631 0.6354846 0.6008382 0.4849255 0.8351649 0 0 0 1 0.7289142 -0.6739806 -0.1201431 -8.10623e-5 0.2546436 0.4298182 -0.8662638 0.009366631 0.6354847 0.6008382 0.4849254 0.8307022 0 0 0 1 0.7289142 -0.6739806 -0.1201431 -8.10623e-5 0.2546436 0.4298181 -0.8662638 0.009366631 0.6354847 0.6008383 0.4849254 0.8263499 0 0 0 1 0.7289141 -0.6739806 -0.1201431 -8.10623e-5 0.2546437 0.4298181 -0.8662639 0.009366631 0.6354848 0.6008383 0.4849254 0.8221362 0 0 0 1 0.7289142 -0.6739806 -0.1201431 -8.10623e-5 0.2546437 0.4298181 -0.8662639 0.009366631 0.6354847 0.6008383 0.4849254 0.8180897 0 0 0 1 0.7289142 -0.6739806 -0.1201432 -8.10623e-5 0.2546437 0.4298182 -0.8662638 0.009366631 0.6354847 0.6008383 0.4849254 0.8142399 0 0 0 1 0.7289141 -0.6739806 -0.1201431 -8.10623e-5 0.2546437 0.4298181 -0.8662639 0.009366631 0.6354847 0.6008382 0.4849254 0.8106121 0 0 0 1 0.7289142 -0.6739806 -0.1201432 -8.10623e-5 0.2546437 0.4298181 -0.8662639 0.009366631 0.6354847 0.6008383 0.4849254 0.807236 0 0 0 1</float_array>
        <technique_common>
          <accessor source="#node-Bip01_matrix-output-array" count="60" stride="16">
            <param name="TRANSFORM" type="float4x4"/>
          </accessor>
        </technique_common>
      </source>
      <source id="node-Bip01_matrix-interpolation">
        <Name_array id="node-Bip01_matrix-interpolation-array" count="60">LINEAR LINEAR LINEAR LINEAR LINEAR LINEAR LINEAR LINEAR LINEAR LINEAR LINEAR LINEAR LINEAR LINEAR LINEAR LINEAR LINEAR LINEAR LINEAR LINEAR LINEAR LINEAR LINEAR LINEAR LINEAR LINEAR LINEAR LINEAR LINEAR LINEAR LINEAR LINEAR LINEAR LINEAR LINEAR LINEAR LINEAR LINEAR LINEAR LINEAR LINEAR LINEAR LINEAR LINEAR LINEAR LINEAR LINEAR LINEAR LINEAR LINEAR LINEAR LINEAR LINEAR LINEAR LINEAR LINEAR LINEAR LINEAR LINEAR LINEAR</Name_array>
        <technique_common>
          <accessor source="#node-Bip01_matrix-interpolation-array" count="60" stride="1">
            <param name="INTERPOLATION" type="name"/>
          </accessor>
        </technique_common>
      </source>
      <source id="node-Bip01_Pelvis_matrix-input">
        <float_array id="node-Bip01_Pelvis_matrix-input-array" count="60">53.33333 53.36666 53.4 53.43333 53.46667 53.5 53.53333 53.56667 53.6 53.63334 53.66667 53.7 53.73333 53.76667 53.8 53.83333 53.86666 53.9 53.93333 53.96667 54 54.03333 54.06667 54.1 54.13334 54.16667 54.2 54.23333 54.26667 54.3 54.33333 54.36666 54.4 54.43333 54.46667 54.5 54.53333 54.56667 54.6 54.63334 54.66667 54.7 54.73333 54.76667 54.8 54.83333 54.86666 54.9 54.93333 54.96667 55 55.03333 55.06667 55.1 55.13334 55.16667 55.2 55.23333 55.26667 55.3</float_array>
        <technique_common>
          <accessor source="#node-Bip01_Pelvis_matrix-input-array" count="60" stride="1">
            <param name="TIME" type="float"/>
          </accessor>
        </technique_common>
      </source>
      <source id="node-Bip01_Pelvis_matrix-output">
