<?xml version="1.0" encoding="utf-8"?>
<COLLADA xmlns="http://www.collada.org/2005/11/COLLADASchema" version="1.4.1">
  <asset>
    <contributor>
      <author>MattO</author>
      <authoring_tool>OpenCOLLADA for 3ds Max;  Version: 1.3.0;  Revision: 839M;  Platform: x64;  Configuration: Release_Max2012</authoring_tool>
      <source_data>file:///C:/Dropbox/Prj/GGStout/Turret/TP_ProxMine_PlayerAnims.max</source_data>
    </contributor>
    <created>2011-09-30T17:59:43</created>
    <modified>2011-09-30T17:59:43</modified>
    <unit name="meter" meter="1"/>
    <up_axis>Z_UP</up_axis>
  </asset>
  <library_effects>
    <effect id="ShapeBounds">
      <profile_COMMON>
        <technique sid="common">
          <blinn>
            <emission>
              <color>0 0 0 1</color>
            </emission>
            <ambient>
              <color>0.1647059 1 0 1</color>
            </ambient>
            <diffuse>
              <color>0.1647059 1 0 1</color>
            </diffuse>
            <specular>
              <color>0.9 0.9 0.9 1</color>
            </specular>
            <shininess>
              <float>10</float>
            </shininess>
            <reflective>
              <color>0 0 0 1</color>
            </reflective>
            <transparent opaque="A_ONE">
              <color>1 1 1 1</color>
            </transparent>
            <transparency>
              <float>1</float>
            </transparency>
          </blinn>
        </technique>
      </profile_COMMON>
      <extra>
        <technique profile="OpenCOLLADA3dsMax">
          <extended_shader>
            <apply_reflection_dimming>0</apply_reflection_dimming>
            <dim_level>0</dim_level>
            <falloff_type>0</falloff_type>
            <index_of_refraction>1.5</index_of_refraction>
            <opacity_type>0</opacity_type>
            <reflection_level>3</reflection_level>
            <wire_size>1</wire_size>
            <wire_units>0</wire_units>
          </extended_shader>
          <shader>
            <ambient_diffuse_lock>1</ambient_diffuse_lock>
            <ambient_diffuse_texture_lock>1</ambient_diffuse_texture_lock>
            <diffuse_specular_lock>0</diffuse_specular_lock>
            <soften>0.1</soften>
            <use_self_illum_color>0</use_self_illum_color>
          </shader>
        </technique>
      </extra>
    </effect>
  </library_effects>
  <library_materials>
    <material id="ShapeBounds-material" name="ShapeBounds">
      <instance_effect url="#ShapeBounds"/>
    </material>
  </library_materials>
  <library_geometries>
    <geometry id="geom-Bounds" name="Bounds">
      <mesh>
        <source id="geom-Bounds-positions">
          <float_array id="geom-Bounds-positions-array" count="24">-0.425 -0.425 0 0.425 -0.425 0 -0.425 0.425 0 0.425 0.425 0 -0.425 -0.425 1.84 0.425 -0.425 1.84 -0.425 0.425 1.84 0.425 0.425 1.84</float_array>
          <technique_common>
            <accessor source="#geom-Bounds-positions-array" count="8" stride="3">
              <param name="X" type="float"/>
              <param name="Y" type="float"/>
              <param name="Z" type="float"/>
            </accessor>
          </technique_common>
        </source>
        <source id="geom-Bounds-normals">
          <float_array id="geom-Bounds-normals-array" count="72">0 0 -1 0 0 -1 0 0 -1 0 0 -1 0 0 1 0 0 1 0 0 1 0 0 1 0 -1 0 0 -1 0 0 -1 0 0 -1 0 1 0 0 1 0 0 1 0 0 1 0 0 0 1 0 0 1 0 0 1 0 0 1 0 -1 0 0 -1 0 0 -1 0 0 -1 0 0</float_array>
          <technique_common>
            <accessor source="#geom-Bounds-normals-array" count="24" stride="3">
              <param name="X" type="float"/>
              <param name="Y" type="float"/>
              <param name="Z" type="float"/>
            </accessor>
          </technique_common>
        </source>
        <source id="geom-Bounds-map1">
          <float_array id="geom-Bounds-map1-array" count="36">0 0 0 1 0 0 0 1 0 1 1 0 0 0 0 1 0 0 0 1 0 1 1 0 0 0 0 1 0 0 0 1 0 1 1 0</float_array>
          <technique_common>
            <accessor source="#geom-Bounds-map1-array" count="12" stride="3">
              <param name="S" type="float"/>
              <param name="T" type="float"/>
              <param name="P" type="float"/>
            </accessor>
          </technique_common>
        </source>
        <vertices id="geom-Bounds-vertices">
          <input semantic="POSITION" source="#geom-Bounds-positions"/>
        </vertices>
        <triangles material="ShapeBounds" count="12">
          <input semantic="VERTEX" source="#geom-Bounds-vertices" offset="0"/>
          <input semantic="NORMAL" source="#geom-Bounds-normals" offset="1"/>
          <input semantic="TEXCOORD" source="#geom-Bounds-map1" offset="2" set="0"/>
          <p>0 0 9 2 1 11 3 2 10 3 2 10 1 3 8 0 0 9 4 4 8 5 5 9 7 6 11 7 6 11 6 7 10 4 4 8 0 8 4 1 9 5 5 10 7 5 10 7 4 11 6 0 8 4 1 12 0 3 13 1 7 14 3 7 14 3 5 15 2 1 12 0 3 16 4 2 17 5 6 18 7 6 18 7 7 19 6 3 16 4 2 20 0 0 21 1 4 22 3 4 22 3 6 23 2 2 20 0</p>
        </triangles>
      </mesh>
      <extra>
        <technique profile="OpenCOLLADA3dsMax">
          <max_box>
            <generateuvs>1</generateuvs>
            <height>1.84</height>
            <heightsegments>1</heightsegments>
            <length>0.85</length>
            <lengthsegments>1</lengthsegments>
            <width>0.85</width>
            <widthsegments>1</widthsegments>
          </max_box>
        </technique>
      </extra>
    </geometry>
  </library_geometries>
  <library_lights>
    <light id="EnvironmentAmbientLight" name="EnvironmentAmbientLight">
      <technique_common>
        <ambient>
          <color>0 0 0</color>
        </ambient>
      </technique_common>
    </light>
  </library_lights>
  <library_visual_scenes>
    <visual_scene id="MaxScene">
      <node name="EnvironmentAmbientLight">
        <instance_light url="#EnvironmentAmbientLight"/>
      </node>
      <node id="node-Bip01" name="Bip01">
        <matrix sid="matrix">0.7792376 -0.6267173 0.003750267 -8.10623e-5 0.6267178 0.7792454 0.001183462 0.009366653 -0.003664074 0.001428161 0.9999923 0.8041388 0 0 0 1</matrix>
        <node id="node-Bip01_Pelvis" name="Bip01_Pelvis">
          <matrix sid="matrix">-0.009626742 0.991236 0.1317526 0 -0.1217414 -0.1319404 0.9837534 0 0.9925151 -0.006569401 0.1219446 0 0 0 0 1</matrix>
          <node id="node-Bip01_Spine" name="Bip01_Spine">
            <matrix sid="matrix">0.974003 -0.1713646 -0.1481635 0.1975133 0.0649147 0.8377451 -0.5421895 0.02500539 0.2170354 0.5184764 0.8270903 0.02776153 0 0 0 1</matrix>
            <node id="node-Bip01_Spine1" name="Bip01_Spine1">
              <matrix sid="matrix">0.9940996 -0.1082492 -0.00693207 0.1022409 0.1067967 0.9879401 -0.1121098 -9.9808e-5 0.0189843 0.1107081 0.9936717 -1.11908e-5 0 0 0 1</matrix>
              <node id="node-Bip01_Spine2" name="Bip01_Spine2">
                <matrix sid="matrix">0.983237 -0.177375 0.04222756 0.1268964 0.1810741 0.9770653 -0.1120531 -1.6731e-4 -0.02138368 0.117821 0.9928046 -2.01724e-5 0 0 0 1</matrix>
                <node id="node-Bip01_Neck" name="Bip01_Neck">
                  <matrix sid="matrix">0.9021776 -0.4308736 0.02058497 0.2151071 0.4312886 0.9018875 -0.02426414 -4.97401e-5 -0.00811054 0.03076866 0.9994936 -1.68756e-6 0 0 0 1</matrix>
                  <node id="node-Bip01_Head" name="Bip01_Head">
                    <matrix sid="matrix">0.8383279 0.5202501 -0.1629291 0.07051814 -0.5361 0.8409864 -0.07306501 -0.01395923 0.09900907 0.1485988 0.9839286 7.45058e-9 0 0 0 1</matrix>
                    <node id="node-ALTEYE" name="ALTEYE">
                      <matrix sid="matrix">0.0234562 0.2813333 0.9593238 0.06454694 0.0489449 0.9581138 -0.282175 0.2214611 -0.9985262 0.05357232 0.008703794 0.04716256 0 0 0 1</matrix>
                    </node>
                  </node>
                  <node id="node-Bip01_L_Clavicle" name="Bip01_L_Clavicle">
                    <matrix sid="matrix">-0.3164032 -0.4320403 0.8445294 -0.02496195 0.2105159 -0.9000475 -0.3815721 -0.01206517 0.9249714 0.05705635 0.3757294 0.06855243 0 0 0 1</matrix>
                    <node id="node-Bip01_L_UpperArm" name="Bip01_L_UpperArm">
                      <matrix sid="matrix">0.5638726 0.2743243 0.7789697 0.1824007 -0.4077719 0.9127064 -0.02624778 0 -0.7181712 -0.3028415 0.6265121 1.19209e-7 0 0 0 1</matrix>
                      <node id="node-Bip01_L_Forearm" name="Bip01_L_Forearm">
                        <matrix sid="matrix">-0.04977491 0.9987605 0 0.2843691 -0.9987606 -0.04977494 1.30385e-8 -3.72529e-9 1.86265e-9 -2.98023e-8 1 0 0 0 0 1</matrix>
                        <node id="node-Bip01_L_Hand" name="Bip01_L_Hand">
                          <matrix sid="matrix">0.9904422 0.06318476 -0.1226052 0.2810681 0.1290034 -0.109791 0.9855476 0 0.04881064 -0.9919444 -0.1168927 0 0 0 0 1</matrix>
                          <node id="node-Bip01_L_Finger0" name="Bip01_L_Finger0">
                            <matrix sid="matrix">0.345179 0.6252525 0.6999362 0.02119672 0.5973264 0.4288768 -0.6776915 -0.004734278 -0.7239147 0.6520153 -0.2254407 -0.02572215 0 0 0 1</matrix>
                            <node id="node-Bip01_L_Finger01" name="Bip01_L_Finger01">
                              <matrix sid="matrix">0.9455186 -0.325568 -2.98023e-8 0.04982841 0.3255682 0.9455186 -2.98023e-8 1.19209e-7 -7.45058e-9 0 1 0 0 0 0 1</matrix>
                              <node id="node-Bip01_L_Finger02" name="Bip01_L_Finger02">
                                <matrix>0.9203136 0.3911815 7.45058e-9 0.0520224 -0.3911815 0.9203136 0 0 -1.49012e-8 0 1 5.96046e-8 0 0 0 1</matrix>
                              </node>
                            </node>
                          </node>
                          <node id="node-Bip01_L_Finger1" name="Bip01_L_Finger1">
                            <matrix sid="matrix">0.9541454 -0.2819768 -0.1004766 0.1199946 0.2718615 0.9567644 -0.1034069 -0.008367598 0.1252908 0.07134953 0.9895512 -0.04101384 0 0 0 1</matrix>
                            <node id="node-Bip01_L_Finger11" name="Bip01_L_Finger11">
                              <matrix sid="matrix">0.9363123 -0.3511682 -1.49012e-8 0.03644174 0.3511683 0.9363125 -1.49012e-8 -5.96046e-8 -2.98023e-8 2.23517e-8 0.9999999 -1.19209e-7 0 0 0 1</matrix>
                              <node id="node-Bip01_L_Finger12" name="Bip01_L_Finger12">
                                <matrix sid="matrix">0.7785827 -0.6275421 2.98023e-8 0.03117549 0.627542 0.7785827 -2.23517e-8 0 -2.98023e-8 7.45058e-9 1 1.19209e-7 0 0 0 1</matrix>
                              </node>
                            </node>
                          </node>
                          <node id="node-Bip01_L_Finger2" name="Bip01_L_Finger2">
                            <matrix sid="matrix">0.7812486 -0.6233675 -0.0326092 0.1229538 0.6235425 0.7769018 0.08728343 -0.008802056 -0.02907555 -0.08852328 0.9956496 -0.01328254 0 0 0 1</matrix>
                            <node id="node-Bip01_L_Finger21" name="Bip01_L_Finger21">
                              <matrix sid="matrix">0.7620707 -0.6474939 0 0.0389552 0.6474938 0.7620707 -1.39698e-9 0 7.45058e-9 -2.23517e-8 1 -1.19209e-7 0 0 0 1</matrix>
                              <node id="node-Bip01_L_Finger22" name="Bip01_L_Finger22">
                                <matrix>0.976296 -0.2164396 0 0.03800535 0.2164396 0.9762959 7.45058e-9 2.98023e-8 7.45058e-9 -1.49012e-8 1 0 0 0 0 1</matrix>
                              </node>
                            </node>
                          </node>
                          <node id="node-Bip01_L_Finger3" name="Bip01_L_Finger3">
                            <matrix>0.4124631 -0.9064789 -0.09038852 0.1211881 0.9061531 0.3980613 0.1429456 -0.001191258 -0.093597 -0.1408656 0.9855944 0.01196849 0 0 0 1</matrix>
                            <node id="node-Bip01_L_Finger31" name="Bip01_L_Finger31">
                              <matrix>0.9381478 -0.346235 0 0.03155847 0.3462351 0.9381477 0 -2.98023e-8 0 0 0.9999999 1.19209e-7 0 0 0 1</matrix>
                              <node id="node-Bip01_L_Finger32" name="Bip01_L_Finger32">
                                <matrix>0.9636304 -0.2672384 3.72529e-9 0.03366593 0.2672384 0.9636306 -1.49012e-8 -2.98023e-8 -4.65661e-9 -1.49012e-8 1 -1.19209e-7 0 0 0 1</matrix>
                              </node>
                            </node>
                          </node>
                          <node id="node-Bip01_L_Finger4" name="Bip01_L_Finger4">
                            <matrix>0.0712057 -0.9696805 0.2337718 0.1136796 0.9750154 0.1171046 0.1887628 0.005147427 -0.2104154 0.2144902 0.953792 0.03886569 0 0 0 1</matrix>
                            <node id="node-Bip01_L_Finger41" name="Bip01_L_Finger41">
                              <matrix>0.9790112 -0.203807 7.45058e-9 0.03661625 0.203807 0.9790112 0 0 -5.58794e-9 -2.98023e-8 1 1.19209e-7 0 0 0 1</matrix>
                              <node id="node-Bip01_L_Finger42" name="Bip01_L_Finger42">
                                <matrix>0.9645153 0.2640275 -6.51926e-9 0.0177263 -0.2640275 0.9645153 -1.49012e-8 -5.96046e-8 0 1.49012e-8 1 0 0 0 0 1</matrix>
                              </node>
                            </node>
                          </node>
                        </node>
                      </node>
                    </node>
                  </node>
                  <node id="node-Bip01_R_Clavicle" name="Bip01_R_Clavicle">
                    <matrix sid="matrix">-0.3137373 -0.431816 -0.845638 -0.02385306 0.06845215 -0.8985736 0.4334506 -0.0162707 -0.9470391 0.07810403 0.3114749 -0.06807299 0 0 0 1</matrix>
                    <node id="node-Bip01_R_UpperArm" name="Bip01_R_UpperArm">
                      <matrix sid="matrix">0.3825477 0.6723716 -0.6336985 0.1824007 -0.7434444 0.6312407 0.2209654 0 0.5485873 0.3865897 0.7413507 0 0 0 0 1</matrix>
                      <node id="node-Bip01_R_Forearm" name="Bip01_R_Forearm">
                        <matrix sid="matrix">0.2258762 0.974156 -2.98023e-8 0.2843689 -0.9741561 0.2258762 1.49012e-8 0 -1.15484e-7 0 1 0 0 0 0 1</matrix>
                        <node id="node-Bip01_R_Hand" name="Bip01_R_Hand">
                          <matrix sid="matrix">0.9530875 0.3023473 0.01450257 0.281068 0.1029247 -0.2786475 -0.9548622 -5.96046e-8 -0.284659 0.91156 -0.2966944 0 0 0 0 1</matrix>
                          <node id="node-Bip01_R_Finger0" name="Bip01_R_Finger0">
                            <matrix sid="matrix">0.466874 0.3554855 -0.8097275 0.02119678 0.6514514 0.4809566 0.5867639 -0.004734248 0.5980298 -0.801443 -0.007035449 0.02572203 0 0 0 1</matrix>
                            <node id="node-Bip01_R_Finger01" name="Bip01_R_Finger01">
                              <matrix sid="matrix">0.8647895 -0.4978737 0.06527567 0.04982847 0.493873 0.8668278 0.06854741 1.19209e-7 -0.09071076 -0.02704119 0.9955101 0 0 0 0 1</matrix>
                              <node id="node-Bip01_R_Finger02" name="Bip01_R_Finger02">
                                <matrix sid="matrix">0.8489718 0.5284382 -2.98023e-8 0.05202237 -0.5284382 0.8489717 7.45058e-9 0 -6.70552e-8 7.45058e-9 1 0 0 0 0 1</matrix>
                              </node>
                            </node>
                          </node>
                          <node id="node-Bip01_R_Finger1" name="Bip01_R_Finger1">
                            <matrix>0.9820225 -0.1733427 -0.07472669 0.1199946 0.1795577 0.9799358 0.0865149 -0.008367538 0.05823065 -0.09837732 0.9934441 0.04101372 0 0 0 1</matrix>
                            <node id="node-Bip01_R_Finger11" name="Bip01_R_Finger11">
                              <matrix sid="matrix">0.9425993 -0.3339258 -1.49012e-8 0.03644174 0.3339258 0.9425994 0 0 -2.98023e-8 1.49012e-8 1 0 0 0 0 1</matrix>
                              <node id="node-Bip01_R_Finger12" name="Bip01_R_Finger12">
                                <matrix sid="matrix">0.9832969 -0.1810849 0.01831831 0.03117537 0.181519 0.9830508 -0.02573048 -5.96046e-8 -0.01334845 0.02862583 0.999501 0 0 0 0 1</matrix>
                              </node>
                            </node>
                          </node>
                          <node id="node-Bip01_R_Finger2" name="Bip01_R_Finger2">
                            <matrix sid="matrix">0.9536398 -0.3009501 -1.52111e-4 0.1229538 0.3006933 0.9528466 -0.04082685 -0.008802027 0.0124318 0.03888837 0.9991663 0.01328242 0 0 0 1</matrix>
                            <node id="node-Bip01_R_Finger21" name="Bip01_R_Finger21">
                              <matrix sid="matrix">0.9579763 -0.2847232 -0.03484871 0.03895521 0.2827407 0.9577503 -0.05265062 2.98023e-8 0.04836721 0.04058489 0.9980049 0 0 0 0 1</matrix>
                              <node id="node-Bip01_R_Finger22" name="Bip01_R_Finger22">
                                <matrix sid="matrix">0.9719919 -0.234256 0.01886611 0.03800529 0.2315868 0.9683846 0.09272986 0 -0.03999219 -0.08576352 0.9955126 1.19209e-7 0 0 0 1</matrix>
                              </node>
                            </node>
                          </node>
                          <node id="node-Bip01_R_Finger3" name="Bip01_R_Finger3">
                            <matrix sid="matrix">0.942517 -0.3272582 0.06755453 0.1211882 0.3338162 0.9129714 -0.234627 -0.001191258 0.01510826 0.2436908 0.9697352 -0.01196861 0 0 0 1</matrix>
                            <node id="node-Bip01_R_Finger31" name="Bip01_R_Finger31">
                              <matrix sid="matrix">0.6606858 -0.7494741 0.04222351 0.03155839 0.7450768 0.6615804 0.08468729 5.96046e-8 -0.09140518 -0.02449192 0.9955126 1.19209e-7 0 0 0 1</matrix>
                              <node id="node-Bip01_R_Finger32" name="Bip01_R_Finger32">
                                <matrix sid="matrix">0.8335403 -0.5515913 -0.03095104 0.03366596 0.5520074 0.8338157 0.006297074 0 0.02233404 -0.02233406 0.9995012 -1.19209e-7 0 0 0 1</matrix>
                              </node>
                            </node>
                          </node>
                          <node id="node-Bip01_R_Finger4" name="Bip01_R_Finger4">
                            <matrix sid="matrix">0.7372703 -0.6748959 -0.03078973 0.1136796 0.6745099 0.7379035 -0.02312395 0.005147427 0.03832613 -0.00371933 0.9992582 -0.03886569 0 0 0 1</matrix>
                            <node id="node-Bip01_R_Finger41" name="Bip01_R_Finger41">
                              <matrix>0.4202557 -0.9064697 0.0412062 0.0366163 0.9068532 0.421151 0.01578784 0 -0.03166523 0.03073305 0.9990261 0 0 0 0 1</matrix>
                              <node id="node-Bip01_R_Finger42" name="Bip01_R_Finger42">
                                <matrix>0.402447 -0.9138246 -0.05441485 0.0177263 0.915423 0.4021218 0.01728316 5.96046e-8 0.006087594 -0.05676814 0.9983688 2.38419e-7 0 0 0 1</matrix>
                              </node>
                            </node>
                          </node>
                          <node id="node-MOUNT0" name="MOUNT0">
                            <matrix>-6.38887e-7 1 -7.45058e-9 0.109539 -1 -6.67991e-7 4.73112e-7 0.0251826 4.73112e-7 7.45058e-9 1 0.01321673 0 0 0 1</matrix>
                          </node>
                        </node>
                      </node>
                    </node>
                  </node>
                </node>
                <node id="node-Bip01_L_Pauldron_Upper" name="Bip01_L_Pauldron_Upper">
                  <matrix sid="matrix">0.9726135 0.1182849 0.2000786 0.1769029 0.1284546 -0.9909644 -0.03858749 -0.03908366 0.1937064 0.06323179 -0.9790197 0.2290199 0 0 0 1</matrix>
                </node>
                <node id="node-Bip01_R_Pauldron_Lower" name="Bip01_R_Pauldron_Lower">
                  <matrix sid="matrix">-0.3436331 -0.7757341 -0.5292951 0.1906281 0.7213452 -0.5789208 0.3801478 -0.1308313 -0.6013133 -0.2511731 0.7585081 -0.2272985 0 0 0 1</matrix>
                </node>
                <node id="node-Bip01_L_Pauldron_Lower" name="Bip01_L_Pauldron_Lower">
                  <matrix sid="matrix">-0.6963174 -0.3999606 0.5959645 0.1906875 0.2072264 -0.9070119 -0.3665883 -0.05679908 0.6871677 -0.1317622 0.7144505 0.2611732 0 0 0 1</matrix>
                </node>
              </node>
            </node>
            <node id="node-Bip01_L_Thigh" name="Bip01_L_Thigh">
              <matrix sid="matrix">-0.6131557 0.7889805 -0.03937139 -0.172358 0.7438801 0.5934433 0.3073552 0.06460376 0.2658619 0.159169 -0.95078 0.1253033 0 0 0 1</matrix>
              <node id="node-Bip01_L_Calf" name="Bip01_L_Calf">
                <matrix sid="matrix">0.4034064 0.9150209 0 0.4629987 -0.9150209 0.4034065 1.49012e-8 0 -3.72529e-9 1.49012e-8 1 -1.49012e-8 0 0 0 1</matrix>
                <node id="node-Bip01_L_Foot" name="Bip01_L_Foot">
                  <matrix sid="matrix">0.9319391 -0.3536301 -0.08022038 0.3610501 0.3615525 0.9231067 0.1309721 0 0.02773623 -0.1510619 0.9881352 7.45058e-9 0 0 0 1</matrix>
                  <node id="node-Bip01_L_Toe0" name="Bip01_L_Toe0">
                    <matrix sid="matrix">1.32713e-7 -1 1.61678e-6 0.1486307 1 1.32713e-7 7.39965e-7 0.1543275 -7.39161e-7 1.61584e-6 1 -3.72529e-9 0 0 0 1</matrix>
                  </node>
                </node>
              </node>
            </node>
            <node id="node-Bip01_R_Thigh" name="Bip01_R_Thigh">
              <matrix sid="matrix">-0.9364192 0.1993814 0.2887316 -0.2276958 0.1469426 0.9700718 -0.1933087 -0.06759393 -0.3186327 -0.1385912 -0.9376917 -0.08558209 0 0 0 1</matrix>
              <node id="node-Bip01_R_Calf" name="Bip01_R_Calf">
                <matrix sid="matrix">0.4439653 0.8960441 -2.98023e-8 0.4629988 -0.896044 0.4439652 -4.47035e-8 -1.49012e-8 -1.49012e-8 -5.96046e-8 0.9999999 0 0 0 0 1</matrix>
                <node id="node-Bip01_R_Foot" name="Bip01_R_Foot">
                  <matrix sid="matrix">0.6470292 -0.7364015 0.1976518 0.3610501 0.7123637 0.6762666 0.1876203 0 -0.2718291 0.01940411 0.9621499 2.98023e-8 0 0 0 1</matrix>
                  <node id="node-Bip01_R_Toe0" name="Bip01_R_Toe0">
                    <matrix sid="matrix">-0.1805812 -0.9786912 0.09774508 0.1486307 0.9833314 -0.1817884 -0.003513831 0.1543275 0.02120788 0.09548128 0.9952053 -2.98023e-8 0 0 0 1</matrix>
                  </node>
                </node>
              </node>
            </node>
          </node>
          <node id="node-Bip01_FannyPack" name="Bip01_FannyPack">
            <matrix>-0.9629919 -0.2062317 0.1735378 0.2299508 -0.2083318 0.9780385 0.00622708 -0.1378937 -0.1710108 -0.03015684 -0.9848076 0.01013964 0 0 0 1</matrix>
          </node>
        </node>
        <node id="node-EYE" name="EYE">
          <matrix sid="matrix">0.7792379 0.6267177 -0.003664111 0.05941319 -0.6267173 0.7792452 0.001428192 0.07234287 0.003750314 0.001183283 0.999992 0.7662561 0 0 0 1</matrix>
          <node id="node-CAM" name="CAM">
            <matrix>1 -6.03104e-8 3.55271e-15 4.84288e-8 6.03104e-8 1 -2.32831e-9 -0.104 -3.55271e-15 2.32832e-9 1 0.3005601 0 0 0 1</matrix>
          </node>
        </node>
      </node>
      <node id="node-Bounds" name="Bounds">
        <matrix>0.9999915 0.001706907 0.003750479 0 -0.001711356 0.9999978 0.001183292 0.1035326 -0.003748452 -0.0011897 0.9999923 -8.93474e-5 0 0 0 1</matrix>
        <instance_geometry url="#geom-Bounds">
          <bind_material>
            <technique_common>
              <instance_material symbol="ShapeBounds" target="#ShapeBounds-material"/>
            </technique_common>
          </bind_material>
        </instance_geometry>
      </node>
    </visual_scene>
  </library_visual_scenes>
  <library_animations>
    <animation>
      <source id="node-Bip01_matrix-input">
        <float_array id="node-Bip01_matrix-input-array" count="41">37.33333 37.36666 37.4 37.43333 37.46667 37.5 37.53333 37.56667 37.6 37.63334 37.66667 37.7 37.73333 37.76667 37.8 37.83333 37.86666 37.9 37.93333 37.96667 38 38.03333 38.06667 38.1 38.13334 38.16667 38.2 38.23333 38.26667 38.3 38.33333 38.36666 38.4 38.43333 38.46667 38.5 38.53333 38.56667 38.6 38.63334 38.66667</float_array>
        <technique_common>
          <accessor source="#node-Bip01_matrix-input-array" count="41" stride="1">
            <param name="TIME" type="float"/>
          </accessor>
        </technique_common>
      </source>
      <source id="node-Bip01_matrix-output">
        <float_array id="node-Bip01_matrix-output-array" count="656">0.7792376 -0.6267173 0.003750264 -8.10623e-5 0.6267178 0.7792454 0.00118345 0.009366631 -0.003664016 0.001428127 0.9999923 0.8041388 0 0 0 1 0.731109 -0.6816654 0.02849358 -0.003103613 0.6802973 0.7252032 -0.1061882 -8.09773e-4 0.05172115 0.09701925 0.9939377 0.8277394 0 0 0 1 0.6503986 -0.7558274 0.07554185 -0.007437348 0.7423221 0.6113726 -0.2741923 -0.01741111 0.1610578 0.2344107 0.9587033 0.8610357 0 0 0 1 0.5636242 -0.8191857 0.1061253 -0.009522259 0.7583962 0.462271 -0.4595004 -0.03689539 0.3273575 0.3394706 0.8818145 0.8739536 0 0 0 1 0.4588415 -0.8824197 0.1039226 -0.006825208 0.6911666 0.2809777 -0.6658378 -0.05886447 0.5583485 0.3773418 0.7388234 0.8493833 0 0 0 1 0.3358068 -0.9359835 0.1056821 -0.001879334 0.5205868 0.09091752 -0.8489543 -0.08371549 0.7849989 0.3401013 0.5177914 0.8044347 0 0 0 1 0.2494555 -0.9625535 0.1061254 0.001277387 0.3161079 -0.02264809 -0.9484528 -0.1091002 0.9153402 0.2701439 0.2986212 0.7603561 0 0 0 1 0.2057141 -0.9746921 0.08750432 0.001746058 0.1309719 -0.06119096 -0.9894958 -0.1346811 0.9698083 0.2150138 0.1150695 0.7239789 0 0 0 1 0.1692439 -0.9838549 0.05818998 0.001498937 -0.05594873 -0.06853735 -0.9960785 -0.1611725 0.9839848 0.1653246 -0.06664502 0.6879051 0 0 0 1 0.1348093 -0.9905955 0.02338874 8.04584e-4 -0.2313069 -0.05441296 -0.9713581 -0.1877959 0.9634955 0.1255382 -0.236467 0.6520507 0 0 0 1 0.09976053 -0.9949591 -0.01021182 -6.86244e-5 -0.3850485 -0.02913975 -0.9224362 -0.2137766 0.9174888 0.09595471 -0.3860145 0.6163267 0 0 0 1 0.06410288 -0.9973189 -0.03529566 -8.52195e-4 -0.5109213 -0.002416849 -0.859624 -0.2383396 0.857234 0.07313764 -0.5097063 0.5806442 0 0 0 1 0.02990388 -0.9985546 -0.04466003 -0.001277565 -0.6064448 0.01739186 -0.7949354 -0.2607067 0.7945631 0.05085551 -0.6050482 0.5449191 0 0 0 1 0.005852699 -0.9992397 -0.03854304 -0.001151442 -0.6663556 0.02484214 -0.74522 -0.2790474 0.745611 0.03004485 -0.6657035 0.5093291 0 0 0 1 -0.005247592 -0.9996385 -0.02636891 -7.02262e-4 -0.6903283 0.02269917 -0.7231401 -0.2934795 0.7234773 0.01440846 -0.690198 0.4739285 0 0 0 1 -0.01009702 -0.999859 -0.0134136 -2.93983e-4 -0.6825709 0.0166946 -0.7306287 -0.306152 0.7307497 0.001778602 -0.6826433 0.4384402 0 0 0 1 -0.01558434 -0.9998706 -0.003965854 -2.90683e-4 -0.6433578 0.01306378 -0.7654541 -0.3192137 0.7654069 -0.009377658 -0.6434782 0.4025873 0 0 0 1 -0.021806 -0.9997615 -0.001341938 -0.001264512 -0.5136939 0.01235568 -0.8578846 -0.3339411 0.8576964 -0.01801753 -0.5138409 0.3631948 0 0 0 1 -0.02494311 -0.999683 -0.003391385 -0.002742588 -0.3002073 0.01072633 -0.9538136 -0.3480868 0.9535477 -0.02277302 -0.3003798 0.3233191 0 0 0 1 -0.02665579 -0.9996301 -0.005399525 -0.003521323 -0.141829 0.00912857 -0.9898491 -0.3585155 0.9895322 -0.02561932 -0.1420198 0.2920269 0 0 0 1 -0.02871108 -0.9995711 -0.005758941 -0.003353834 -0.07930111 0.008020877 -0.9968184 -0.3655526 0.9964371 -0.02816313 -0.07949733 0.2686233 0 0 0 1 -0.03057825 -0.9995148 -0.005923092 -0.002882003 -0.04119414 0.007180988 -0.9991254 -0.3716337 0.9986832 -0.03030747 -0.04139375 0.2467647 0 0 0 1 -0.03223705 -0.9994627 -0.005921185 -0.002235412 -0.0210213 0.006600916 -0.9997573 -0.376785 0.9992592 -0.03210461 -0.02122282 0.2270532 0 0 0 1 -0.03365337 -0.9994166 -0.005815565 -0.001543402 -0.01208066 0.006225228 -0.9999076 -0.3810342 0.9993605 -0.03358006 -0.01228308 0.2100877 0 0 0 1 -0.03478801 -0.9993786 -0.005695939 -9.35607e-4 -0.007627546 0.005964636 -0.9999532 -0.3844084 0.9993657 -0.03474277 -0.007830381 0.1964677 0 0 0 1 -0.03559923 -0.9993501 -0.005672633 -5.41437e-4 -9.11266e-4 0.005708694 -0.9999833 -0.3869343 0.9993658 -0.0355935 -0.001113891 0.1867942 0 0 0 1 -0.03608632 -0.9993323 -0.005723953 -3.38986e-4 0.00682038 0.005481362 -0.9999617 -0.3885911 0.9993254 -0.03612387 0.006618022 0.1810595 0 0 0 1 -0.03631472 -0.999324 -0.005749523 -2.09685e-4 0.0104494 0.005373239 -0.9999311 -0.3894581 0.9992859 -0.03637218 0.01024711 0.1783853 0 0 0 1 -0.03634452 -0.9993228 -0.005752801 -1.38046e-4 0.01092272 0.005358934 -0.9999261 -0.389714 0.9992797 -0.0364046 0.01072043 0.1780646 0 0 0 1 -0.03623509 -0.9993267 -0.005740582 -1.08581e-4 0.009187161 0.005411028 -0.9999431 -0.389537 0.999301 -0.03628575 0.008984982 0.1793904 0 0 0 1 -0.0360465 -0.9993338 -0.005719661 -1.05803e-4 0.006189286 0.005500078 -0.9999657 -0.3891056 0.999331 -0.03608065 0.005986809 0.1816557 0 0 0 1 -0.03583776 -0.9993415 -0.005697369 -1.14224e-4 0.002875685 0.005597829 -0.9999803 -0.3885983 0.9993535 -0.03585344 0.002673149 0.1841536 0 0 0 1 -0.03566884 -0.9993476 -0.005679786 -1.18358e-4 1.93268e-4 0.005676388 -0.9999839 -0.3881933 0.9993637 -0.03566926 -9.41753e-6 0.186177 0 0 0 1 -0.03559923 -0.9993501 -0.005672633 -1.02716e-4 -9.11266e-4 0.005708694 -0.9999833 -0.3880692 0.9993658 -0.0355935 -0.001113891 0.1870191 0 0 0 1 -0.03559923 -0.9993501 -0.005672633 -7.91886e-5 -9.11266e-4 0.005708694 -0.9999833 -0.3881248 0.9993658 -0.0355935 -0.001113891 0.1870311 0 0 0 1 -0.03559923 -0.99935 -0.005672574 -6.78421e-5 -9.11236e-4 0.005708754 -0.9999833 -0.3881466 0.9993657 -0.03559356 -0.001113891 0.1870369 0 0 0 1 -0.03559923 -0.9993501 -0.005672633 -6.54542e-5 -9.11266e-4 0.005708694 -0.9999833 -0.3881436 0.9993658 -0.0355935 -0.001113891 0.1870381 0 0 0 1 -0.03559923 -0.9993501 -0.005672633 -6.88037e-5 -9.11266e-4 0.005708694 -0.9999833 -0.3881253 0.9993658 -0.0355935 -0.001113891 0.1870363 0 0 0 1 -0.03559923 -0.99935 -0.005672574 -7.46695e-5 -9.11236e-4 0.005708754 -0.9999833 -0.3881007 0.9993657 -0.03559356 -0.001113891 0.1870333 0 0 0 1 -0.03559923 -0.9993501 -0.005672633 -7.98293e-5 -9.11266e-4 0.005708694 -0.9999833 -0.3880792 0.9993658 -0.0355935 -0.001113891 0.1870307 0 0 0 1 -0.03559923 -0.9993501 -0.005672633 -8.10623e-5 -9.11266e-4 0.005708694 -0.9999833 -0.3880701 0.9993658 -0.0355935 -0.001113891 0.18703 0 0 0 1</float_array>
        <technique_common>
          <accessor source="#node-Bip01_matrix-output-array" count="41" stride="16">
            <param name="TRANSFORM" type="float4x4"/>
          </accessor>
        </technique_common>
      </source>
      <source id="node-Bip01_matrix-interpolation">
        <Name_array id="node-Bip01_matrix-interpolation-array" count="41">LINEAR LINEAR LINEAR LINEAR LINEAR LINEAR LINEAR LINEAR LINEAR LINEAR LINEAR LINEAR LINEAR LINEAR LINEAR LINEAR LINEAR LINEAR LINEAR LINEAR LINEAR LINEAR LINEAR LINEAR LINEAR LINEAR LINEAR LINEAR LINEAR LINEAR LINEAR LINEAR LINEAR LINEAR LINEAR LINEAR LINEAR LINEAR LINEAR LINEAR LINEAR</Name_array>
        <technique_common>
          <accessor source="#node-Bip01_matrix-interpolation-array" count="41" stride="1">
            <param name="INTERPOLATION" type="name"/>
          </accessor>
        </technique_common>
      </source>
      <source id="node-Bip01_Pelvis_matrix-input">
        <float_array id="node-Bip01_Pelvis_matrix-input-array" count="41">37.33333 37.36666 37.4 37.43333 37.46667 37.5 37.53333 37.56667 37.6 37.63334 37.66667 37.7 37.73333 37.76667 37.8 37.83333 37.86666 37.9 37.93333 37.96667 38 38.03333 38.06667 38.1 38.13334 38.16667 38.2 38.23333 38.26667 38.3 38.33333 38.36666 38.4 38.43333 38.46667 38.5 38.53333 38.56667 38.6 38.63334 38.66667</float_array>
        <technique_common>
          <accessor source="#node-Bip01_Pelvis_matrix-input-array" count="41" stride="1">
            <param name="TIME" type="float"/>
          </accessor>
        </technique_common>
      </source>
      <source id="node-Bip01_Pelvis_matrix-output">
        <float_array id="node-Bip01_Pelvis_matrix-output-array" count="656">-0.009626686 0.991236 0.1317526 0 -0.1217414 -0.1319403 0.9837534 0 0.9925152 -0.006569385 0.1219446 0 0 0 0 1 -0.009626686 0.991804 0.1274055 0 -0.1217414 -0.1276262 0.9843224 0 0.9925153 -0.006034731 0.1219722 0 0 0 0 1 -0.009626686 0.9924447 0.1223145 0 -0.1217414 -0.1225735 0.9849644 0 0.9925152 -0.005408763 0.1220016 0 0 0 0 1 -0.009626626 0.9931314 0.1166075 0 -0.1217414 -0.1169095 0.9856526 0 0.9925151 -0.004707396 0.1220307 0 0 0 0 1 -0.009626567 0.993839 0.1104136 0 -0.1217414 -0.1107623 0.9863624 0 0.9925151 -0.003946602 0.1220576 0 0 0 0 1 -0.009626507 0.9945452 0.1038613 0 -0.1217414 -0.1042591 0.987071 0 0.9925152 -0.003141999 0.122081 0 0 0 0 1 -0.009626507 0.9952298 0.09708195 0 -0.1217414 -0.09753072 0.9877586 0 0.9925152 -0.002310156 0.1220996 0 0 0 0 1 -0.009626507 0.9958768 0.09020477 0 -0.1217414 -0.09070521 0.9884087 0 0.9925152 -0.001466691 0.1221126 0 0 0 0 1 -0.009626448 0.996473 0.08336037 0 -0.1217414 -0.08391201 0.9890085 0 0.9925151 -6.27719e-4 0.1221198 0 0 0 0 1 -0.009626448 0.9970093 0.07667946 0 -0.1217414 -0.07728111 0.9895488 0 0.9925152 1.9078e-4 0.1221213 0 0 0 0 1 -0.009626388 0.99748 0.070293 0 -0.1217414 -0.0709424 0.9900233 0 0.9925152 9.72807e-4 0.1221175 0 0 0 0 1 -0.009626448 0.9978821 0.0643323 0 -0.1217414 -0.06502628 0.9904295 0 0.9925152 0.001702368 0.1221095 0 0 0 0 1 -0.009626328 0.9982159 0.05892866 0 -0.1217414 -0.05966293 0.9907671 0 0.9925152 0.002363383 0.1220985 0 0 0 0 1 -0.009626388 0.998483 0.05421268 0 -0.1217414 -0.05498218 0.9910378 0 0.9925152 0.002940118 0.122086 0 0 0 0 1 -0.009626269 0.9986869 0.05031704 0 -0.1217414 -0.05111557 0.9912447 0 0.9925152 0.003416299 0.1220736 0 0 0 0 1 -0.009626269 0.9988309 0.04737228 0 -0.1217414 -0.04819267 0.9913912 0 0.9925152 0.003776252 0.1220631 0 0 0 0 1 -0.009626328 0.9989175 0.04550939 0 -0.1217414 -0.04634368 0.9914793 0 0.9925152 0.004003822 0.1220558 0 0 0 0 1 -0.009626269 0.9989469 0.04485934 0 -0.1217414 -0.04569846 0.9915093 0 0.9925151 0.004083395 0.1220531 0 0 0 0 1 -0.009626269 0.9989435 0.04493772 0 -0.1217414 -0.0457763 0.9915058 0 0.9925152 0.004073739 0.1220535 0 0 0 0 1 -0.009626269 0.998933 0.04516935 0 -0.1217414 -0.0460062 0.9914951 0 0.9925152 0.004045426 0.1220544 0 0 0 0 1 -0.009626269 0.9989159 0.04554921 0 -0.1217414 -0.0463832 0.9914775 0 0.9925153 0.003998994 0.122056 0 0 0 0 1 -0.009626269 0.9988918 0.046072 0 -0.1217414 -0.04690217 0.9914531 0 0.9925152 0.003935158 0.122058 0 0 0 0 1 -0.009626269 0.998861 0.04673236 0 -0.1217414 -0.04755759 0.9914218 0 0.9925151 0.003854453 0.1220605 0 0 0 0 1 -0.009626269 0.9988237 0.04752552 0 -0.1217414 -0.04834485 0.9913836 0 0.9925152 0.003757536 0.1220636 0 0 0 0 1 -0.009626328 0.9987794 0.04844611 0 -0.1217414 -0.04925858 0.9913388 0 0.9925152 0.003645002 0.122067 0 0 0 0 1 -0.009626328 0.9987283 0.04948854 0 -0.1217414 -0.0502932 0.9912868 0 0.9925152 0.003517627 0.1220707 0 0 0 0 1 -0.009626328 0.9986702 0.05064827 0 -0.1217414 -0.05144435 0.9912278 0 0.9925152 0.003375887 0.1220748 0 0 0 0 1 -0.009626328 0.9986048 0.05191987 0 -0.1217414 -0.05270642 0.9911614 0 0.9925151 0.003220438 0.122079 0 0 0 0 1 -0.009626328 0.9985321 0.05329757 0 -0.1217414 -0.05407387 0.9910877 0 0.992515 0.003051996 0.1220833 0 0 0 0 1 -0.009626328 0.9984521 0.05477714 0 -0.1217414 -0.0555424 0.9910066 0 0.9925151 0.002871096 0.1220877 0 0 0 0 1 -0.009626328 0.9983645 0.05635297 0 -0.1217414 -0.05710649 0.9909176 0 0.9925151 0.002678394 0.122092 0 0 0 0 1 -0.009626328 0.998269 0.05801922 0 -0.1217414 -0.05876028 0.990821 0 0.9925151 0.002474665 0.1220963 0 0 0 0 1 -0.009626328 0.9981656 0.05977183 0 -0.1217414 -0.06049984 0.9907163 0 0.9925151 0.002260267 0.1221005 0 0 0 0 1 -0.009626388 0.9980542 0.06160509 0 -0.1217414 -0.06231939 0.9906036 0 0.9925152 0.002036035 0.1221045 0 0 0 0 1 -0.009626388 0.9979346 0.06351304 0 -0.1217414 -0.06421309 0.9904826 0 0.9925152 0.001802563 0.1221081 0 0 0 0 1 -0.009626388 0.9978067 0.06549185 0 -0.1217414 -0.06617712 0.9903533 0 0.9925152 0.001560449 0.1221114 0 0 0 0 1 -0.009626388 0.9976705 0.06753569 0 -0.1217414 -0.06820571 0.9902157 0 0.9925152 0.001310288 0.1221144 0 0 0 0 1 -0.009626388 0.9975258 0.06963849 0 -0.1217414 -0.07029283 0.9900698 0 0.9925152 0.001052916 0.1221169 0 0 0 0 1 -0.009626388 0.9973729 0.07179665 0 -0.1217414 -0.07243484 0.9899153 0 0.9925152 7.88736e-4 0.1221188 0 0 0 0 1 -0.009626448 0.9972115 0.07400423 0 -0.1217414 -0.0746259 0.9897525 0 0.9925152 5.18429e-4 0.1221203 0 0 0 0 1 -0.009626448 0.9970419 0.07625514 0 -0.1217414 -0.07685995 0.9895815 0 0.9925152 2.42765e-4 0.1221212 0 0 0 0 1</float_array>
        <technique_common>
          <accessor source="#node-Bip01_Pelvis_matrix-output-array" count="41" stride="16">
            <param name="TRANSFORM" type="float4x4"/>
          </accessor>
        </technique_common>
      </source>
      <source id="node-Bip01_Pelvis_matrix-interpolation">
        <Name_array id="node-Bip01_Pelvis_matrix-interpolation-array" count="41">LINEAR LINEAR LINEAR LINEAR LINEAR LINEAR LINEAR LINEAR LINEAR LINEAR LINEAR LINEAR LINEAR LINEAR LINEAR LINEAR LINEAR LINEAR LINEAR LINEAR LINEAR LINEAR LINEAR LINEAR LINEAR LINEAR LINEAR LINEAR LINEAR LINEAR LINEAR LINEAR LINEAR LINEAR LINEAR LINEAR LINEAR LINEAR LINEAR LINEAR LINEAR</Name_array>
        <technique_common>
          <accessor source="#node-Bip01_Pelvis_matrix-interpolation-array" count="41" stride="1">
            <param name="INTERPOLATION" type="name"/>
          </accessor>
        </technique_common>
      </source>
      <source id="node-Bip01_Spine_matrix-input">
        <float_array id="node-Bip01_Spine_matrix-input-array" count="41">37.33333 37.36666 37.4 37.43333 37.46667 37.5 37.53333 37.56667 37.6 37.63334 37.66667 37.7 37.73333 37.76667 37.8 37.83333 37.86666 37.9 37.93333 37.96667 38 38.03333 38.06667 38.1 38.13334 38.16667 38.2 38.23333 38.26667 38.3 38.33333 38.36666 38.4 38.43333 38.46667 38.5 38.53333 38.56667 38.6 38.63334 38.66667</float_array>
        <technique_common>
          <accessor source="#node-Bip01_Spine_matrix-input-array" count="41" stride="1">
            <param name="TIME" type="float"/>
          </accessor>
        </technique_common>
      </source>
      <source id="node-Bip01_Spine_matrix-output">
