<?xml version="1.0" encoding="utf-8"?>
<COLLADA xmlns="http://www.collada.org/2005/11/COLLADASchema" version="1.4.1">
  <asset>
    <contributor>
      <author>MattO</author>
      <authoring_tool>OpenCOLLADA for 3ds Max;  Version: 1.3.0;  Revision: 839M;  Platform: x64;  Configuration: Release_Max2012</authoring_tool>
      <source_data>file:///C:/Dropbox/Prj/GGStout/Turret/TP_Soldier_Turret_Animation_Master.max</source_data>
    </contributor>
    <created>2011-09-30T18:22:32</created>
    <modified>2011-09-30T18:22:32</modified>
    <unit name="meter" meter="1"/>
    <up_axis>Z_UP</up_axis>
  </asset>
  <library_effects>
    <effect id="ShapeBounds">
      <profile_COMMON>
        <technique sid="common">
          <blinn>
            <emission>
              <color>0 0 0 1</color>
            </emission>
            <ambient>
              <color>0.1647059 1 0 1</color>
            </ambient>
            <diffuse>
              <color>0.1647059 1 0 1</color>
            </diffuse>
            <specular>
              <color>0.9 0.9 0.9 1</color>
            </specular>
            <shininess>
              <float>10</float>
            </shininess>
            <reflective>
              <color>0 0 0 1</color>
            </reflective>
            <transparent opaque="A_ONE">
              <color>1 1 1 1</color>
            </transparent>
            <transparency>
              <float>1</float>
            </transparency>
          </blinn>
        </technique>
      </profile_COMMON>
      <extra>
        <technique profile="OpenCOLLADA3dsMax">
          <extended_shader>
            <apply_reflection_dimming>0</apply_reflection_dimming>
            <dim_level>0</dim_level>
            <falloff_type>0</falloff_type>
            <index_of_refraction>1.5</index_of_refraction>
            <opacity_type>0</opacity_type>
            <reflection_level>3</reflection_level>
            <wire_size>1</wire_size>
            <wire_units>0</wire_units>
          </extended_shader>
          <shader>
            <ambient_diffuse_lock>1</ambient_diffuse_lock>
            <ambient_diffuse_texture_lock>1</ambient_diffuse_texture_lock>
            <diffuse_specular_lock>0</diffuse_specular_lock>
            <soften>0.1</soften>
            <use_self_illum_color>0</use_self_illum_color>
          </shader>
        </technique>
      </extra>
    </effect>
  </library_effects>
  <library_materials>
    <material id="ShapeBounds-material" name="ShapeBounds">
      <instance_effect url="#ShapeBounds"/>
    </material>
  </library_materials>
  <library_geometries>
    <geometry id="geom-BOUNDS" name="BOUNDS">
      <mesh>
        <source id="geom-BOUNDS-positions">
          <float_array id="geom-BOUNDS-positions-array" count="24">-0.425 -0.425 0 0.425 -0.425 0 -0.425 0.425 0 0.425 0.425 0 -0.425 -0.425 1.84 0.425 -0.425 1.84 -0.425 0.425 1.84 0.425 0.425 1.84</float_array>
          <technique_common>
            <accessor source="#geom-BOUNDS-positions-array" count="8" stride="3">
              <param name="X" type="float"/>
              <param name="Y" type="float"/>
              <param name="Z" type="float"/>
            </accessor>
          </technique_common>
        </source>
        <source id="geom-BOUNDS-normals">
          <float_array id="geom-BOUNDS-normals-array" count="72">0 0 -1 0 0 -1 0 0 -1 0 0 -1 0 0 1 0 0 1 0 0 1 0 0 1 0 -1 0 0 -1 0 0 -1 0 0 -1 0 1 0 0 1 0 0 1 0 0 1 0 0 0 1 0 0 1 0 0 1 0 0 1 0 -1 0 0 -1 0 0 -1 0 0 -1 0 0</float_array>
          <technique_common>
            <accessor source="#geom-BOUNDS-normals-array" count="24" stride="3">
              <param name="X" type="float"/>
              <param name="Y" type="float"/>
              <param name="Z" type="float"/>
            </accessor>
          </technique_common>
        </source>
        <source id="geom-BOUNDS-map1">
          <float_array id="geom-BOUNDS-map1-array" count="36">0 0 0 1 0 0 0 1 0 1 1 0 0 0 0 1 0 0 0 1 0 1 1 0 0 0 0 1 0 0 0 1 0 1 1 0</float_array>
          <technique_common>
            <accessor source="#geom-BOUNDS-map1-array" count="12" stride="3">
              <param name="S" type="float"/>
              <param name="T" type="float"/>
              <param name="P" type="float"/>
            </accessor>
          </technique_common>
        </source>
        <vertices id="geom-BOUNDS-vertices">
          <input semantic="POSITION" source="#geom-BOUNDS-positions"/>
        </vertices>
        <triangles material="ShapeBounds" count="12">
          <input semantic="VERTEX" source="#geom-BOUNDS-vertices" offset="0"/>
          <input semantic="NORMAL" source="#geom-BOUNDS-normals" offset="1"/>
          <input semantic="TEXCOORD" source="#geom-BOUNDS-map1" offset="2" set="0"/>
          <p>0 0 9 2 1 11 3 2 10 3 2 10 1 3 8 0 0 9 4 4 8 5 5 9 7 6 11 7 6 11 6 7 10 4 4 8 0 8 4 1 9 5 5 10 7 5 10 7 4 11 6 0 8 4 1 12 0 3 13 1 7 14 3 7 14 3 5 15 2 1 12 0 3 16 4 2 17 5 6 18 7 6 18 7 7 19 6 3 16 4 2 20 0 0 21 1 4 22 3 4 22 3 6 23 2 2 20 0</p>
        </triangles>
      </mesh>
      <extra>
        <technique profile="OpenCOLLADA3dsMax">
          <max_box>
            <generateuvs>1</generateuvs>
            <height>1.84</height>
            <heightsegments>1</heightsegments>
            <length>0.85</length>
            <lengthsegments>1</lengthsegments>
            <width>0.85</width>
            <widthsegments>1</widthsegments>
          </max_box>
        </technique>
      </extra>
    </geometry>
  </library_geometries>
  <library_lights>
    <light id="EnvironmentAmbientLight" name="EnvironmentAmbientLight">
      <technique_common>
        <ambient>
          <color>0 0 0</color>
        </ambient>
      </technique_common>
    </light>
  </library_lights>
  <library_visual_scenes>
    <visual_scene id="MaxScene">
      <node name="EnvironmentAmbientLight">
        <instance_light url="#EnvironmentAmbientLight"/>
      </node>
      <node id="node-Bip01" name="Bip01">
        <matrix>0.4275097 -0.9029896 -0.04295846 -8.10623e-5 0.8993581 0.4200139 0.1214221 0.009366653 -0.09159968 -0.09054413 0.991671 0.8041388 0 0 0 1</matrix>
        <node id="node-Bip01_Pelvis" name="Bip01_Pelvis">
          <matrix>-0.009626739 0.991236 0.1317526 0 -0.1217413 -0.1319404 0.9837534 0 0.9925153 -0.006569393 0.1219445 0 0 0 0 1</matrix>
          <node id="node-Bip01_Spine" name="Bip01_Spine">
            <matrix>0.9916929 0.08133212 -0.09964906 0.1974927 -0.09817779 0.9791403 -0.177891 0.02499387 0.08310217 0.1861967 0.9789916 0.02778858 0 0 0 1</matrix>
            <node id="node-Bip01_Spine1" name="Bip01_Spine1">
              <matrix>0.9768806 -0.1934979 -0.09090089 0.1022495 0.1920003 0.9810759 -0.02502523 -9.91151e-5 0.09402299 0.0069937 0.9955455 -7.18981e-7 0 0 0 1</matrix>
              <node id="node-Bip01_Spine2" name="Bip01_Spine2">
                <matrix>0.9832345 -0.1803838 0.02667584 0.1268967 0.1810793 0.9831127 -0.02645702 -1.68338e-4 -0.02145293 0.030844 0.9992939 -5.26011e-6 0 0 0 1</matrix>
                <node id="node-Bip01_Neck" name="Bip01_Neck">
                  <matrix sid="matrix">0.9861597 0.1645168 0.02058663 0.2150744 -0.1640104 0.9861602 -0.0242639 -5.43296e-5 -0.02429355 0.02055159 0.9994936 -1.12504e-6 0 0 0 1</matrix>
                  <node id="node-Bip01_Head" name="Bip01_Head">
                    <matrix sid="matrix">0.6668321 0.7430204 -0.05705827 0.07051826 -0.7172719 0.6191819 -0.3195857 -0.0139592 -0.2021293 0.2540364 0.9458381 0 0 0 0 1</matrix>
                    <node id="node-ALTEYE" name="ALTEYE">
                      <matrix>0.4506335 0.3792479 0.8081464 0.06454694 0.04412806 0.8947042 -0.4444741 0.2214611 -0.8916174 0.2359568 0.3864483 0.04716265 0 0 0 1</matrix>
                    </node>
                  </node>
                  <node id="node-Bip01_L_Clavicle" name="Bip01_L_Clavicle">
                    <matrix sid="matrix">-0.5679789 0.164355 0.8064659 -0.0134958 -0.1223245 -0.9858332 0.1147585 -0.02419089 0.8139022 -0.03347009 0.5800372 0.0685524 0 0 0 1</matrix>
                    <node id="node-Bip01_L_UpperArm" name="Bip01_L_UpperArm">
                      <matrix>-0.356485 0.7596031 0.5439871 0.1824006 -0.9236805 -0.3740747 -0.08296146 2.98023e-8 0.1404739 -0.5320447 0.8349825 1.19209e-7 0 0 0 1</matrix>
                      <node id="node-Bip01_L_Forearm" name="Bip01_L_Forearm">
                        <matrix>0.7762361 0.6304424 -5.07571e-8 0.2843689 -0.6304423 0.776236 1.49012e-8 1.19209e-7 -2.98023e-8 0 0.9999999 0 0 0 0 1</matrix>
                        <node id="node-Bip01_L_Hand" name="Bip01_L_Hand">
                          <matrix>0.8439528 -0.1420992 0.5172542 0.2810681 -0.3432479 0.5979559 0.7243131 -5.96046e-8 -0.4122195 -0.7888325 0.4558713 0 0 0 0 1</matrix>
                          <node id="node-Bip01_L_Finger0" name="Bip01_L_Finger0">
                            <matrix>0.5215106 0.269013 0.8097275 0.02119684 0.7250716 0.3605264 -0.5867638 -0.004734278 -0.4497753 0.8931141 -0.007035494 -0.02572185 0 0 0 1</matrix>
                            <node id="node-Bip01_L_Finger01" name="Bip01_L_Finger01">
                              <matrix>0.6423535 -0.7636235 -0.0652757 0.04982853 0.7605615 0.6456372 -0.06854743 -2.98023e-8 0.09448883 -0.00561453 0.9955101 0 0 0 0 1</matrix>
                              <node id="node-Bip01_L_Finger02" name="Bip01_L_Finger02">
                                <matrix>0.9505157 -0.3106765 0 0.05202237 0.3106765 0.9505159 0 0 0 3.72529e-9 0.9999999 0 0 0 0 1</matrix>
                              </node>
                            </node>
                          </node>
                          <node id="node-Bip01_L_Finger1" name="Bip01_L_Finger1">
                            <matrix>0.6408503 -0.7640201 0.07472672 0.1199946 0.7674398 0.635257 -0.08651491 -0.008367538 0.01862847 0.1127914 0.9934441 -0.04101381 0 0 0 1</matrix>
                            <node id="node-Bip01_L_Finger11" name="Bip01_L_Finger11">
                              <matrix>0.8240547 -0.5665102 -4.65661e-9 0.03644174 0.5665101 0.8240546 -1.86265e-8 0 7.45058e-9 -1.86265e-9 0.9999999 0 0 0 0 1</matrix>
                              <node id="node-Bip01_L_Finger12" name="Bip01_L_Finger12">
                                <matrix>0.8146398 -0.5796779 -0.01831833 0.03117549 0.5799671 0.8142333 0.0257305 0 0 -0.03158512 0.999501 -5.96046e-8 0 0 0 1</matrix>
                              </node>
                            </node>
                          </node>
                          <node id="node-Bip01_L_Finger2" name="Bip01_L_Finger2">
                            <matrix>0.6754014 -0.7374504 1.52133e-4 0.1229539 0.7368312 0.6748428 0.04082682 -0.008802056 -0.03021043 -0.02746241 0.9991662 -0.01328257 0 0 0 1</matrix>
                            <node id="node-Bip01_L_Finger21" name="Bip01_L_Finger21">
                              <matrix>0.5508359 -0.8338859 0.0348487 0.0389552 0.832222 0.551937 0.05265063 -1.19209e-7 -0.06313889 7.45058e-9 0.9980047 1.49012e-7 0 0 0 1</matrix>
                              <node id="node-Bip01_L_Finger22" name="Bip01_L_Finger22">
                                <matrix>0.1984735 -0.9799247 -0.01886614 0.03800535 0.9755272 0.1993679 -0.09272984 0 0.09462958 1.49012e-8 0.9955125 0 0 0 0 1</matrix>
                              </node>
                            </node>
                          </node>
                          <node id="node-Bip01_L_Finger3" name="Bip01_L_Finger3">
                            <matrix>0.7159052 -0.6949216 -0.06755453 0.121188 0.6883786 0.6863562 0.234627 -0.001191258 -0.1166809 -0.2144738 0.9697353 0.01196864 0 0 0 1</matrix>
                            <node id="node-Bip01_L_Finger31" name="Bip01_L_Finger31">
                              <matrix>0.4441953 -0.8949346 -0.04222351 0.03155845 0.8909186 0.4461977 -0.08468729 0 0.09462962 0 0.9955126 -1.19209e-7 0 0 0 1</matrix>
                              <node id="node-Bip01_L_Finger32" name="Bip01_L_Finger32">
                                <matrix>0.1993681 -0.9794358 0.03095099 0.0336659 0.9799247 0.1992686 -0.006297067 0 0 0.03158511 0.9995012 0 0 0 0 1</matrix>
                              </node>
                            </node>
                          </node>
                          <node id="node-Bip01_L_Finger4" name="Bip01_L_Finger4">
                            <matrix>0.5925791 -0.7897949 0.1583476 0.1136798 0.7783523 0.6120424 0.1399001 0.005147457 -0.2074078 0.04034831 0.9774221 0.03886572 0 0 0 1</matrix>
                            <node id="node-Bip01_L_Finger41" name="Bip01_L_Finger41">
                              <matrix>0.4202555 -0.9064696 -0.04120623 0.03661618 0.9068531 0.4211511 -0.0157878 -1.19209e-7 0.0316652 -0.03073304 0.999026 8.9407e-8 0 0 0 1</matrix>
                              <node id="node-Bip01_L_Finger42" name="Bip01_L_Finger42">
                                <matrix>0.402447 -0.9138246 0.05441482 0.0177263 0.9154231 0.4021218 -0.01728319 -5.96046e-8 -0.006087601 0.05676819 0.9983688 -8.9407e-8 0 0 0 1</matrix>
                              </node>
                            </node>
                          </node>
                        </node>
                      </node>
                    </node>
                  </node>
                  <node id="node-Bip01_R_Clavicle" name="Bip01_R_Clavicle">
                    <matrix sid="matrix">-0.3893739 0.1514006 -0.9085514 -0.01017511 0.4209443 -0.8481125 -0.3217313 -0.0269998 -0.8192642 -0.5077234 0.2665017 -0.068073 0 0 0 1</matrix>
                    <node id="node-Bip01_R_UpperArm" name="Bip01_R_UpperArm">
                      <matrix>0.7005728 -0.04837947 -0.7119393 0.1824006 -0.6460729 0.3805888 -0.6616208 -2.98023e-8 0.302965 0.9234781 0.2353735 1.19209e-7 0 0 0 1</matrix>
                      <node id="node-Bip01_R_Forearm" name="Bip01_R_Forearm">
                        <matrix>-0.1981755 0.9801666 1.49012e-8 0.2843688 -0.9801667 -0.1981755 1.49012e-8 0 1.49012e-8 2.98023e-8 1 2.98023e-8 0 0 0 1</matrix>
                        <node id="node-Bip01_R_Hand" name="Bip01_R_Hand">
                          <matrix>0.8251114 -0.2495066 -0.5068903 0.2810681 -0.5635475 -0.299842 -0.7697462 2.98023e-8 0.0400698 0.920783 -0.3880119 0 0 0 0 1</matrix>
                          <node id="node-Bip01_R_Finger0" name="Bip01_R_Finger0">
                            <matrix>0.5215106 0.269013 -0.8097275 0.02119672 0.7250716 0.3605264 0.5867639 -0.004734159 0.4497754 -0.8931141 -0.007035479 0.02572186 0 0 0 1</matrix>
                            <node id="node-Bip01_R_Finger01" name="Bip01_R_Finger01">
                              <matrix>0.6423535 -0.7636237 0.06527561 0.04982853 0.7605616 0.6456372 0.06854742 5.96046e-8 -0.09448877 0.005614489 0.99551 1.19209e-7 0 0 0 1</matrix>
                              <node id="node-Bip01_R_Finger02" name="Bip01_R_Finger02">
                                <matrix>0.9505157 -0.3106764 0 0.05202234 0.3106765 0.9505159 0 0 -5.96046e-8 -2.98023e-8 1 0 0 0 0 1</matrix>
                              </node>
                            </node>
                          </node>
                          <node id="node-Bip01_R_Finger1" name="Bip01_R_Finger1">
                            <matrix>0.9820225 -0.1733428 -0.07472672 0.1199948 0.1795577 0.9799359 0.08651493 -0.008367598 0.05823064 -0.09837735 0.9934441 0.0410139 0 0 0 1</matrix>
                            <node id="node-Bip01_R_Finger11" name="Bip01_R_Finger11">
                              <matrix>0.8240547 -0.5665103 -2.23517e-8 0.03644156 0.5665102 0.8240547 -1.86265e-9 0 -1.49012e-8 7.45058e-9 1 -2.98023e-8 0 0 0 1</matrix>
                              <node id="node-Bip01_R_Finger12" name="Bip01_R_Finger12">
                                <matrix>0.8146398 -0.5796779 0.01831833 0.03117549 0.5799671 0.8142334 -0.0257305 0 5.8877e-8 0.03158513 0.999501 -5.96046e-8 0 0 0 1</matrix>
                              </node>
                            </node>
                          </node>
                          <node id="node-Bip01_R_Finger2" name="Bip01_R_Finger2">
                            <matrix>0.6754013 -0.7374504 -1.52126e-4 0.1229539 0.7368313 0.6748428 -0.04082686 -0.008802116 0.03021042 0.02746242 0.9991663 0.01328245 0 0 0 1</matrix>
                            <node id="node-Bip01_R_Finger21" name="Bip01_R_Finger21">
                              <matrix>0.5508358 -0.8338858 -0.03484869 0.03895503 0.8322219 0.551937 -0.05265062 2.38419e-7 0.06313888 -2.98023e-8 0.9980046 -5.96046e-8 0 0 0 1</matrix>
                              <node id="node-Bip01_R_Finger22" name="Bip01_R_Finger22">
                                <matrix>0.1984735 -0.9799247 0.01886613 0.03800535 0.9755273 0.1993681 0.09272987 0 -0.09462956 -7.45058e-9 0.9955127 0 0 0 0 1</matrix>
                              </node>
                            </node>
                          </node>
                          <node id="node-Bip01_R_Finger3" name="Bip01_R_Finger3">
                            <matrix>0.7159052 -0.6949216 0.06755459 0.1211882 0.6883785 0.6863562 -0.234627 -0.001191258 0.1166809 0.2144738 0.9697353 -0.01196867 0 0 0 1</matrix>
                            <node id="node-Bip01_R_Finger31" name="Bip01_R_Finger31">
                              <matrix>0.4441952 -0.8949345 0.04222349 0.03155845 0.8909186 0.4461976 0.08468729 0 -0.09462958 0 0.9955126 -5.96046e-8 0 0 0 1</matrix>
                              <node id="node-Bip01_R_Finger32" name="Bip01_R_Finger32">
                                <matrix>0.1993681 -0.9794358 -0.03095102 0.03366596 0.9799248 0.1992685 0.006297082 -1.19209e-7 0 -0.03158511 0.9995011 0 0 0 0 1</matrix>
                              </node>
                            </node>
                          </node>
                          <node id="node-Bip01_R_Finger4" name="Bip01_R_Finger4">
                            <matrix>0.5925791 -0.789795 -0.1583476 0.1136795 0.7783522 0.6120424 -0.1399001 0.005147398 0.2074078 -0.0403483 0.9774221 -0.0388658 0 0 0 1</matrix>
                            <node id="node-Bip01_R_Finger41" name="Bip01_R_Finger41">
                              <matrix>0.4202556 -0.9064697 0.04120623 0.0366163 0.9068531 0.421151 0.01578782 -1.19209e-7 -0.03166523 0.03073302 0.9990259 -2.98023e-8 0 0 0 1</matrix>
                              <node id="node-Bip01_R_Finger42" name="Bip01_R_Finger42">
                                <matrix>0.4024471 -0.9138246 -0.05441485 0.01772642 0.9154232 0.4021218 0.01728316 -1.19209e-7 0.006087631 -0.05676818 0.9983689 -2.98023e-8 0 0 0 1</matrix>
                              </node>
                            </node>
                          </node>
                          <node id="node-MOUNT0" name="MOUNT0">
                            <matrix>-6.10948e-7 1 -1.19209e-7 0.1095392 -0.9999999 -6.70552e-7 4.60073e-7 0.0251826 5.02914e-7 1.3411e-7 0.9999999 0.01321673 0 0 0 1</matrix>
                          </node>
                        </node>
                      </node>
                    </node>
                  </node>
                </node>
                <node id="node-Bip01_L_Pauldron_Upper" name="Bip01_L_Pauldron_Upper">
                  <matrix>0.729197 -0.277326 0.6255901 0.176903 -0.550475 -0.7808025 0.2955091 -0.03908369 0.4065099 -0.5598561 -0.7220195 0.2290198 0 0 0 1</matrix>
                </node>
                <node id="node-Bip01_R_Pauldron_Lower" name="Bip01_R_Pauldron_Lower">
                  <matrix>-0.1156736 -0.9403759 -0.3198659 0.1729062 0.9097754 -0.2295511 0.3458562 -0.1133294 -0.3986601 -0.2509994 0.882083 -0.2351095 0 0 0 1</matrix>
                </node>
                <node id="node-Bip01_L_Pauldron_Lower" name="Bip01_L_Pauldron_Lower">
                  <matrix>-0.2099971 -0.7687203 0.6041288 0.1529204 0.4002345 -0.6313514 -0.6642357 -0.1054225 0.892028 0.1023056 0.4402495 0.2344799 0 0 0 1</matrix>
                </node>
              </node>
            </node>
            <node id="node-Bip01_L_Thigh" name="Bip01_L_Thigh">
              <matrix>-0.6483015 0.7584795 -0.06643833 -0.1851133 0.6778259 0.6146961 0.4033618 -0.02197147 0.346781 0.2164665 -0.9126256 0.1217295 0 0 0 1</matrix>
              <node id="node-Bip01_L_Calf" name="Bip01_L_Calf">
                <matrix>0.4231255 0.9060712 -3.25963e-9 0.4629988 -0.9060711 0.4231256 4.65661e-10 -5.96046e-8 -3.25963e-9 -5.12227e-9 1 0 0 0 0 1</matrix>
                <node id="node-Bip01_L_Foot" name="Bip01_L_Foot">
                  <matrix>0.961379 -0.2752251 -0.001316667 0.3610501 0.2752278 0.9613587 0.00623447 -2.98023e-8 -4.50091e-4 -0.006356037 0.9999797 -7.45058e-9 0 0 0 1</matrix>
                  <node id="node-Bip01_L_Toe0" name="Bip01_L_Toe0">
                    <matrix>3.44589e-7 -0.9999999 1.08918e-6 0.1486306 0.9999999 3.44589e-7 -5.28831e-7 0.1543274 5.27005e-7 1.08872e-6 0.9999999 0 0 0 0 1</matrix>
                  </node>
                </node>
              </node>
            </node>
            <node id="node-Bip01_R_Thigh" name="Bip01_R_Thigh">
              <matrix>-0.9799 -0.0885732 0.1787482 -0.2063017 -0.06145131 0.9864774 0.1519418 -0.06944689 -0.189789 0.1379035 -0.9720922 -0.1278868 0 0 0 1</matrix>
              <node id="node-Bip01_R_Calf" name="Bip01_R_Calf">
                <matrix>0.539521 0.8419724 0 0.4629988 -0.8419722 0.5395209 1.11759e-8 0 -1.49012e-8 -1.49012e-8 1 0 0 0 0 1</matrix>
                <node id="node-Bip01_R_Foot" name="Bip01_R_Foot">
                  <matrix sid="matrix">0.6743538 -0.7378122 0.02965886 0.3610501 0.7340377 0.6741852 0.08162631 0 -0.08022046 -0.03327434 0.9962214 -2.98023e-8 0 0 0 1</matrix>
                  <node id="node-Bip01_R_Toe0" name="Bip01_R_Toe0">
                    <matrix sid="matrix">-0.1805796 -0.9786917 0.09774293 0.1486307 0.9833319 -0.1817864 -0.003511531 0.1543275 0.02120501 0.09547963 0.9952056 0 0 0 0 1</matrix>
                  </node>
                </node>
              </node>
            </node>
          </node>
          <node id="node-Bip01_FannyPack" name="Bip01_FannyPack">
            <matrix>-0.9629914 -0.2062315 0.1735378 0.2299506 -0.2083319 0.9780381 0.00622665 -0.1378937 -0.1710107 -0.03015668 -0.9848072 0.01013958 0 0 0 1</matrix>
          </node>
        </node>
        <node id="node-EYE" name="EYE">
          <matrix>0.4275096 0.8993576 -0.0915998 0.01646331 -0.9029894 0.4200138 -0.09054396 -0.03313185 -0.04295847 0.1214217 0.9916704 0.7710661 0 0 0 1</matrix>
          <node id="node-CAM" name="CAM">
            <matrix>1 -6.03104e-8 0 4.84288e-8 6.03104e-8 1 -2.32831e-9 -0.104 0 2.32828e-9 1 0.30056 0 0 0 1</matrix>
          </node>
        </node>
      </node>
      <node id="node-BOUNDS" name="BOUNDS">
        <matrix>0.9999915 0.001706907 0.00375048 0 -0.001711356 0.9999978 0.001183292 0.1035326 -0.003748452 -0.0011897 0.9999923 -8.93474e-5 0 0 0 1</matrix>
        <instance_geometry url="#geom-BOUNDS">
          <bind_material>
            <technique_common>
              <instance_material symbol="ShapeBounds" target="#ShapeBounds-material"/>
            </technique_common>
          </bind_material>
        </instance_geometry>
      </node>
    </visual_scene>
  </library_visual_scenes>
  <library_animations>
    <animation>
      <source id="node-Bip01_Neck_matrix-input">
        <float_array id="node-Bip01_Neck_matrix-input-array" count="21">49.66667 49.7 49.73333 49.76667 49.8 49.83333 49.86666 49.9 49.93333 49.96667 50 50.03333 50.06667 50.1 50.13334 50.16667 50.2 50.23333 50.26667 50.3 50.33333</float_array>
        <technique_common>
          <accessor source="#node-Bip01_Neck_matrix-input-array" count="21" stride="1">
            <param name="TIME" type="float"/>
          </accessor>
        </technique_common>
      </source>
      <source id="node-Bip01_Neck_matrix-output">
        <float_array id="node-Bip01_Neck_matrix-output-array" count="336">0.9861597 0.1645168 0.0205866 0.2150744 -0.1640104 0.9861602 -0.02426385 -5.43296e-5 -0.02429354 0.02055156 0.9994936 -1.12504e-6 0 0 0 1 0.9876391 0.1553876 0.0205866 0.2150747 -0.1548812 0.9876352 -0.02426385 -5.4419e-5 -0.02410238 0.02077537 0.9994935 -1.15484e-6 0 0 0 1 0.9913908 0.129308 0.02058655 0.2150762 -0.1288019 0.9913735 -0.02426385 -5.46575e-5 -0.02354645 0.02140337 0.9994937 -1.19209e-6 0 0 0 1 0.99589 0.08820086 0.02058643 0.2150784 -0.08769589 0.9958518 -0.02426385 -5.48959e-5 -0.02264112 0.02235871 0.9994936 -1.2219e-6 0 0 0 1 0.9992085 0.0340408 0.02058625 0.2150814 -0.03353875 0.999143 -0.02426385 -5.50747e-5 -0.02139455 0.0235542 0.9994937 -1.2964e-6 0 0 0 1 0.9993064 -0.03103452 0.02058607 0.2150851 0.03153139 0.9992085 -0.02426385 -5.50449e-5 -0.01981675 0.02489602 0.9994937 -1.37836e-6 0 0 0 1 0.9942952 -0.1046593 0.02058589 0.2150893 0.1051474 0.9941607 -0.02426385 -5.47767e-5 -0.01792621 0.02628993 0.9994937 -1.45286e-6 0 0 0 1 0.9826667 -0.1842349 0.02058565 0.2150934 0.1847108 0.9824935 -0.02426385 -5.41806e-5 -0.01575499 0.0276457 0.9994936 -1.51247e-6 0 0 0 1 0.9634786 -0.2669936 0.02058541 0.215098 0.267453 0.9632654 -0.02426391 -5.31077e-5 -0.0133509 0.02888339 0.9994937 -1.58697e-6 0 0 0 1 0.9364811 -0.3501139 0.02058517 0.2151026 0.3505527 0.9362288 -0.02426397 -5.15878e-5 -0.01077729 0.02993899 0.9994937 -1.65403e-6 0 0 0 1 0.9021776 -0.4308736 0.02058494 0.2151072 0.4312888 0.9018877 -0.02426409 -4.97401e-5 -0.008110582 0.03076863 0.9994937 -1.70618e-6 0 0 0 1 0.8658524 -0.4998762 0.02058476 0.2151108 0.5002674 0.865531 -0.02426421 -4.76837e-5 -0.005687654 0.0313071 0.9994936 -1.72853e-6 0 0 0 1 0.833817 -0.5516574 0.02058464 0.2151137 0.5520282 0.8334724 -0.02426427 -4.60148e-5 -0.003771126 0.03159528 0.9994937 -1.75834e-6 0 0 0 1 0.8076254 -0.5893368 0.02058452 0.2151159 0.5896915 0.8072641 -0.02426433 -4.45843e-5 -0.002317249 0.03173506 0.9994936 -1.75834e-6 0 0 0 1 0.7877493 -0.6156523 0.02058446 0.2151173 0.6159951 0.7873764 -0.02426445 -4.34518e-5 -0.001269161 0.03179419 0.9994937 -1.75834e-6 0 0 0 1 0.7739105 -0.6329606 0.0205844 0.2151182 0.6332949 0.7735303 -0.02426439 -4.26471e-5 -5.64206e-4 0.03181451 0.9994937 -1.75834e-6 0 0 0 1 0.7653345 -0.6433038 0.0205844 0.2151188 0.643633 0.7649498 -0.02426445 -4.21405e-5 -1.36588e-4 0.03181922 0.9994937 -1.75834e-6 0 0 0 1 0.7609381 -0.6484982 0.02058434 0.215119 0.6488247 0.760551 -0.02426445 -4.19617e-5 8.00453e-5 0.03181946 0.9994936 -1.74344e-6 0 0 0 1 0.7594646 -0.650223 0.02058434 0.2151192 0.6505486 0.7590771 -0.02426445 -4.18425e-5 1.52219e-4 0.03181922 0.9994937 -1.75089e-6 0 0 0 1 0.7595781 -0.6500905 0.02058434 0.2151192 0.6504163 0.7591904 -0.02426445 -4.18127e-5 1.4668e-4 0.03181916 0.9994937 -1.73599e-6 0 0 0 1 0.7599185 -0.6496928 0.02058434 0.2151192 0.6500186 0.759531 -0.02426445 -4.19021e-5 1.29968e-4 0.03181928 0.9994937 -1.75834e-6 0 0 0 1</float_array>
        <technique_common>
          <accessor source="#node-Bip01_Neck_matrix-output-array" count="21" stride="16">
            <param name="TRANSFORM" type="float4x4"/>
          </accessor>
        </technique_common>
      </source>
      <source id="node-Bip01_Neck_matrix-interpolation">
        <Name_array id="node-Bip01_Neck_matrix-interpolation-array" count="21">LINEAR LINEAR LINEAR LINEAR LINEAR LINEAR LINEAR LINEAR LINEAR LINEAR LINEAR LINEAR LINEAR LINEAR LINEAR LINEAR LINEAR LINEAR LINEAR LINEAR LINEAR</Name_array>
        <technique_common>
          <accessor source="#node-Bip01_Neck_matrix-interpolation-array" count="21" stride="1">
            <param name="INTERPOLATION" type="name"/>
          </accessor>
        </technique_common>
      </source>
      <source id="node-Bip01_Head_matrix-input">
        <float_array id="node-Bip01_Head_matrix-input-array" count="21">49.66667 49.7 49.73333 49.76667 49.8 49.83333 49.86666 49.9 49.93333 49.96667 50 50.03333 50.06667 50.1 50.13334 50.16667 50.2 50.23333 50.26667 50.3 50.33333</float_array>
        <technique_common>
          <accessor source="#node-Bip01_Head_matrix-input-array" count="21" stride="1">
            <param name="TIME" type="float"/>
          </accessor>
        </technique_common>
      </source>
      <source id="node-Bip01_Head_matrix-output">
        <float_array id="node-Bip01_Head_matrix-output-array" count="336">0.6668321 0.7430204 -0.05705827 0.07051825 -0.7172719 0.6191819 -0.3195858 -0.01395916 -0.2021293 0.2540364 0.9458381 0 0 0 0 1 0.6672605 0.7424027 -0.06001204 0.07051825 -0.7175527 0.6191356 -0.3190442 -0.01395916 -0.1997038 0.2559475 0.9458381 0 0 0 0 1 0.6692389 0.7398927 -0.06839841 0.07051801 -0.717703 0.6198307 -0.3173521 -0.0139591 -0.192411 0.2614741 0.9458381 0 0 0 0 1 0.673733 0.7344712 -0.08146321 0.07051813 -0.7166944 0.622571 -0.3142519 -0.01395916 -0.1800924 0.2701061 0.9458382 0 0 0 0 1 0.6816006 0.7250789 -0.09839236 0.07051825 -0.713462 0.628699 -0.3093694 -0.01395916 -0.1624581 0.2810656 0.9458382 0 0 0 0 1 0.6935671 0.7106107 -0.1183099 0.07051813 -0.7068227 0.6395376 -0.302313 -0.01395916 -0.1391633 0.2932986 0.9458383 0 0 0 0 1 0.7101874 0.6898937 -0.1402863 0.07051801 -0.6953809 0.6563041 -0.2927628 -0.01395916 -0.1099047 0.305469 0.9458382 0 0 0 0 1 0.731799 0.6616515 -0.1633626 0.07051813 -0.6774324 0.6799871 -0.2805402 -0.01395916 -0.07453531 0.3159662 0.9458383 0 0 0 0 1 0.7584519 0.6244475 -0.1865894 0.07051813 -0.6508831 0.7111799 -0.2656584 -0.01395905 -0.03319114 0.3229371 0.9458383 0 0 0 0 1 0.7898062 0.576622 -0.2090765 0.07051825 -0.6132059 0.7498675 -0.2483484 -0.01395922 0.0135765 0.3243542 0.9458384 0 0 0 0 1 0.8249742 0.5162329 -0.2300459 0.07051813 -0.5614573 0.7951709 -0.2290605 -0.01395922 0.06467735 0.31813 0.9458385 0 0 0 0 1 0.8589731 0.4483949 -0.2471988 0.07051813 -0.4993032 0.8404843 -0.2104344 -0.01395916 0.1134089 0.3041847 0.9458386 0 0 0 0 1 0.8875843 0.3805619 -0.2595505 0.07051819 -0.4341167 0.8794993 -0.1949959 -0.01395916 0.1540665 0.2857505 0.9458384 0 0 0 0 1 0.9106705 0.3142202 -0.2682248 0.07051819 -0.3683755 0.9115119 -0.1828806 -0.01395928 0.1870254 0.2653515 0.9458384 0 0 0 0 1 0.9283565 0.2510321 -0.2741107 0.07051813 -0.3045826 0.9364699 -0.1739348 -0.01395916 0.2130331 0.2449629 0.9458385 0 0 0 0 1 0.9410694 0.1927707 -0.2778986 0.07051819 -0.2451502 0.9548502 -0.1678166 -0.01395916 0.2330014 0.2260539 0.9458383 0 0 0 0 1 0.9495137 0.1412492 -0.2801288 0.07051813 -0.1923311 0.9675178 -0.1640668 -0.01395905 0.2478553 0.2096612 0.9458383 0 0 0 0 1 0.9545944 0.09825468 -0.2812392 0.07051813 -0.1481879 0.9755746 -0.1621564 -0.01395916 0.2584372 0.1964698 0.9458383 0 0 0 0 1 0.9572905 0.06551659 -0.2816065 0.07051819 -0.1145978 0.9801935 -0.1615177 -0.01395905 0.2654468 0.1868909 0.9458383 0 0 0 0 1 0.9584966 0.04469728 -0.2815784 0.07051819 -0.09327781 0.9824436 -0.1615669 -0.01395916 0.2694132 0.1811262 0.9458383 0 0 0 0 1 0.9588336 0.03740626 -0.2814938 0.07051819 -0.08582866 0.9830979 -0.1617143 -0.01395905 0.2706869 0.1792174 0.9458382 0 0 0 0 1</float_array>
        <technique_common>
          <accessor source="#node-Bip01_Head_matrix-output-array" count="21" stride="16">
            <param name="TRANSFORM" type="float4x4"/>
          </accessor>
        </technique_common>
      </source>
      <source id="node-Bip01_Head_matrix-interpolation">
        <Name_array id="node-Bip01_Head_matrix-interpolation-array" count="21">LINEAR LINEAR LINEAR LINEAR LINEAR LINEAR LINEAR LINEAR LINEAR LINEAR LINEAR LINEAR LINEAR LINEAR LINEAR LINEAR LINEAR LINEAR LINEAR LINEAR LINEAR</Name_array>
        <technique_common>
          <accessor source="#node-Bip01_Head_matrix-interpolation-array" count="21" stride="1">
            <param name="INTERPOLATION" type="name"/>
          </accessor>
        </technique_common>
      </source>
      <source id="node-Bip01_L_Clavicle_matrix-input">
        <float_array id="node-Bip01_L_Clavicle_matrix-input-array" count="21">49.66667 49.7 49.73333 49.76667 49.8 49.83333 49.86666 49.9 49.93333 49.96667 50 50.03333 50.06667 50.1 50.13334 50.16667 50.2 50.23333 50.26667 50.3 50.33333</float_array>
        <technique_common>
          <accessor source="#node-Bip01_L_Clavicle_matrix-input-array" count="21" stride="1">
            <param name="TIME" type="float"/>
          </accessor>
        </technique_common>
      </source>
      <source id="node-Bip01_L_Clavicle_matrix-output">
        <float_array id="node-Bip01_L_Clavicle_matrix-output-array" count="336">-0.5679789 0.1643549 0.8064659 -0.0134958 -0.1223244 -0.9858332 0.1147585 -0.02419084 0.8139022 -0.03347009 0.5800372 0.06855237 0 0 0 1 -0.5690861 0.1552288 0.807493 -0.01371943 -0.1170653 -0.9873113 0.1072937 -0.02406501 0.8139022 -0.03347009 0.5800371 0.06855237 0 0 0 1 -0.5719733 0.1291579 0.8100401 -0.01435029 -0.1020285 -0.9910591 0.08597785 -0.02369505 0.8139023 -0.03347009 0.5800371 0.06855237 0 0 0 1 -0.5757031 0.08806455 0.8129026 -0.01532018 -0.07828867 -0.9955522 0.05240708 -0.0230813 0.8139023 -0.03347009 0.5800369 0.06855237 0 0 0 1 -0.5791024 0.03392308 0.8145487 -0.01655268 -0.04693967 -0.9988637 0.008227407 -0.02221608 0.8139024 -0.03347009 0.5800368 0.06855237 0 0 0 1 -0.5809292 -0.03112965 0.8133586 -0.0179665 -0.009166836 -0.9989547 -0.04478025 -0.02109205 0.8139026 -0.03347015 0.5800368 0.06855237 0 0 0 1 -0.5800227 -0.1047281 0.8078401 -0.0194776 0.03370755 -0.9939373 -0.1046519 -0.01970922 0.8139025 -0.03347015 0.5800365 0.06855237 0 0 0 1 -0.575437 -0.1842749 0.7968155 -0.02100288 0.08021664 -0.9823046 -0.1692418 -0.01807987 0.8139027 -0.03347003 0.5800363 0.06855237 0 0 0 1 -0.5665493 -0.2670027 0.7795712 -0.02246665 0.1287789 -0.9631144 -0.2362766 -0.01623129 0.8139029 -0.03347003 0.5800362 0.06855237 0 0 0 1 -0.5531384 -0.3500911 0.755959 -0.02380311 0.1777634 -0.9361174 -0.3034536 -0.01420706 0.813903 -0.03346991 0.580036 0.06855237 0 0 0 1 -0.5354222 -0.430819 0.726442 -0.02496194 0.2255765 -0.9018175 -0.3685654 -0.01206523 0.8139031 -0.03346979 0.5800358 0.06855243 0 0 0 1 -0.5162127 -0.4997937 0.6955075 -0.0258305 0.2666196 -0.8654975 -0.4240612 -0.01008296 0.8139033 -0.03346973 0.5800357 0.06855243 0 0 0 1 -0.4990249 -0.5515534 0.6684033 -0.02639985 0.2975493 -0.8334677 -0.4656133 -0.008491635 0.8139033 -0.03346961 0.5800355 0.06855243 0 0 0 1 -0.4848457 -0.589217 0.6463342 -0.02676415 0.3201342 -0.8072811 -0.4957933 -0.007271051 0.8139034 -0.03346949 0.5800354 0.06855243 0 0 0 1 -0.4740236 -0.6155211 0.6296309 -0.02699124 0.3359506 -0.7874093 -0.5168401 -0.006384491 0.8139035 -0.03346943 0.5800353 0.06855243 0 0 0 1 -0.4664611 -0.6328219 0.6180211 -0.02712726 0.3463742 -0.7735735 -0.5306681 -0.005784749 0.8139035 -0.03346937 0.5800353 0.06855243 0 0 0 1 -0.4617643 -0.6431606 0.610834 -0.02720332 0.3526116 -0.7649994 -0.5389257 -0.005419611 0.8139035 -0.03346943 0.5800354 0.06855243 0 0 0 1 -0.4593535 -0.6483528 0.6071515 -0.02723997 0.3557465 -0.760604 -0.5430709 -0.005234479 0.8139035 -0.03346937 0.5800353 0.06855243 0 0 0 1 -0.4585452 -0.6500769 0.6059178 -0.02725183 0.3567878 -0.7591308 -0.5444471 -0.005172491 0.8139035 -0.03346937 0.5800353 0.06855243 0 0 0 1 -0.4586074 -0.6499444 0.6060128 -0.02725088 0.3567078 -0.7592443 -0.5443414 -0.005177378 0.8139036 -0.03346937 0.5800353 0.06855243 0 0 0 1 -0.458794 -0.6495467 0.6062976 -0.02724826 0.3564675 -0.7595844 -0.5440238 -0.005191445 0.8139035 -0.03346937 0.5800353 0.06855243 0 0 0 1</float_array>
        <technique_common>
          <accessor source="#node-Bip01_L_Clavicle_matrix-output-array" count="21" stride="16">
            <param name="TRANSFORM" type="float4x4"/>
          </accessor>
        </technique_common>
      </source>
      <source id="node-Bip01_L_Clavicle_matrix-interpolation">
        <Name_array id="node-Bip01_L_Clavicle_matrix-interpolation-array" count="21">LINEAR LINEAR LINEAR LINEAR LINEAR LINEAR LINEAR LINEAR LINEAR LINEAR LINEAR LINEAR LINEAR LINEAR LINEAR LINEAR LINEAR LINEAR LINEAR LINEAR LINEAR</Name_array>
        <technique_common>
          <accessor source="#node-Bip01_L_Clavicle_matrix-interpolation-array" count="21" stride="1">
            <param name="INTERPOLATION" type="name"/>
          </accessor>
        </technique_common>
      </source>
      <source id="node-Bip01_R_Clavicle_matrix-input">
        <float_array id="node-Bip01_R_Clavicle_matrix-input-array" count="21">49.66667 49.7 49.73333 49.76667 49.8 49.83333 49.86666 49.9 49.93333 49.96667 50 50.03333 50.06667 50.1 50.13334 50.16667 50.2 50.23333 50.26667 50.3 50.33333</float_array>
        <technique_common>
          <accessor source="#node-Bip01_R_Clavicle_matrix-input-array" count="21" stride="1">
            <param name="TIME" type="float"/>
          </accessor>
        </technique_common>
      </source>
      <source id="node-Bip01_R_Clavicle_matrix-output">
        <float_array id="node-Bip01_R_Clavicle_matrix-output-array" count="336">-0.3893739 0.1514006 -0.9085514 -0.0101751 0.4209443 -0.8481125 -0.3217313 -0.02699977 -0.8192642 -0.5077234 0.2665017 -0.06807297 0 0 0 1 -0.3854635 0.1435489 -0.9114885 -0.01042485 0.424528 -0.8494768 -0.3133133 -0.02690446 -0.8192642 -0.5077234 0.2665017 -0.06807297 0 0 0 1 -0.3741428 0.1211141 -0.9194284 -0.01113176 0.4345381 -0.8529644 -0.2891855 -0.02662038 -0.8192642 -0.5077234 0.2665019 -0.06807297 0 0 0 1 -0.3558536 0.08573824 -0.9306005 -0.01222538 0.4496382 -0.8572432 -0.2509174 -0.02613729 -0.8192642 -0.5077234 0.266502 -0.06807303 0 0 0 1 -0.3309353 0.0391038 -0.9428428 -0.01362824 0.4682822 -0.8606321 -0.2000599 -0.02543544 -0.8192641 -0.5077235 0.2665021 -0.06807303 0 0 0 1 -0.2997705 -0.01696735 -0.9538604 -0.01525783 0.4888191 -0.8613529 -0.1382997 -0.02449482 -0.8192641 -0.5077235 0.2665023 -0.06807297 0 0 0 1 -0.2628986 -0.080455 -0.961463 -0.01702713 0.5095987 -0.857755 -0.06756585 -0.02330255 -0.8192639 -0.5077234 0.2665024 -0.06807297 0 0 0 1 -0.2210903 -0.1491351 -0.963783 -0.01884925 0.52908 -0.8485139 0.009928226 -0.02185845 -0.8192639 -0.5077234 0.2665026 -0.06807297 0 0 0 1 -0.1753759 -0.2206315 -0.9594606 -0.02064168 0.5459396 -0.8327897 0.09171295 -0.02017915 -0.8192638 -0.5077233 0.2665029 -0.06807297 0 0 0 1 -0.1270295 -0.2925161 -0.9477857 -0.0223298 0.5591692 -0.8103403 0.1751518 -0.01829916 -0.8192638 -0.5077232 0.266503 -0.06807297 0 0 0 1 -0.07751405 -0.3624381 -0.9287789 -0.02385306 0.5681535 -0.7815726 0.2575767 -0.01627075 -0.8192638 -0.5077232 0.2665033 -0.06807297 0 0 0 1 -0.03299814 -0.4222493 -0.9058789 -0.0250529 0.5724666 -0.750948 0.3291795 -0.01436197 -0.8192639 -0.5077232 0.2665035 -0.06807297 0 0 0 1 0.001911401 -0.4671798 -0.8841603 -0.02588415 0.5734136 -0.723851 0.3837138 -0.01281023 -0.8192638 -0.507723 0.2665036 -0.06807291 0 0 0 1 0.02822095 -0.4999023 -0.8656218 -0.02644723 0.5727219 -0.7016515 0.4238803 -0.01160883 -0.8192638 -0.5077229 0.2665038 -0.06807291 0 0 0 1 0.04709434 -0.5227714 -0.8511709 -0.0268175 0.5714796 -0.6847828 0.4521985 -0.01073026 -0.8192638 -0.5077229 0.2665039 -0.06807291 0 0 0 1 0.05974882 -0.5378205 -0.8409394 -0.02704995 0.5702954 -0.6730279 0.4709526 -0.01013326 -0.8192638 -0.5077229 0.2665039 -0.06807291 0 0 0 1 0.06740742 -0.5468165 -0.8345345 -0.02718442 0.569441 -0.6657395 0.4822112 -0.009768843 -0.8192638 -0.5077229 0.2665039 -0.06807297 0 0 0 1 0.07128185 -0.5513353 -0.8312329 -0.02725064 0.568969 -0.6620022 0.4878804 -0.009583592 -0.8192638 -0.5077229 0.266504 -0.06807291 0 0 0 1 0.07257258 -0.5528359 -0.8301239 -0.02727246 0.5688058 -0.6607494 0.4897652 -0.009521722 -0.8192639 -0.5077229 0.2665039 -0.06807291 0 0 0 1 0.07247328 -0.5527206 -0.8302093 -0.02727079 0.5688185 -0.6608459 0.4896204 -0.009526491 -0.8192638 -0.5077229 0.2665041 -0.06807297 0 0 0 1 0.0721755 -0.5523745 -0.8304654 -0.02726584 0.5688562 -0.6611352 0.4891854 -0.009540677 -0.8192638 -0.5077228 0.2665039 -0.06807291 0 0 0 1</float_array>
        <technique_common>
          <accessor source="#node-Bip01_R_Clavicle_matrix-output-array" count="21" stride="16">
