<?xml version="1.0" encoding="utf-8"?>
<COLLADA xmlns="http://www.collada.org/2005/11/COLLADASchema" version="1.4.1">
  <asset>
    <contributor>
      <author>MattO</author>
      <authoring_tool>OpenCOLLADA for 3ds Max;  Version: 1.3.0;  Revision: 839M;  Platform: x64;  Configuration: Release_Max2012</authoring_tool>
      <source_data>file:///C:/Dropbox/Prj/GGStout/Ryder/TP_Soldier_Ryder_Animation_Master.max</source_data>
    </contributor>
    <created>2011-09-29T18:38:02</created>
    <modified>2011-09-29T18:38:02</modified>
    <unit name="meter" meter="1"/>
    <up_axis>Z_UP</up_axis>
  </asset>
  <library_effects>
    <effect id="ShapeBounds">
      <profile_COMMON>
        <technique sid="common">
          <blinn>
            <emission>
              <color>0 0 0 1</color>
            </emission>
            <ambient>
              <color>0.1647059 1 0 1</color>
            </ambient>
            <diffuse>
              <color>0.1647059 1 0 1</color>
            </diffuse>
            <specular>
              <color>0.9 0.9 0.9 1</color>
            </specular>
            <shininess>
              <float>10</float>
            </shininess>
            <reflective>
              <color>0 0 0 1</color>
            </reflective>
            <transparent opaque="A_ONE">
              <color>1 1 1 1</color>
            </transparent>
            <transparency>
              <float>1</float>
            </transparency>
          </blinn>
        </technique>
      </profile_COMMON>
      <extra>
        <technique profile="OpenCOLLADA3dsMax">
          <extended_shader>
            <apply_reflection_dimming>0</apply_reflection_dimming>
            <dim_level>0</dim_level>
            <falloff_type>0</falloff_type>
            <index_of_refraction>1.5</index_of_refraction>
            <opacity_type>0</opacity_type>
            <reflection_level>3</reflection_level>
            <wire_size>1</wire_size>
            <wire_units>0</wire_units>
          </extended_shader>
          <shader>
            <ambient_diffuse_lock>1</ambient_diffuse_lock>
            <ambient_diffuse_texture_lock>1</ambient_diffuse_texture_lock>
            <diffuse_specular_lock>0</diffuse_specular_lock>
            <soften>0.1</soften>
            <use_self_illum_color>0</use_self_illum_color>
          </shader>
        </technique>
      </extra>
    </effect>
  </library_effects>
  <library_materials>
    <material id="ShapeBounds-material" name="ShapeBounds">
      <instance_effect url="#ShapeBounds"/>
    </material>
  </library_materials>
  <library_geometries>
    <geometry id="geom-Bounds" name="Bounds">
      <mesh>
        <source id="geom-Bounds-positions">
          <float_array id="geom-Bounds-positions-array" count="24">-0.425 -0.425 0 0.425 -0.425 0 -0.425 0.425 0 0.425 0.425 0 -0.425 -0.425 1.84 0.425 -0.425 1.84 -0.425 0.425 1.84 0.425 0.425 1.84</float_array>
          <technique_common>
            <accessor source="#geom-Bounds-positions-array" count="8" stride="3">
              <param name="X" type="float"/>
              <param name="Y" type="float"/>
              <param name="Z" type="float"/>
            </accessor>
          </technique_common>
        </source>
        <source id="geom-Bounds-normals">
          <float_array id="geom-Bounds-normals-array" count="72">0 0 -1 0 0 -1 0 0 -1 0 0 -1 0 0 1 0 0 1 0 0 1 0 0 1 0 -1 0 0 -1 0 0 -1 0 0 -1 0 1 0 0 1 0 0 1 0 0 1 0 0 0 1 0 0 1 0 0 1 0 0 1 0 -1 0 0 -1 0 0 -1 0 0 -1 0 0</float_array>
          <technique_common>
            <accessor source="#geom-Bounds-normals-array" count="24" stride="3">
              <param name="X" type="float"/>
              <param name="Y" type="float"/>
              <param name="Z" type="float"/>
            </accessor>
          </technique_common>
        </source>
        <source id="geom-Bounds-map1">
          <float_array id="geom-Bounds-map1-array" count="36">0 0 0 1 0 0 0 1 0 1 1 0 0 0 0 1 0 0 0 1 0 1 1 0 0 0 0 1 0 0 0 1 0 1 1 0</float_array>
          <technique_common>
            <accessor source="#geom-Bounds-map1-array" count="12" stride="3">
              <param name="S" type="float"/>
              <param name="T" type="float"/>
              <param name="P" type="float"/>
            </accessor>
          </technique_common>
        </source>
        <vertices id="geom-Bounds-vertices">
          <input semantic="POSITION" source="#geom-Bounds-positions"/>
        </vertices>
        <triangles material="ShapeBounds" count="12">
          <input semantic="VERTEX" source="#geom-Bounds-vertices" offset="0"/>
          <input semantic="NORMAL" source="#geom-Bounds-normals" offset="1"/>
          <input semantic="TEXCOORD" source="#geom-Bounds-map1" offset="2" set="0"/>
          <p>0 0 9 2 1 11 3 2 10 3 2 10 1 3 8 0 0 9 4 4 8 5 5 9 7 6 11 7 6 11 6 7 10 4 4 8 0 8 4 1 9 5 5 10 7 5 10 7 4 11 6 0 8 4 1 12 0 3 13 1 7 14 3 7 14 3 5 15 2 1 12 0 3 16 4 2 17 5 6 18 7 6 18 7 7 19 6 3 16 4 2 20 0 0 21 1 4 22 3 4 22 3 6 23 2 2 20 0</p>
        </triangles>
      </mesh>
      <extra>
        <technique profile="OpenCOLLADA3dsMax">
          <max_box>
            <generateuvs>1</generateuvs>
            <height>1.84</height>
            <heightsegments>1</heightsegments>
            <length>0.85</length>
            <lengthsegments>1</lengthsegments>
            <width>0.85</width>
            <widthsegments>1</widthsegments>
          </max_box>
        </technique>
      </extra>
    </geometry>
  </library_geometries>
  <library_lights>
    <light id="EnvironmentAmbientLight" name="EnvironmentAmbientLight">
      <technique_common>
        <ambient>
          <color>0 0 0</color>
        </ambient>
      </technique_common>
    </light>
  </library_lights>
  <library_visual_scenes>
    <visual_scene id="MaxScene">
      <node name="EnvironmentAmbientLight">
        <instance_light url="#EnvironmentAmbientLight"/>
      </node>
      <node id="node-Bip01" name="Bip01">
        <matrix>0.7792376 -0.6267173 0.003750267 -8.10623e-5 0.6267178 0.7792454 0.001183462 0.009366653 -0.003664074 0.001428161 0.9999923 0.9160211 0 0 0 1</matrix>
        <node id="node-Bip01_Pelvis" name="Bip01_Pelvis">
          <matrix sid="matrix">0.1747649 0.9844434 0.0181178 0 0.2778892 -0.06696887 0.9582759 0 0.9445817 -0.1624383 -0.28527 0 0 0 0 1</matrix>
          <node id="node-Bip01_Spine" name="Bip01_Spine">
            <matrix sid="matrix">0.9976643 0.06778102 -0.008484572 0.1928508 -0.06579342 0.9868718 0.1474981 -0.006243914 0.01837066 -0.1465954 0.989026 -0.05634505 0 0 0 1</matrix>
            <node id="node-Bip01_Spine1" name="Bip01_Spine1">
              <matrix>0.9850424 0.02363099 -0.1706855 0.1022276 -0.01319335 0.9979873 0.06202883 -1.00821e-4 0.1718076 -0.05884898 0.9833713 5.90086e-6 0 0 0 1</matrix>
              <node id="node-Bip01_Spine2" name="Bip01_Spine2">
                <matrix sid="matrix">0.911883 -0.1827258 0.3675329 0.1268973 0.1518599 0.982094 0.111488 -1.68219e-4 -0.3813237 -0.04585058 0.9233037 7.92742e-6 0 0 0 1</matrix>
                <node id="node-Bip01_Neck" name="Bip01_Neck">
                  <matrix>0.840708 -0.4308254 0.3280236 0.215107 0.4136219 0.9019012 0.1244631 -4.96954e-5 -0.3494667 0.03104062 0.9364344 -1.69873e-6 0 0 0 1</matrix>
                  <node id="node-Bip01_Head" name="Bip01_Head">
                    <matrix sid="matrix">0.8886018 -0.392103 -0.2379952 0.07051814 -0.01389 0.4956295 -0.8684228 -0.01395917 0.4584686 0.7749879 0.4349712 2.98023e-8 0 0 0 1</matrix>
                    <node id="node-ALTEYE" name="ALTEYE">
                      <matrix>0.4506336 0.3792481 0.8081467 0.06454718 0.04412817 0.8947044 -0.4444743 0.2214611 -0.8916178 0.2359568 0.3864482 0.04716265 0 0 0 1</matrix>
                    </node>
                  </node>
                  <node id="node-Bip01_L_Clavicle" name="Bip01_L_Clavicle">
                    <matrix>-0.5778345 -0.4531802 0.6787745 -0.04690337 0.2838089 -0.8913431 -0.3534966 -0.01204765 0.7652187 -0.01162019 0.6436654 0.05588403 0 0 0 1</matrix>
                    <node id="node-Bip01_L_UpperArm" name="Bip01_L_UpperArm">
                      <matrix sid="matrix">0.5934365 -0.3264373 0.7357118 0.1824007 0.04651132 0.9264437 0.3735489 2.98023e-8 -0.8035359 -0.1874585 0.5649685 1.19209e-7 0 0 0 1</matrix>
                      <node id="node-Bip01_L_Forearm" name="Bip01_L_Forearm">
                        <matrix sid="matrix">-0.5265466 0.8501462 -1.49012e-8 0.2843689 -0.8501464 -0.5265465 1.30385e-8 0 -2.98023e-8 -5.96046e-8 1 -5.96046e-8 0 0 0 1</matrix>
                        <node id="node-Bip01_L_Hand" name="Bip01_L_Hand">
                          <matrix sid="matrix">0.9639664 -0.01910409 -0.2653368 0.281068 -0.0327 -0.9983634 -0.04691724 1.19209e-7 -0.2640063 0.05390327 -0.9630136 0 0 0 0 1</matrix>
                          <node id="node-Bip01_L_Finger0" name="Bip01_L_Finger0">
                            <matrix>0.6413841 0.3141903 0.6999363 0.02119678 0.7352948 0.008702889 -0.6776913 -0.004734159 -0.2190156 0.9493201 -0.2254408 -0.02572185 0 0 0 1</matrix>
                            <node id="node-Bip01_L_Finger01" name="Bip01_L_Finger01">
                              <matrix>0.9975639 -0.0697564 2.98023e-8 0.04982865 0.06975647 0.997564 7.45058e-9 -1.19209e-7 0 -2.98023e-8 1 2.98023e-8 0 0 0 1</matrix>
                              <node id="node-Bip01_L_Finger02" name="Bip01_L_Finger02">
                                <matrix>0.9203135 0.3911815 2.98023e-8 0.0520221 -0.3911814 0.9203135 4.47035e-8 1.19209e-7 2.98023e-8 6.70552e-8 1 0 0 0 0 1</matrix>
                              </node>
                            </node>
                          </node>
                          <node id="node-Bip01_L_Finger1" name="Bip01_L_Finger1">
                            <matrix>0.9592717 -0.2819769 -0.01693495 0.1199946 0.2798395 0.9567645 -0.07931921 -0.008367598 0.03856897 0.07134952 0.9967053 -0.04101378 0 0 0 1</matrix>
                            <node id="node-Bip01_L_Finger11" name="Bip01_L_Finger11">
                              <matrix>0.7001772 -0.7139692 1.49012e-8 0.03644168 0.7139691 0.7001773 1.49012e-8 -1.19209e-7 0 3.72529e-9 1 5.96046e-8 0 0 0 1</matrix>
                              <node id="node-Bip01_L_Finger12" name="Bip01_L_Finger12">
                                <matrix>0.8757257 -0.4828088 0 0.03117549 0.4828088 0.8757257 7.45058e-9 2.98023e-8 2.98023e-8 0 0.9999999 5.96046e-8 0 0 0 1</matrix>
                              </node>
                            </node>
                          </node>
                          <node id="node-Bip01_L_Finger2" name="Bip01_L_Finger2">
                            <matrix>0.9066654 -0.4205882 -0.03260919 0.1229538 0.4217874 0.9024836 0.08728343 -0.008801937 -0.007281065 -0.09289099 0.9956496 -0.01328242 0 0 0 1</matrix>
                            <node id="node-Bip01_L_Finger21" name="Bip01_L_Finger21">
                              <matrix>0.8156037 -0.5786113 -1.49012e-8 0.03895521 0.5786112 0.8156036 0 5.96046e-8 1.49012e-8 5.58794e-9 1 5.96046e-8 0 0 0 1</matrix>
                              <node id="node-Bip01_L_Finger22" name="Bip01_L_Finger22">
                                <matrix>0.9762961 -0.2164396 0 0.03800547 0.2164397 0.9762961 5.58794e-9 -5.96046e-8 0 3.72529e-9 1 0 0 0 0 1</matrix>
                              </node>
                            </node>
                          </node>
                          <node id="node-Bip01_L_Finger3" name="Bip01_L_Finger3">
                            <matrix>0.9367908 -0.338013 -0.09038848 0.1211881 0.3480915 0.9264979 0.1429455 -0.001191199 0.03542732 -0.1653736 0.9855945 0.01196873 0 0 0 1</matrix>
                            <node id="node-Bip01_L_Finger31" name="Bip01_L_Finger31">
                              <matrix>0.9381478 -0.3462351 -7.45058e-9 0.03155851 0.346235 0.9381478 7.45058e-9 5.96046e-8 1.49012e-8 2.23517e-8 1 -1.19209e-7 0 0 0 1</matrix>
                              <node id="node-Bip01_L_Finger32" name="Bip01_L_Finger32">
                                <matrix>0.8922838 -0.4514749 1.49012e-8 0.03366578 0.4514749 0.8922837 0 -5.96046e-8 1.49012e-8 6.98492e-9 1 0 0 0 0 1</matrix>
                              </node>
                            </node>
                          </node>
                          <node id="node-Bip01_L_Finger4" name="Bip01_L_Finger4">
                            <matrix>0.9820986 -0.1883418 0.003122199 0.1136796 0.1857741 0.9711842 0.1492954 0.005147517 -0.03115074 -0.1460428 0.9887878 0.03886575 0 0 0 1</matrix>
                            <node id="node-Bip01_L_Finger41" name="Bip01_L_Finger41">
                              <matrix>0.8499687 -0.5268334 -3.72529e-9 0.03661621 0.5268333 0.8499686 1.49012e-8 0 0 2.23517e-8 1 0 0 0 0 1</matrix>
                              <node id="node-Bip01_L_Finger42" name="Bip01_L_Finger42">
                                <matrix>0.9624561 -0.2714372 7.45058e-9 0.01772618 0.271437 0.9624562 0 -5.96046e-8 1.49012e-8 -5.40167e-8 0.9999999 5.96046e-8 0 0 0 1</matrix>
                              </node>
                            </node>
                          </node>
                        </node>
                      </node>
                    </node>
                  </node>
                  <node id="node-Bip01_R_Clavicle" name="Bip01_R_Clavicle">
                    <matrix>0.2073931 -0.1669672 -0.9639034 8.67009e-4 0.5679266 -0.7817279 0.2576057 -0.01629037 -0.796522 -0.600852 -0.06729983 -0.07212144 0 0 0 1</matrix>
                    <node id="node-Bip01_R_UpperArm" name="Bip01_R_UpperArm">
                      <matrix sid="matrix">0.00444746 0.9862946 -0.1649338 0.1824006 -0.9486482 0.05633128 0.3112775 -1.49012e-8 0.3163022 0.1550798 0.9358971 0 0 0 0 1</matrix>
                      <node id="node-Bip01_R_Forearm" name="Bip01_R_Forearm">
                        <matrix>0.5407855 0.8411607 -2.98023e-8 0.284369 -0.8411607 0.5407854 2.98023e-8 0 7.45058e-9 8.9407e-8 0.9999999 0 0 0 0 1</matrix>
                        <node id="node-Bip01_R_Hand" name="Bip01_R_Hand">
                          <matrix>0.970637 0.2201094 0.09703487 0.281068 0.2283399 -0.7161987 -0.6594848 -5.96046e-8 -0.07566257 0.6622772 -0.7454287 -1.19209e-7 0 0 0 1</matrix>
                          <node id="node-Bip01_R_Finger0" name="Bip01_R_Finger0">
                            <matrix>0.5215105 0.269013 -0.8097274 0.02119678 0.7250715 0.3605264 0.5867639 -0.004734248 0.4497753 -0.893114 -0.007035498 0.02572179 0 0 0 1</matrix>
                            <node id="node-Bip01_R_Finger01" name="Bip01_R_Finger01">
                              <matrix>0.6423535 -0.7636235 0.06527563 0.04982859 0.7605615 0.6456372 0.06854735 0 -0.09448881 0.005614469 0.9955101 0 0 0 0 1</matrix>
                              <node id="node-Bip01_R_Finger02" name="Bip01_R_Finger02">
                                <matrix>0.9505157 -0.3106764 -4.28408e-8 0.05202234 0.3106765 0.9505157 2.6077e-8 1.19209e-7 -4.84288e-8 3.72529e-8 1 5.96046e-8 0 0 0 1</matrix>
                              </node>
                            </node>
                          </node>
                          <node id="node-Bip01_R_Finger1" name="Bip01_R_Finger1">
                            <matrix>0.9820225 -0.1733427 -0.07472672 0.1199946 0.1795577 0.9799358 0.08651488 -0.008367583 0.05823065 -0.09837733 0.993444 0.04101384 0 0 0 1</matrix>
                            <node id="node-Bip01_R_Finger11" name="Bip01_R_Finger11">
                              <matrix>0.8240547 -0.5665102 7.45058e-9 0.03644174 0.5665102 0.8240546 0 2.98023e-8 7.45058e-9 2.98023e-8 0.9999999 1.19209e-7 0 0 0 1</matrix>
                              <node id="node-Bip01_R_Finger12" name="Bip01_R_Finger12">
                                <matrix>0.8146398 -0.5796779 0.01831834 0.03117552 0.5799673 0.8142334 -0.02573049 -5.96046e-8 -1.49012e-8 0.03158509 0.999501 0 0 0 0 1</matrix>
                              </node>
                            </node>
                          </node>
                          <node id="node-Bip01_R_Finger2" name="Bip01_R_Finger2">
                            <matrix>0.6754013 -0.7374504 -1.52122e-4 0.1229538 0.7368312 0.6748427 -0.04082685 -0.008802041 0.03021043 0.02746242 0.9991662 0.0132823 0 0 0 1</matrix>
                            <node id="node-Bip01_R_Finger21" name="Bip01_R_Finger21">
                              <matrix>0.5508358 -0.8338858 -0.0348487 0.03895518 0.8322219 0.551937 -0.05265062 0 0.0631389 -1.11759e-8 0.9980047 -1.19209e-7 0 0 0 1</matrix>
                              <node id="node-Bip01_R_Finger22" name="Bip01_R_Finger22">
                                <matrix>0.1984734 -0.9799247 0.01886613 0.03800538 0.9755272 0.1993681 0.09272985 0 -0.09462956 7.45058e-9 0.9955125 0 0 0 0 1</matrix>
                              </node>
                            </node>
                          </node>
                          <node id="node-Bip01_R_Finger3" name="Bip01_R_Finger3">
                            <matrix>0.7159052 -0.6949216 0.06755453 0.1211881 0.6883785 0.6863562 -0.234627 -0.001191229 0.1166809 0.2144738 0.9697352 -0.01196885 0 0 0 1</matrix>
                            <node id="node-Bip01_R_Finger31" name="Bip01_R_Finger31">
                              <matrix>0.4441952 -0.8949345 0.04222352 0.03155842 0.8909184 0.4461976 0.08468728 -5.96046e-8 -0.09462959 3.72529e-8 0.9955126 -1.19209e-7 0 0 0 1</matrix>
                              <node id="node-Bip01_R_Finger32" name="Bip01_R_Finger32">
                                <matrix>0.1993681 -0.9794359 -0.03095104 0.03366598 0.9799247 0.1992686 0.006297072 0 -1.21072e-8 -0.03158511 0.9995011 0 0 0 0 1</matrix>
                              </node>
                            </node>
                          </node>
                          <node id="node-Bip01_R_Finger4" name="Bip01_R_Finger4">
                            <matrix>0.592579 -0.7897949 -0.1583476 0.1136797 0.7783521 0.6120423 -0.1399001 0.005147412 0.2074078 -0.0403483 0.9774221 -0.0388658 0 0 0 1</matrix>
                            <node id="node-Bip01_R_Finger41" name="Bip01_R_Finger41">
                              <matrix>0.4202556 -0.9064698 0.0412062 0.03661624 0.9068531 0.421151 0.01578783 5.96046e-8 -0.03166524 0.03073308 0.9990259 0 0 0 0 1</matrix>
                              <node id="node-Bip01_R_Finger42" name="Bip01_R_Finger42">
                                <matrix>0.402447 -0.9138246 -0.05441487 0.0177263 0.9154232 0.4021218 0.01728317 -1.19209e-7 0.006087616 -0.05676819 0.9983689 0 0 0 0 1</matrix>
                              </node>
                            </node>
                          </node>
                          <node id="node-MOUNT0" name="MOUNT0">
                            <matrix>-6.34085e-7 1 3.72529e-9 0.1095391 -1 -6.59522e-7 4.74975e-7 0.0251826 4.73112e-7 7.45058e-9 1 0.01321661 0 0 0 1</matrix>
                          </node>
                        </node>
                      </node>
                    </node>
                  </node>
                </node>
                <node id="node-Bip01_L_Pauldron_Upper" name="Bip01_L_Pauldron_Upper">
                  <matrix>0.9726266 0.1182922 0.2000108 0.1769029 0.1448454 -0.981683 -0.1237685 -0.03908369 0.1817062 0.1493513 -0.9719449 0.2290199 0 0 0 1</matrix>
                </node>
                <node id="node-Bip01_R_Pauldron_Lower" name="Bip01_R_Pauldron_Lower">
                  <matrix>-0.1156723 -0.9403759 -0.3198653 0.1729059 0.909775 -0.22955 0.3458563 -0.1133294 -0.3986599 -0.2509995 0.8820826 -0.2351094 0 0 0 1</matrix>
                </node>
                <node id="node-Bip01_L_Pauldron_Lower" name="Bip01_L_Pauldron_Lower">
                  <matrix>-0.2099969 -0.76872 0.6041282 0.1529202 0.4002343 -0.6313506 -0.6642357 -0.1054225 0.892028 0.1023054 0.4402497 0.2344801 0 0 0 1</matrix>
                </node>
              </node>
            </node>
            <node id="node-Bip01_L_Thigh" name="Bip01_L_Thigh">
              <matrix sid="matrix">-0.88506 0.4448076 -0.1371683 -0.1894343 0.1636911 0.5732831 0.8028399 -0.03385839 0.4357456 0.6881083 -0.5802009 0.1843713 0 0 0 1</matrix>
              <node id="node-Bip01_L_Calf" name="Bip01_L_Calf">
                <matrix sid="matrix">0.6778502 0.7352002 0 0.4629989 -0.7352 0.6778502 2.73576e-9 0 4.23752e-8 1.30385e-8 1 -7.45058e-9 0 0 0 1</matrix>
                <node id="node-Bip01_L_Foot" name="Bip01_L_Foot">
                  <matrix sid="matrix">0.8790398 0.4766072 -0.01161053 0.3610501 -0.4757623 0.8785267 0.04290787 -2.98023e-8 0.03065043 -0.0321939 0.9990116 -7.45058e-9 0 0 0 1</matrix>
                  <node id="node-Bip01_L_Toe0" name="Bip01_L_Toe0">
                    <matrix>4.47035e-7 -1 1.39e-6 0.1486307 1 5.36442e-7 1.95578e-8 0.1543275 -2.70084e-8 1.37929e-6 1 7.45058e-9 0 0 0 1</matrix>
                  </node>
                </node>
              </node>
            </node>
            <node id="node-Bip01_R_Thigh" name="Bip01_R_Thigh">
              <matrix sid="matrix">-0.3184276 0.9295198 -0.186003 -0.194118 0.8122186 0.3687037 0.4520606 0.003519129 0.4887792 -0.00712654 -0.8723786 -0.06780356 0 0 0 1</matrix>
              <node id="node-Bip01_R_Calf" name="Bip01_R_Calf">
                <matrix sid="matrix">-0.349738 0.9368477 -1.49012e-8 0.4629988 -0.9368476 -0.3497381 3.72529e-9 0 7.82311e-8 -4.84288e-8 1 0 0 0 0 1</matrix>
                <node id="node-Bip01_R_Foot" name="Bip01_R_Foot">
                  <matrix sid="matrix">0.8885812 0.438334 -0.1352301 0.3610502 -0.4156756 0.8940949 0.1667579 0 0.1940041 -0.09196611 0.9766804 -1.49012e-8 0 0 0 1</matrix>
                  <node id="node-Bip01_R_Toe0" name="Bip01_R_Toe0">
                    <matrix>-0.2644269 -0.9539025 0.1419446 0.1486307 0.9630893 -0.2535029 0.09052613 0.1543275 -0.05036974 0.1606429 0.9857264 1.49012e-8 0 0 0 1</matrix>
                  </node>
                </node>
              </node>
            </node>
          </node>
          <node id="node-Bip01_FannyPack" name="Bip01_FannyPack">
            <matrix sid="matrix">-0.8322091 -0.4771122 0.2824754 0.2028495 -0.4932149 0.8697607 0.0159855 -0.1504242 -0.2533128 -0.1260178 -0.9591415 -0.008565187 0 0 0 1</matrix>
          </node>
        </node>
        <node id="node-EYE" name="EYE">
          <matrix>0.7792379 0.6267177 -0.003664111 0.05982314 -0.6267173 0.7792452 0.001428192 0.07218308 0.003750314 0.001183283 0.999992 0.6543746 0 0 0 1</matrix>
          <node id="node-CAM" name="CAM">
            <matrix>1 -6.03104e-8 3.55271e-15 4.84288e-8 6.03104e-8 1 -2.32831e-9 -0.104 -3.55271e-15 2.32832e-9 1 0.3005601 0 0 0 1</matrix>
          </node>
        </node>
      </node>
      <node id="node-Bounds" name="Bounds">
        <matrix>0.9999915 0.001706907 0.003750479 0 -0.001711356 0.9999978 0.001183292 0.1035326 -0.003748452 -0.0011897 0.9999923 -8.93474e-5 0 0 0 1</matrix>
        <instance_geometry url="#geom-Bounds">
          <bind_material>
            <technique_common>
              <instance_material symbol="ShapeBounds" target="#ShapeBounds-material"/>
            </technique_common>
          </bind_material>
        </instance_geometry>
      </node>
    </visual_scene>
  </library_visual_scenes>
  <library_animations>
    <animation>
      <source id="node-Bip01_Pelvis_matrix-input">
        <float_array id="node-Bip01_Pelvis_matrix-input-array" count="31">33.83333 33.86666 33.9 33.93333 33.96667 34 34.03333 34.06667 34.1 34.13334 34.16667 34.2 34.23333 34.26667 34.3 34.33333 34.36666 34.4 34.43333 34.46667 34.5 34.53333 34.56667 34.6 34.63334 34.66667 34.7 34.73333 34.76667 34.8 34.83333</float_array>
        <technique_common>
          <accessor source="#node-Bip01_Pelvis_matrix-input-array" count="31" stride="1">
            <param name="TIME" type="float"/>
          </accessor>
        </technique_common>
      </source>
      <source id="node-Bip01_Pelvis_matrix-output">
        <float_array id="node-Bip01_Pelvis_matrix-output-array" count="496">0.1747649 0.9844434 0.01811778 0 0.2778892 -0.06696885 0.9582759 0 0.9445818 -0.1624383 -0.28527 0 0 0 0 1 0.1837748 0.9828993 -0.01165413 0 0.2790477 -0.0407986 0.9594102 0 0.9425281 -0.1795675 -0.2817736 0 0 0 0 1 0.1975269 0.9790896 -0.04864776 0 0.2830118 -0.009443223 0.95907 0 0.938556 -0.2032101 -0.2789592 0 0 0 0 1 0.2137441 0.9726677 -0.0907247 0 0.2887697 0.02581083 0.9570506 0 0.9332339 -0.2307625 -0.27536 0 0 0 0 1 0.2302617 0.963624 -0.1356774 0 0.2951644 0.06369614 0.9533209 0 0.927285 -0.2595605 -0.2697607 0 0 0 0 1 0.2451038 0.9523971 -0.1812843 0 0.3008621 0.1030352 0.9480853 0 0.9216322 -0.2869208 -0.2612859 0 0 0 0 1 0.2565086 0.9399042 -0.2253516 0 0.304339 0.1427508 0.9418067 0 0.9173773 -0.3101648 -0.2494327 0 0 0 0 1 0.2629225 0.9274771 -0.2658162 0 0.3038904 0.181878 0.935185 0 0.9157086 -0.3266602 -0.2340314 0 0 0 0 1 0.2629239 0.9167334 -0.3007838 0 0.2976483 0.2194759 0.9291049 0 0.9177563 -0.3338117 -0.2151586 0 0 0 0 1 0.2550977 0.9093707 -0.3285879 0 0.2836105 0.2545131 0.9245476 0 0.9243864 -0.3290409 -0.1929813 0 0 0 0 1 0.2303026 0.9080159 -0.3499539 0 0.250437 0.2922035 0.9229835 0 0.9403415 -0.3002069 -0.1601055 0 0 0 0 1 0.1864231 0.911247 -0.3672537 0 0.19384 0.3323441 0.9230241 0 0.9631576 -0.2432614 -0.1146795 0 0 0 0 1 0.13222 0.9150715 -0.3810012 0 0.1236683 0.3661436 0.9223041 0 0.9834754 -0.1690649 -0.06475377 0 0 0 0 1 0.07642018 0.9174599 -0.3904193 0 0.05183494 0.3873792 0.9204621 0 0.9957274 -0.09057921 -0.01795285 0 0 0 0 1 0.02766889 0.9190433 -0.3931843 0 -0.008418202 0.3935352 0.9192711 0 0.9995816 -0.0221253 0.01862543 0 0 0 0 1 -0.005489885 0.9225638 -0.3858054 0 -0.04379582 0.3852193 0.9217852 0 0.9990254 0.02195715 0.0382896 0 0 0 0 1 -0.02628618 0.9301423 -0.3662573 0 -0.05695247 0.3643953 0.9295013 0 0.9980307 0.04529231 0.04339534 0 0 0 0 1 -0.04360216 0.9406475 -0.3365728 0 -0.05983096 0.3338299 0.9407325 0 0.9972557 0.06115543 0.04172408 0 0 0 0 1 -0.05700629 0.9525223 -0.2990847 0 -0.05385118 0.2962021 0.9536058 0 0.9969204 0.07046765 0.03440898 0 0 0 0 1 -0.06600165 0.9643281 -0.2563498 0 -0.04063892 0.254099 0.966324 0 0.9969915 0.07419675 0.02241826 0 0 0 0 1 -0.07019001 0.9749248 -0.2111761 0 -0.02197378 0.2101357 0.9774253 0 0.9972916 0.07324588 0.006673395 0 0 0 0 1 -0.06939685 0.9835813 -0.166589 0 2.77089e-4 0.1670107 0.9859551 0 0.997589 0.068376 -0.01186251 0 0 0 0 1 -0.06374549 0.9900117 -0.125751 0 0.02423983 0.1275061 0.9915416 0 0.9976717 0.06015813 -0.03212565 0 0 0 0 1 -0.05367696 0.994324 -0.0918619 0 0.04811728 0.09446322 0.9943648 0 0.9973983 0.04895436 -0.05291467 0 0 0 0 1 -0.03473198 0.9973237 -0.06433558 0 0.07626432 0.06683158 0.9948454 0 0.9964824 0.02964645 -0.07838141 0 0 0 0 1 -0.004459261 0.9991551 -0.04085725 0 0.1116177 0.0410996 0.992901 0 0.9937412 -1.32775e-4 -0.1117066 0 0 0 0 1 0.03323692 0.9992089 -0.02183616 0 0.1505353 0.01659417 0.9884654 0 0.9880458 -0.03614062 -0.1498646 0 0 0 0 1 0.07420742 0.9972163 -0.007273674 0 0.1895989 -0.006947398 0.9818372 0 0.9790534 -0.07423865 -0.1895866 0 0 0 0 1 0.1142163 0.9934501 0.003396689 0 0.2256744 -0.02927488 0.9737628 0 0.9674841 -0.110453 -0.2275399 0 0 0 0 1 0.1490775 0.9887606 0.01132291 0 0.2559404 -0.04964435 0.965417 0 0.9551286 -0.1410239 -0.2604647 0 0 0 0 1 0.1747649 0.9844434 0.01811778 0 0.2778892 -0.06696885 0.9582759 0 0.9445818 -0.1624383 -0.28527 0 0 0 0 1</float_array>
        <technique_common>
          <accessor source="#node-Bip01_Pelvis_matrix-output-array" count="31" stride="16">
            <param name="TRANSFORM" type="float4x4"/>
          </accessor>
        </technique_common>
      </source>
      <source id="node-Bip01_Pelvis_matrix-interpolation">
        <Name_array id="node-Bip01_Pelvis_matrix-interpolation-array" count="31">LINEAR LINEAR LINEAR LINEAR LINEAR LINEAR LINEAR LINEAR LINEAR LINEAR LINEAR LINEAR LINEAR LINEAR LINEAR LINEAR LINEAR LINEAR LINEAR LINEAR LINEAR LINEAR LINEAR LINEAR LINEAR LINEAR LINEAR LINEAR LINEAR LINEAR LINEAR</Name_array>
        <technique_common>
          <accessor source="#node-Bip01_Pelvis_matrix-interpolation-array" count="31" stride="1">
            <param name="INTERPOLATION" type="name"/>
          </accessor>
        </technique_common>
      </source>
      <source id="node-Bip01_Spine_matrix-input">
        <float_array id="node-Bip01_Spine_matrix-input-array" count="31">33.83333 33.86666 33.9 33.93333 33.96667 34 34.03333 34.06667 34.1 34.13334 34.16667 34.2 34.23333 34.26667 34.3 34.33333 34.36666 34.4 34.43333 34.46667 34.5 34.53333 34.56667 34.6 34.63334 34.66667 34.7 34.73333 34.76667 34.8 34.83333</float_array>
        <technique_common>
          <accessor source="#node-Bip01_Spine_matrix-input-array" count="31" stride="1">
            <param name="TIME" type="float"/>
          </accessor>
        </technique_common>
      </source>
      <source id="node-Bip01_Spine_matrix-output">
        <float_array id="node-Bip01_Spine_matrix-output-array" count="496">0.9976643 0.06778097 -0.008484542 0.1928508 -0.06579339 0.9868718 0.1474981 -0.006243884 0.01837062 -0.1465954 0.989026 -0.05634504 0 0 0 1 0.9970547 0.0765115 -0.00529915 0.1926807 -0.0743671 0.9813771 0.1771121 -0.009697496 0.01875156 -0.1761962 0.9841763 -0.05643832 0 0 0 1 0.9959878 0.0894705 0.001879811 0.1922543 -0.08781176 0.9730421 0.2132563 -0.0145089 0.01725089 -0.2125658 0.9769945 -0.05685925 0 0 0 1 0.994449 0.1045836 0.01155954 0.1916242 -0.1040827 0.9616262 0.2538539 -0.02016866 0.01543295 -0.2536481 0.9671734 -0.05725872 0 0 0 1 0.9925398 0.1199061 0.02208042 0.1908774 -0.1210348 0.9472129 0.2968805 -0.02614605 0.01468282 -0.2973383 0.9546592 -0.05733591 0 0 0 1 0.9905182 0.1337 0.03158551 0.190145 -0.1364294 0.9303075 0.3404626 -0.03189498 0.01613563 -0.3415437 0.9397271 -0.05685758 0 0 0 1 0.9887794 0.1444638 0.03801828 0.1895997 -0.1479488 0.9118657 0.3828996 -0.03685724 0.02064758 -0.3842281 0.9230073 -0.05566531 0 0 0 1 0.9877688 0.1509291 0.03915941 0.1894376 -0.1532407 0.8932309 0.4226767 -0.04047316 0.0288158 -0.4235076 0.9054342 -0.05367046 0 0 0 1 0.9878417 0.1519908 0.03267675 0.1898455 -0.1499488 0.8760259 0.4583601 -0.04218268 0.04104077 -0.4576872 0.8881657 -0.05083805 0 0 0 1 0.9890648 0.1465898 0.01619642 0.1909586 -0.1357514 0.8619678 0.4884496 -0.04142689 0.05764091 -0.485307 0.8724416 -0.04715704 0 0 0 1 0.9915347 0.1276319 -0.02385771 0.1934792 -0.09729194 0.851993 0.5144339 -0.03571707 0.08598482 -0.5077578 0.8571981 -0.04117345 0 0 0 1 0.9914004 0.09398144 -0.09106498 0.1968602 -0.03095042 0.8445249 0.5346215 -0.02428424 0.1271511 -0.5272054 0.8401709 -0.03258138 0 0 0 1 0.9837013 0.05289101 -0.1718558 0.1994691 0.04990947 0.8378893 0.5435536 -0.009398519 0.1727453 -0.5432717 0.821593 -0.02299845 0 0 0 1 0.9676844 0.01098573 -0.2519257 0.2004285 0.1309173 0.8319706 0.5391528 0.006303489 0.2155177 -0.5547111 0.8036465 -0.01392322 0 0 0 1 0.947948 -0.02572339 -0.3173848 0.199902 0.1978156 0.8286398 0.5236655 0.01998513 0.2495272 -0.5591914 0.7905957 -0.006708323 0 0 0 1 0.9331892 -0.05157071 -0.3556664 0.1989106 0.2374964 0.8312526 0.5026079 0.02886193 0.2697288 -0.5534977 0.7879638 -0.002594411 0 0 0 1 0.9260234 -0.06944173 -0.371024 0.1981604 0.2542154 0.8413233 0.4770217 0.03371226 0.2790259 -0.5360532 0.796738 -0.00105822 0 0 0 1 0.9225242 -0.08584105 -0.3762723 0.1975465 0.2612589 0.8565 0.4451423 0.03715133 0.2840657 -0.508959 0.8125685 -6.03374e-4 0 0 0 1 0.9225223 -0.100091 -0.3727394 0.1971241 0.2601304 0.8747026 0.408935 0.0393213 0.2851054 -0.4742124 0.8329693 -0.001065909 0 0 0 1 0.9255547 -0.111397 -0.3618553 0.1968997 0.2523632 0.8939816 0.3702833 0.04037702 0.2822436 -0.4340364 0.8555413 -0.002320885 0 0 0 1 0.9309639 -0.119025 -0.3451648 0.1968486 0.2394706 0.9126787 0.331166 0.04046803 0.2756077 -0.3909607 0.8781741 -0.004259169 0 0 0 1 0.9379922 -0.1224406 -0.3243139 0.1969292 0.2229012 0.92953 0.2937505 0.03972679 0.2654924 -0.3478256 0.8991837 -0.00676918 0 0 0 1 0.9458624 -0.1214014 -0.3010085 0.1970961 0.2039972 0.9437 0.2604138 0.03825938 0.2524472 -0.3077206 0.9173758 -0.009722888 0 0 0 1 0.9538553 -0.1159948 -0.2769573 0.1973091 0.1839639 0.9547426 0.2337176 0.03614097 0.2373129 -0.2738831 0.932025 -0.01296579 0 0 0 1 0.9634927 -0.1026495 -0.2472752 0.1976298 0.1577244 0.9639235 0.2144173 0.03237301 0.2163444 -0.2455909 0.9449233 -0.0173096 0 0 0 1 0.9748017 -0.07944846 -0.2084469 0.1978875 0.122 0.972172 0.1999946 0.02648764 0.1867569 -0.2203856 0.9573673 -0.02332675 0 0 0 1 0.9851928 -0.04947537 -0.1641563 0.1977536 0.08054357 0.9787862 0.1883883 0.01931411 0.1513534 -0.1988206 0.9682781 -0.03042507 0 0 0 1 0.9928629 -0.01613897 -0.1181643 0.1970495 0.03716957 0.9833266 0.1780096 0.01166981 0.1133211 -0.1811313 0.9769082 -0.03795343 0 0 0 1 0.9970908 0.01695555 -0.0743137 0.1958066 -0.004250705 0.985797 0.1678882 0.004353761 0.07610487 -0.167084 0.9830011 -0.04523265 0 0 0 1 0.9982687 0.04613524 -0.03648304 0.1942703 -0.03983747 0.986687 0.1576769 -0.001862227 0.04327183 -0.1559506 0.9868167 -0.05158269 0 0 0 1 0.9976643 0.06778097 -0.008484542 0.1928508 -0.06579339 0.9868718 0.1474981 -0.006243884 0.01837062 -0.1465954 0.989026 -0.05634504 0 0 0 1</float_array>
        <technique_common>
          <accessor source="#node-Bip01_Spine_matrix-output-array" count="31" stride="16">
            <param name="TRANSFORM" type="float4x4"/>
          </accessor>
        </technique_common>
      </source>
      <source id="node-Bip01_Spine_matrix-interpolation">
        <Name_array id="node-Bip01_Spine_matrix-interpolation-array" count="31">LINEAR LINEAR LINEAR LINEAR LINEAR LINEAR LINEAR LINEAR LINEAR LINEAR LINEAR LINEAR LINEAR LINEAR LINEAR LINEAR LINEAR LINEAR LINEAR LINEAR LINEAR LINEAR LINEAR LINEAR LINEAR LINEAR LINEAR LINEAR LINEAR LINEAR LINEAR</Name_array>
        <technique_common>
          <accessor source="#node-Bip01_Spine_matrix-interpolation-array" count="31" stride="1">
            <param name="INTERPOLATION" type="name"/>
          </accessor>
        </technique_common>
      </source>
      <source id="node-Bip01_Spine2_matrix-input">
        <float_array id="node-Bip01_Spine2_matrix-input-array" count="31">33.83333 33.86666 33.9 33.93333 33.96667 34 34.03333 34.06667 34.1 34.13334 34.16667 34.2 34.23333 34.26667 34.3 34.33333 34.36666 34.4 34.43333 34.46667 34.5 34.53333 34.56667 34.6 34.63334 34.66667 34.7 34.73333 34.76667 34.8 34.83333</float_array>
        <technique_common>
          <accessor source="#node-Bip01_Spine2_matrix-input-array" count="31" stride="1">
            <param name="TIME" type="float"/>
          </accessor>
        </technique_common>
      </source>
      <source id="node-Bip01_Spine2_matrix-output">
        <float_array id="node-Bip01_Spine2_matrix-output-array" count="496">0.911883 -0.1827258 0.3675329 0.1268973 0.1518599 0.9820941 0.1114879 -1.68219e-4 -0.3813237 -0.04585057 0.9233037 7.92742e-6 0 0 0 1 0.9136581 -0.1849831 0.3619531 0.1268976 0.1549482 0.9817125 0.1105959 -1.68137e-4 -0.3757923 -0.04496288 0.9256124 7.80821e-6 0 0 0 1 0.9157313 -0.1876912 0.3552579 0.126898 0.1586375 0.9812455 0.109503 -1.68063e-4 -0.3691481 -0.04391807 0.9283323 7.56979e-6 0 0 0 1 0.9180091 -0.1907632 0.3476617 0.1268987 0.162802 0.9807043 0.1082334 -1.6797e-4 -0.3616003 -0.04275923 0.9313523 7.39098e-6 0 0 0 1 0.920403 -0.1941115 0.3393804 0.1268993 0.167316 0.9800999 0.1068139 -1.67865e-4 -0.3533605 -0.04152798 0.934565 7.21216e-6 0 0 0 1 0.9228312 -0.1976478 0.3306323 0.1268999 0.1720556 0.9794458 0.1052743 -1.67744e-4 -0.3446437 -0.04026329 0.9378697 6.97374e-6 0 0 0 1 0.9252212 -0.2012829 0.3216381 0.1269004 0.1768976 0.9787563 0.103649 -1.67644e-4 -0.3356682 -0.03900128 0.9411724 6.85453e-6 0 0 0 1 0.9275091 -0.2049264 0.3126211 0.1269012 0.181721 0.9780482 0.1019768 -1.67515e-4 -0.3266562 -0.03777462 0.944388 6.49691e-6 0 0 0 1 0.9296422 -0.2084873 0.3038064 0.1269018 0.186406 0.9773395 0.1003009 -1.67394e-4 -0.3178334 -0.03661257 0.9474394 6.31809e-6 0 0 0 1 0.931577 -0.2118741 0.2954213 0.1269022 0.1908355 0.9766504 0.09866917 -1.67277e-4 -0.3094288 -0.03554099 0.9502581 6.19888e-6 0 0 0 1 0.9332787 -0.2149942 0.2876948 0.126903 0.1948937 0.9760027 0.09713333 -1.67172e-4 -0.301674 -0.03458261 0.9527837 5.96046e-6 0 0 0 1 0.9347203 -0.217755 0.2808568 0.1269032 0.1984666 0.9754192 0.09574854 -1.67068e-4 -0.2948029 -0.03375744 0.9549615 5.84125e-6 0 0 0 1 0.9358797 -0.2200636 0.275138 0.1269037 0.2014415 0.9749242 0.094572 -1.66995e-4 -0.2890505 -0.03308391 0.9567419 5.72205e-6 0 0 0 1 0.9367373 -0.2218272 0.2707688 0.126904 0.203706 0.9745415 0.09366196 -1.66921e-4 -0.2846522 -0.03257948 0.958077 5.60284e-6 0 0 0 1 0.9372719 -0.222953 0.2679795 0.1269041 0.2051481 0.974295 0.09307593 -1.66882e-4 -0.2818426 -0.03226196 0.958918 5.60284e-6 0 0 0 1 0.9374576 -0.2233487 0.2669991 0.1269042 0.2056543 0.9742081 0.09286898 -1.66846e-4 -0.2808548 -0.03215128 0.9592115 5.54323e-6 0 0 0 1 0.937272 -0.222953 0.2679795 0.1269041 0.2051481 0.9742951 0.09307593 -1.66882e-4 -0.2818427 -0.03226196 0.958918 5.60284e-6 0 0 0 1 0.9367374 -0.2218272 0.2707688 0.126904 0.2037061 0.9745415 0.09366196 -1.66921e-4 -0.2846522 -0.03257942 0.9580771 5.60284e-6 0 0 0 1 0.9358798 -0.2200636 0.275138 0.1269036 0.2014415 0.9749243 0.094572 -1.66995e-4 -0.2890506 -0.03308391 0.9567419 5.72205e-6 0 0 0 1 0.9347204 -0.217755 0.2808568 0.1269032 0.1984667 0.9754194 0.0957486 -1.67074e-4 -0.2948029 -0.0337575 0.9549616 5.84125e-6 0 0 0 1 0.9332787 -0.2149942 0.2876948 0.126903 0.1948937 0.9760027 0.09713339 -1.67174e-4 -0.3016741 -0.03458255 0.9527837 5.90086e-6 0 0 0 1 0.931577 -0.2118741 0.2954213 0.1269022 0.1908355 0.9766504 0.09866917 -1.67286e-4 -0.3094288 -0.03554105 0.9502582 6.25849e-6 0 0 0 1 0.9296422 -0.2084873 0.3038064 0.1269018 0.186406 0.9773395 0.1003008 -1.67398e-4 -0.3178334 -0.03661257 0.9474394 6.31809e-6 0 0 0 1 0.9275091 -0.2049264 0.3126212 0.1269011 0.1817209 0.9780482 0.1019768 -1.67523e-4 -0.3266562 -0.03777462 0.944388 6.55651e-6 0 0 0 1 0.925221 -0.2012829 0.3216382 0.1269005 0.1768976 0.9787563 0.103649 -1.67629e-4 -0.3356682 -0.03900128 0.9411725 6.73532e-6 0 0 0 1 0.9228312 -0.1976478 0.3306323 0.1268999 0.1720556 0.9794458 0.1052743 -1.67746e-4 -0.3446437 -0.04026329 0.9378697 6.97374e-6 0 0 0 1 0.9204029 -0.1941115 0.3393804 0.1268992 0.167316 0.9800999 0.1068139 -1.67863e-4 -0.3533605 -0.04152798 0.934565 7.21216e-6 0 0 0 1 0.918009 -0.1907631 0.3476616 0.1268986 0.1628019 0.9807042 0.1082334 -1.67977e-4 -0.3616001 -0.04275923 0.9313521 7.39098e-6 0 0 0 1 0.9157312 -0.1876912 0.355258 0.126898 0.1586375 0.9812455 0.109503 -1.68059e-4 -0.3691481 -0.04391807 0.9283322 7.56979e-6 0 0 0 1 0.9136581 -0.1849831 0.3619531 0.1268976 0.1549482 0.9817124 0.1105959 -1.68137e-4 -0.3757923 -0.04496288 0.9256123 7.80821e-6 0 0 0 1 0.911883 -0.1827258 0.3675329 0.1268973 0.1518599 0.9820941 0.1114879 -1.68219e-4 -0.3813237 -0.04585057 0.9233037 7.92742e-6 0 0 0 1</float_array>
        <technique_common>
          <accessor source="#node-Bip01_Spine2_matrix-output-array" count="31" stride="16">
            <param name="TRANSFORM" type="float4x4"/>
          </accessor>
        </technique_common>
      </source>
      <source id="node-Bip01_Spine2_matrix-interpolation">
        <Name_array id="node-Bip01_Spine2_matrix-interpolation-array" count="31">LINEAR LINEAR LINEAR LINEAR LINEAR LINEAR LINEAR LINEAR LINEAR LINEAR LINEAR LINEAR LINEAR LINEAR LINEAR LINEAR LINEAR LINEAR LINEAR LINEAR LINEAR LINEAR LINEAR LINEAR LINEAR LINEAR LINEAR LINEAR LINEAR LINEAR LINEAR</Name_array>
        <technique_common>
          <accessor source="#node-Bip01_Spine2_matrix-interpolation-array" count="31" stride="1">
            <param name="INTERPOLATION" type="name"/>
          </accessor>
        </technique_common>
      </source>
