<?xml version="1.0" encoding="utf-8"?>
<COLLADA xmlns="http://www.collada.org/2005/11/COLLADASchema" version="1.4.1">
  <asset>
    <contributor>
      <author>MattO</author>
      <authoring_tool>OpenCOLLADA for 3ds Max;  Version: 1.3.0;  Revision: 839M;  Platform: x64;  Configuration: Release_Max2012</authoring_tool>
      <source_data>file:///C:/Dropbox/Prj/GGStout/Ryder/TP_Soldier_Ryder_Animation_Master.max</source_data>
    </contributor>
    <created>2011-09-29T18:37:50</created>
    <modified>2011-09-29T18:37:50</modified>
    <unit name="meter" meter="1"/>
    <up_axis>Z_UP</up_axis>
  </asset>
  <library_effects>
    <effect id="ShapeBounds">
      <profile_COMMON>
        <technique sid="common">
          <blinn>
            <emission>
              <color>0 0 0 1</color>
            </emission>
            <ambient>
              <color>0.1647059 1 0 1</color>
            </ambient>
            <diffuse>
              <color>0.1647059 1 0 1</color>
            </diffuse>
            <specular>
              <color>0.9 0.9 0.9 1</color>
            </specular>
            <shininess>
              <float>10</float>
            </shininess>
            <reflective>
              <color>0 0 0 1</color>
            </reflective>
            <transparent opaque="A_ONE">
              <color>1 1 1 1</color>
            </transparent>
            <transparency>
              <float>1</float>
            </transparency>
          </blinn>
        </technique>
      </profile_COMMON>
      <extra>
        <technique profile="OpenCOLLADA3dsMax">
          <extended_shader>
            <apply_reflection_dimming>0</apply_reflection_dimming>
            <dim_level>0</dim_level>
            <falloff_type>0</falloff_type>
            <index_of_refraction>1.5</index_of_refraction>
            <opacity_type>0</opacity_type>
            <reflection_level>3</reflection_level>
            <wire_size>1</wire_size>
            <wire_units>0</wire_units>
          </extended_shader>
          <shader>
            <ambient_diffuse_lock>1</ambient_diffuse_lock>
            <ambient_diffuse_texture_lock>1</ambient_diffuse_texture_lock>
            <diffuse_specular_lock>0</diffuse_specular_lock>
            <soften>0.1</soften>
            <use_self_illum_color>0</use_self_illum_color>
          </shader>
        </technique>
      </extra>
    </effect>
  </library_effects>
  <library_materials>
    <material id="ShapeBounds-material" name="ShapeBounds">
      <instance_effect url="#ShapeBounds"/>
    </material>
  </library_materials>
  <library_geometries>
    <geometry id="geom-Bounds" name="Bounds">
      <mesh>
        <source id="geom-Bounds-positions">
          <float_array id="geom-Bounds-positions-array" count="24">-0.425 -0.425 0 0.425 -0.425 0 -0.425 0.425 0 0.425 0.425 0 -0.425 -0.425 1.84 0.425 -0.425 1.84 -0.425 0.425 1.84 0.425 0.425 1.84</float_array>
          <technique_common>
            <accessor source="#geom-Bounds-positions-array" count="8" stride="3">
              <param name="X" type="float"/>
              <param name="Y" type="float"/>
              <param name="Z" type="float"/>
            </accessor>
          </technique_common>
        </source>
        <source id="geom-Bounds-normals">
          <float_array id="geom-Bounds-normals-array" count="72">0 0 -1 0 0 -1 0 0 -1 0 0 -1 0 0 1 0 0 1 0 0 1 0 0 1 0 -1 0 0 -1 0 0 -1 0 0 -1 0 1 0 0 1 0 0 1 0 0 1 0 0 0 1 0 0 1 0 0 1 0 0 1 0 -1 0 0 -1 0 0 -1 0 0 -1 0 0</float_array>
          <technique_common>
            <accessor source="#geom-Bounds-normals-array" count="24" stride="3">
              <param name="X" type="float"/>
              <param name="Y" type="float"/>
              <param name="Z" type="float"/>
            </accessor>
          </technique_common>
        </source>
        <source id="geom-Bounds-map1">
          <float_array id="geom-Bounds-map1-array" count="36">0 0 0 1 0 0 0 1 0 1 1 0 0 0 0 1 0 0 0 1 0 1 1 0 0 0 0 1 0 0 0 1 0 1 1 0</float_array>
          <technique_common>
            <accessor source="#geom-Bounds-map1-array" count="12" stride="3">
              <param name="S" type="float"/>
              <param name="T" type="float"/>
              <param name="P" type="float"/>
            </accessor>
          </technique_common>
        </source>
        <vertices id="geom-Bounds-vertices">
          <input semantic="POSITION" source="#geom-Bounds-positions"/>
        </vertices>
        <triangles material="ShapeBounds" count="12">
          <input semantic="VERTEX" source="#geom-Bounds-vertices" offset="0"/>
          <input semantic="NORMAL" source="#geom-Bounds-normals" offset="1"/>
          <input semantic="TEXCOORD" source="#geom-Bounds-map1" offset="2" set="0"/>
          <p>0 0 9 2 1 11 3 2 10 3 2 10 1 3 8 0 0 9 4 4 8 5 5 9 7 6 11 7 6 11 6 7 10 4 4 8 0 8 4 1 9 5 5 10 7 5 10 7 4 11 6 0 8 4 1 12 0 3 13 1 7 14 3 7 14 3 5 15 2 1 12 0 3 16 4 2 17 5 6 18 7 6 18 7 7 19 6 3 16 4 2 20 0 0 21 1 4 22 3 4 22 3 6 23 2 2 20 0</p>
        </triangles>
      </mesh>
      <extra>
        <technique profile="OpenCOLLADA3dsMax">
          <max_box>
            <generateuvs>1</generateuvs>
            <height>1.84</height>
            <heightsegments>1</heightsegments>
            <length>0.85</length>
            <lengthsegments>1</lengthsegments>
            <width>0.85</width>
            <widthsegments>1</widthsegments>
          </max_box>
        </technique>
      </extra>
    </geometry>
  </library_geometries>
  <library_lights>
    <light id="EnvironmentAmbientLight" name="EnvironmentAmbientLight">
      <technique_common>
        <ambient>
          <color>0 0 0</color>
        </ambient>
      </technique_common>
    </light>
  </library_lights>
  <library_visual_scenes>
    <visual_scene id="MaxScene">
      <node name="EnvironmentAmbientLight">
        <instance_light url="#EnvironmentAmbientLight"/>
      </node>
      <node id="node-Bip01" name="Bip01">
        <matrix sid="matrix">0.04897857 -0.5806389 -0.8126866 -8.10623e-5 0.9925079 0.1194799 -0.0255487 0.009366653 0.1119343 -0.8053465 0.5821407 0.8041399 0 0 0 1</matrix>
        <node id="node-Bip01_Pelvis" name="Bip01_Pelvis">
          <matrix sid="matrix">-0.02669419 0.9978371 0.06007278 0 -0.1206839 -0.0628715 0.9906981 0 0.992332 0.01919606 0.1221012 0 0 0 0 1</matrix>
          <node id="node-Bip01_Spine" name="Bip01_Spine">
            <matrix sid="matrix">0.9858773 -0.0634831 0.1549708 0.1970138 0.1364505 0.8410002 -0.5235452 0.03031449 -0.09709403 0.5372972 0.8377855 0.02588338 0 0 0 1</matrix>
            <node id="node-Bip01_Spine1" name="Bip01_Spine1">
              <matrix sid="matrix">0.9639944 0.1250205 0.2347015 0.1022171 -0.207466 0.9057004 0.3696819 -9.14782e-5 -0.1663517 -0.4050639 0.8990275 4.08888e-5 0 0 0 1</matrix>
              <node id="node-Bip01_Spine2" name="Bip01_Spine2">
                <matrix>0.938154 -0.2995816 0.1735455 0.1269173 0.1590401 0.8181465 0.5525783 -1.40145e-4 -0.3075279 -0.490803 0.8151927 8.4132e-5 0 0 0 1</matrix>
                <node id="node-Bip01_Neck" name="Bip01_Neck">
                  <matrix>0.840708 -0.4308256 0.3280236 0.2151071 0.413622 0.9019013 0.1244631 -4.96954e-5 -0.3494668 0.03104058 0.9364344 -1.71363e-6 0 0 0 1</matrix>
                  <node id="node-Bip01_Head" name="Bip01_Head">
                    <matrix sid="matrix">0.8957812 0.03491274 -0.4431216 0.07051814 -0.2611219 0.8480877 -0.4610451 -0.01395917 0.3597095 0.5287046 0.7688178 -2.98023e-8 0 0 0 1</matrix>
                    <node id="node-ALTEYE" name="ALTEYE">
                      <matrix sid="matrix">-0.07016533 0.2370483 0.9689612 0.06454694 0.07787907 0.9696921 -0.2315875 0.2214611 -0.9944907 0.05921203 -0.08649993 0.0471625 0 0 0 1</matrix>
                    </node>
                  </node>
                  <node id="node-Bip01_L_Clavicle" name="Bip01_L_Clavicle">
                    <matrix sid="matrix">-0.4193729 -0.3901516 0.8196999 -0.04690349 -0.006484464 -0.9016277 -0.4324643 -0.01204771 0.907791 -0.1866793 0.3755883 0.055884 0 0 0 1</matrix>
                    <node id="node-Bip01_L_UpperArm" name="Bip01_L_UpperArm">
                      <matrix sid="matrix">0.9828496 -0.08463684 0.1638401 0.1824007 0.1148085 0.976108 -0.1844781 4.47035e-8 -0.1443118 0.2001244 0.9690842 -1.19209e-7 0 0 0 1</matrix>
                      <node id="node-Bip01_L_Forearm" name="Bip01_L_Forearm">
                        <matrix sid="matrix">0.7335451 0.6796407 0 0.2843689 -0.6796407 0.7335451 1.49012e-8 0 5.96046e-8 -2.98023e-8 0.9999999 -1.19209e-7 0 0 0 1</matrix>
                        <node id="node-Bip01_L_Hand" name="Bip01_L_Hand">
                          <matrix sid="matrix">0.8483857 0.4807407 0.2216531 0.281068 -0.4204949 0.3576093 0.8338463 5.96046e-8 0.3215986 -0.8006272 0.5055397 1.19209e-7 0 0 0 1</matrix>
                          <node id="node-Bip01_L_Finger0" name="Bip01_L_Finger0">
                            <matrix sid="matrix">0.6787978 0.5245167 0.5139217 0.02119678 0.437277 0.2735208 -0.8567235 -0.004734099 -0.5899341 0.8062682 -0.0436939 -0.02572191 0 0 0 1</matrix>
                            <node id="node-Bip01_L_Finger01" name="Bip01_L_Finger01">
                              <matrix>0.9975641 -0.06975642 5.96046e-8 0.04982853 0.06975642 0.9975641 -2.42144e-8 0 2.98023e-8 4.65661e-9 1 0 0 0 0 1</matrix>
                              <node id="node-Bip01_L_Finger02" name="Bip01_L_Finger02">
                                <matrix sid="matrix">0.986252 0.1652489 0 0.0520224 -0.1652489 0.986252 -7.21775e-9 0 -5.96046e-8 1.49012e-8 1 0 0 0 0 1</matrix>
                              </node>
                            </node>
                          </node>
                          <node id="node-Bip01_L_Finger1" name="Bip01_L_Finger1">
                            <matrix sid="matrix">0.9009551 -0.1884572 0.3908501 0.1199946 0.1959121 0.9803939 0.02111889 -0.008367479 -0.3871671 0.05754498 0.9202119 -0.04101384 0 0 0 1</matrix>
                            <node id="node-Bip01_L_Finger11" name="Bip01_L_Finger11">
                              <matrix sid="matrix">0.9450802 -0.3268385 -2.23517e-8 0.03644171 0.3268385 0.9450802 0 0 -1.49012e-8 5.96046e-8 1 0 0 0 0 1</matrix>
                              <node id="node-Bip01_L_Finger12" name="Bip01_L_Finger12">
                                <matrix sid="matrix">0.992913 -0.1188437 2.98023e-8 0.03117549 0.1188438 0.9929129 1.49012e-8 -1.19209e-7 0 1.49012e-8 1 0 0 0 0 1</matrix>
                              </node>
                            </node>
                          </node>
                          <node id="node-Bip01_L_Finger2" name="Bip01_L_Finger2">
                            <matrix sid="matrix">0.9836147 -0.1308815 0.1239848 0.1229538 0.1248046 0.9906218 0.05560718 -0.008801997 -0.1301 -0.03922215 0.9907247 -0.01328254 0 0 0 1</matrix>
                            <node id="node-Bip01_L_Finger21" name="Bip01_L_Finger21">
                              <matrix sid="matrix">0.9937666 -0.1114799 3.72529e-9 0.03895515 0.1114799 0.9937667 0 -5.96046e-8 -7.45058e-9 1.49012e-8 0.9999999 1.19209e-7 0 0 0 1</matrix>
                              <node id="node-Bip01_L_Finger22" name="Bip01_L_Finger22">
                                <matrix sid="matrix">0.991721 -0.128412 3.72529e-9 0.03800535 0.128412 0.991721 -1.49012e-8 0 1.49012e-8 0 1 0 0 0 0 1</matrix>
                              </node>
                            </node>
                          </node>
                          <node id="node-Bip01_L_Finger3" name="Bip01_L_Finger3">
                            <matrix sid="matrix">0.9923954 -0.08355364 -0.09038851 0.1211881 0.09595637 0.9850679 0.1429456 -0.001191318 0.07709517 -0.1505319 0.9855944 0.01196873 0 0 0 1</matrix>
                            <node id="node-Bip01_L_Finger31" name="Bip01_L_Finger31">
                              <matrix sid="matrix">0.9911382 -0.1328349 -1.86265e-9 0.03155851 0.1328349 0.9911382 0 -5.96046e-8 -5.58794e-9 -1.49012e-8 0.9999999 -1.19209e-7 0 0 0 1</matrix>
                              <node id="node-Bip01_L_Finger32" name="Bip01_L_Finger32">
                                <matrix sid="matrix">0.9911954 -0.1324064 -5.58794e-9 0.03366593 0.1324064 0.9911953 0 0 0 2.98023e-8 0.9999999 5.96046e-8 0 0 0 1</matrix>
                              </node>
                            </node>
                          </node>
                          <node id="node-Bip01_L_Finger4" name="Bip01_L_Finger4">
                            <matrix sid="matrix">0.9284372 -0.3108517 -0.20341 0.1136797 0.3264969 0.9439973 0.04763137 0.005147398 0.1772122 -0.1106355 0.9779343 0.03886569 0 0 0 1</matrix>
                            <node id="node-Bip01_L_Finger41" name="Bip01_L_Finger41">
                              <matrix>0.9790111 -0.2038069 0 0.03661624 0.2038069 0.9790112 0 2.38419e-7 -7.45058e-9 -1.49012e-8 1 0 0 0 0 1</matrix>
                              <node id="node-Bip01_L_Finger42" name="Bip01_L_Finger42">
                                <matrix sid="matrix">0.9802642 -0.1976916 -7.45058e-9 0.01772624 0.1976915 0.9802641 0 -1.19209e-7 2.98023e-8 0 1 0 0 0 0 1</matrix>
                              </node>
                            </node>
                          </node>
                        </node>
                      </node>
                    </node>
                  </node>
                  <node id="node-Bip01_R_Clavicle" name="Bip01_R_Clavicle">
                    <matrix sid="matrix">0.6210439 -0.1918166 -0.7599412 8.6689e-4 0.3462851 -0.8026726 0.4855957 -0.01629049 -0.7031295 -0.5647328 -0.4320716 -0.0721215 0 0 0 1</matrix>
                    <node id="node-Bip01_R_UpperArm" name="Bip01_R_UpperArm">
                      <matrix sid="matrix">0.4992713 0.6545821 -0.5676714 0.1824007 -0.6314005 0.7235337 0.2789848 0 0.5933477 0.219139 0.7745429 -1.19209e-7 0 0 0 1</matrix>
                      <node id="node-Bip01_R_Forearm" name="Bip01_R_Forearm">
                        <matrix sid="matrix">0.5228691 0.8524132 0 0.284369 -0.8524132 0.5228689 7.45058e-9 3.72529e-9 -2.98023e-8 2.98023e-8 1 0 0 0 0 1</matrix>
                        <node id="node-Bip01_R_Hand" name="Bip01_R_Hand">
                          <matrix sid="matrix">0.9461847 0.2386595 -0.2185776 0.281068 0.02376524 -0.7248156 -0.6885327 2.98023e-8 -0.3227534 0.6462846 -0.6914814 -1.19209e-7 0 0 0 1</matrix>
                          <node id="node-Bip01_R_Finger0" name="Bip01_R_Finger0">
                            <matrix>0.5215106 0.269013 -0.8097278 0.02119672 0.7250716 0.3605266 0.5867638 -0.004734218 0.4497753 -0.8931141 -0.007035494 0.02572179 0 0 0 1</matrix>
                            <node id="node-Bip01_R_Finger01" name="Bip01_R_Finger01">
                              <matrix>0.6423534 -0.7636238 0.06527579 0.04982853 0.7605617 0.645637 0.06854747 -1.19209e-7 -0.09448886 0.005614489 0.9955102 0 0 0 0 1</matrix>
                              <node id="node-Bip01_R_Finger02" name="Bip01_R_Finger02">
                                <matrix>0.9505157 -0.3106765 2.98023e-8 0.0520224 0.3106765 0.9505157 -2.98023e-8 5.96046e-8 -5.96046e-8 -4.47035e-8 1 0 0 0 0 1</matrix>
                              </node>
                            </node>
                          </node>
                          <node id="node-Bip01_R_Finger1" name="Bip01_R_Finger1">
                            <matrix>0.9820227 -0.1733428 -0.0747267 0.1199946 0.1795577 0.9799359 0.08651489 -0.008367568 0.05823065 -0.09837735 0.9934441 0.04101384 0 0 0 1</matrix>
                            <node id="node-Bip01_R_Finger11" name="Bip01_R_Finger11">
                              <matrix>0.8240547 -0.5665103 4.65661e-9 0.03644168 0.5665103 0.8240548 -2.98023e-8 5.96046e-8 0 2.98023e-8 1 0 0 0 0 1</matrix>
                              <node id="node-Bip01_R_Finger12" name="Bip01_R_Finger12">
                                <matrix>0.8146397 -0.5796779 0.01831828 0.03117543 0.5799671 0.8142333 -0.02573049 -5.96046e-8 2.98023e-8 0.03158511 0.999501 0 0 0 0 1</matrix>
                              </node>
                            </node>
                          </node>
                          <node id="node-Bip01_R_Finger2" name="Bip01_R_Finger2">
                            <matrix>0.6754013 -0.7374505 -1.52119e-4 0.1229538 0.7368314 0.6748428 -0.04082689 -0.008802027 0.03021042 0.02746242 0.9991664 0.0132823 0 0 0 1</matrix>
                            <node id="node-Bip01_R_Finger21" name="Bip01_R_Finger21">
                              <matrix>0.5508358 -0.8338858 -0.03484869 0.03895521 0.832222 0.551937 -0.05265057 0 0.0631389 -1.86265e-8 0.9980047 -1.19209e-7 0 0 0 1</matrix>
                              <node id="node-Bip01_R_Finger22" name="Bip01_R_Finger22">
                                <matrix>0.1984733 -0.9799248 0.01886609 0.03800538 0.9755275 0.1993679 0.09272988 -2.98023e-8 -0.09462959 0 0.9955125 1.19209e-7 0 0 0 1</matrix>
                              </node>
                            </node>
                          </node>
                          <node id="node-Bip01_R_Finger3" name="Bip01_R_Finger3">
                            <matrix>0.7159053 -0.6949217 0.06755494 0.1211881 0.6883787 0.6863562 -0.2346272 -0.001191288 0.1166807 0.2144742 0.9697353 -0.01196861 0 0 0 1</matrix>
                            <node id="node-Bip01_R_Finger31" name="Bip01_R_Finger31">
                              <matrix>0.4441953 -0.8949346 0.04222357 0.03155845 0.8909185 0.4461975 0.08468759 -2.98023e-8 -0.09462991 -6.70552e-8 0.9955125 -1.19209e-7 0 0 0 1</matrix>
                              <node id="node-Bip01_R_Finger32" name="Bip01_R_Finger32">
                                <matrix>0.1993681 -0.9794358 -0.03095102 0.03366598 0.9799249 0.1992686 0.006297074 0 -7.45058e-9 -0.03158513 0.999501 0 0 0 0 1</matrix>
                              </node>
                            </node>
                          </node>
                          <node id="node-Bip01_R_Finger4" name="Bip01_R_Finger4">
                            <matrix>0.5925791 -0.7897952 -0.1583476 0.1136797 0.7783523 0.6120424 -0.1399001 0.005147457 0.2074078 -0.04034829 0.9774222 -0.03886592 0 0 0 1</matrix>
                            <node id="node-Bip01_R_Finger41" name="Bip01_R_Finger41">
                              <matrix>0.4202556 -0.9064698 0.04120627 0.03661625 0.906853 0.4211511 0.01578778 -1.19209e-7 -0.03166524 0.03073305 0.9990259 0 0 0 0 1</matrix>
                              <node id="node-Bip01_R_Finger42" name="Bip01_R_Finger42">
                                <matrix>0.402447 -0.9138246 -0.05441484 0.01772636 0.9154231 0.4021218 0.01728316 5.96046e-8 0.006087616 -0.05676819 0.9983687 5.96046e-8 0 0 0 1</matrix>
                              </node>
                            </node>
                          </node>
                          <node id="node-MOUNT0" name="MOUNT0">
                            <matrix>-6.16536e-7 1 0 0.1095391 -1 -6.48201e-7 5.06639e-7 0.0251826 5.06639e-7 -5.58794e-9 1 0.0132165 0 0 0 1</matrix>
                          </node>
                        </node>
                      </node>
                    </node>
                  </node>
                </node>
                <node id="node-Bip01_L_Pauldron_Upper" name="Bip01_L_Pauldron_Upper">
                  <matrix sid="matrix">0.9862573 0.1219391 -0.1114802 0.2295041 0.1291479 -0.9898157 0.05988347 -0.03790643 -0.1030426 -0.07345787 -0.9919608 0.2195491 0 0 0 1</matrix>
                </node>
                <node id="node-Bip01_R_Pauldron_Lower" name="Bip01_R_Pauldron_Lower">
                  <matrix>-0.1117321 -0.6005593 -0.7917355 0.2653015 0.8338364 -0.4900711 0.2540626 -0.05056334 -0.5405861 -0.6317909 0.5555246 -0.2106077 0 0 0 1</matrix>
                </node>
                <node id="node-Bip01_L_Pauldron_Lower" name="Bip01_L_Pauldron_Lower">
                  <matrix sid="matrix">-0.08461787 0.01496521 0.9963012 0.2501211 -0.1412209 -0.9899743 0.002876027 -0.03839118 0.9863554 -0.1404552 0.08588284 0.2357397 0 0 0 1</matrix>
                </node>
              </node>
            </node>
            <node id="node-Bip01_L_Thigh" name="Bip01_L_Thigh">
              <matrix sid="matrix">-0.8161647 0.5367084 0.2140541 -0.208233 0.5762474 0.7833414 0.2330565 0.04160373 -0.04259411 0.3135604 -0.9486126 0.07046112 0 0 0 1</matrix>
              <node id="node-Bip01_L_Calf" name="Bip01_L_Calf">
                <matrix sid="matrix">0.5122989 0.8588072 -2.98023e-8 0.4629987 -0.8588073 0.5122988 2.32831e-9 -1.49012e-8 8.9407e-8 -8.9407e-8 1 -2.98023e-8 0 0 0 1</matrix>
                <node id="node-Bip01_L_Foot" name="Bip01_L_Foot">
                  <matrix sid="matrix">0.8140748 0.576306 -0.07179192 0.3610502 -0.5642483 0.8141302 0.1371719 1.49012e-8 0.1375008 -0.07115969 0.9879422 0 0 0 0 1</matrix>
                  <node id="node-Bip01_L_Toe0" name="Bip01_L_Toe0">
                    <matrix sid="matrix">4.76837e-7 -0.9999999 1.43796e-6 0.1486306 1 4.76837e-7 0 0.1543274 2.98023e-8 1.34856e-6 0.9999999 2.98023e-8 0 0 0 1</matrix>
                  </node>
                </node>
              </node>
            </node>
            <node id="node-Bip01_R_Thigh" name="Bip01_R_Thigh">
              <matrix sid="matrix">-0.8978107 0.2130218 0.385432 -0.1834763 0.1057038 0.9538779 -0.2809698 -0.09539282 -0.4275075 -0.211516 -0.8789189 -0.1431513 0 0 0 1</matrix>
              <node id="node-Bip01_R_Calf" name="Bip01_R_Calf">
                <matrix sid="matrix">0.7818699 0.6234416 -2.98023e-8 0.4629987 -0.6234416 0.78187 1.02445e-8 7.45058e-9 5.96046e-8 5.96046e-8 1 5.96046e-8 0 0 0 1</matrix>
                <node id="node-Bip01_R_Foot" name="Bip01_R_Foot">
                  <matrix sid="matrix">0.73498 0.6750678 0.06393233 0.3610501 -0.6771921 0.7355849 0.01803266 1.49012e-8 -0.0348543 -0.05654803 0.9977912 -5.96046e-8 0 0 0 1</matrix>
                  <node id="node-Bip01_R_Toe0" name="Bip01_R_Toe0">
                    <matrix sid="matrix">-0.1805803 -0.9786913 0.09774531 0.1486307 0.9833314 -0.1817874 -0.003513992 0.1543274 0.02120793 0.09548149 0.9952052 0 0 0 0 1</matrix>
                  </node>
                </node>
              </node>
            </node>
          </node>
          <node id="node-Bip01_FannyPack" name="Bip01_FannyPack">
            <matrix>-0.9629918 -0.2062316 0.1735378 0.2299507 -0.2083318 0.9780383 0.006227016 -0.1378937 -0.1710108 -0.03015687 -0.9848074 0.01013964 0 0 0 1</matrix>
          </node>
        </node>
        <node id="node-EYE" name="EYE">
          <matrix sid="matrix">0.04897862 0.9925077 0.1119343 0.1797513 -0.5806391 0.11948 -0.8053464 -0.6079363 -0.8126867 -0.0255488 0.5821406 0.4404691 0 0 0 1</matrix>
          <node id="node-CAM" name="CAM">
            <matrix>1 -6.03104e-8 3.55271e-15 4.84288e-8 6.03104e-8 1 -2.32831e-9 -0.104 -3.55271e-15 2.32832e-9 1 0.3005601 0 0 0 1</matrix>
          </node>
        </node>
      </node>
      <node id="node-Bounds" name="Bounds">
        <matrix>0.9999915 0.001706907 0.003750479 0 -0.001711356 0.9999978 0.001183292 0.1035326 -0.003748452 -0.0011897 0.9999923 -8.93474e-5 0 0 0 1</matrix>
        <instance_geometry url="#geom-Bounds">
          <bind_material>
            <technique_common>
              <instance_material symbol="ShapeBounds" target="#ShapeBounds-material"/>
            </technique_common>
          </bind_material>
        </instance_geometry>
      </node>
    </visual_scene>
  </library_visual_scenes>
  <library_animations>
    <animation>
      <source id="node-Bip01_matrix-input">
        <float_array id="node-Bip01_matrix-input-array" count="60">56.33333 56.36666 56.4 56.43333 56.46667 56.5 56.53333 56.56667 56.6 56.63334 56.66667 56.7 56.73333 56.76667 56.8 56.83333 56.86666 56.9 56.93333 56.96667 57 57.03333 57.06667 57.1 57.13334 57.16667 57.2 57.23333 57.26667 57.3 57.33333 57.36666 57.4 57.43333 57.46667 57.5 57.53333 57.56667 57.6 57.63334 57.66667 57.7 57.73333 57.76667 57.8 57.83333 57.86666 57.9 57.93333 57.96667 58 58.03333 58.06667 58.1 58.13334 58.16667 58.2 58.23333 58.26667 58.3</float_array>
        <technique_common>
          <accessor source="#node-Bip01_matrix-input-array" count="60" stride="1">
            <param name="TIME" type="float"/>
          </accessor>
        </technique_common>
      </source>
      <source id="node-Bip01_matrix-output">
        <float_array id="node-Bip01_matrix-output-array" count="960">0.04897856 -0.580639 -0.8126866 -8.10623e-5 0.9925079 0.1194798 -0.02554869 0.009366631 0.1119343 -0.8053465 0.5821407 0.8041399 0 0 0 1 0.04897856 -0.580639 -0.8126866 -8.10623e-5 0.9925079 0.1194798 -0.02554869 0.009366631 0.1119343 -0.8053465 0.5821407 0.8070518 0 0 0 1 0.04897856 -0.5806389 -0.8126866 -8.10623e-5 0.9925078 0.1194799 -0.02554869 0.009366631 0.1119343 -0.8053465 0.5821406 0.8102074 0 0 0 1 0.0489785 -0.580639 -0.8126866 -8.10623e-5 0.9925079 0.1194798 -0.02554863 0.009366631 0.1119342 -0.8053465 0.5821407 0.8135831 0 0 0 1 0.04897844 -0.580639 -0.8126867 -8.10623e-5 0.9925079 0.1194798 -0.02554869 0.009366631 0.1119343 -0.8053466 0.5821406 0.8171564 0 0 0 1 0.04897856 -0.580639 -0.8126866 -8.10623e-5 0.9925079 0.1194798 -0.02554869 0.009366631 0.1119343 -0.8053465 0.5821407 0.8209043 0 0 0 1 0.04897856 -0.580639 -0.8126866 -8.10623e-5 0.9925079 0.1194798 -0.02554869 0.009366631 0.1119343 -0.8053465 0.5821407 0.8248035 0 0 0 1 0.04897856 -0.580639 -0.8126866 -8.10623e-5 0.9925079 0.1194798 -0.02554869 0.009366631 0.1119343 -0.8053465 0.5821407 0.8288313 0 0 0 1 0.04897856 -0.580639 -0.8126866 -8.10623e-5 0.9925079 0.1194798 -0.02554869 0.009366631 0.1119343 -0.8053465 0.5821407 0.8329666 0 0 0 1 0.04897856 -0.580639 -0.8126866 -8.10623e-5 0.9925079 0.1194798 -0.02554869 0.009366631 0.1119343 -0.8053465 0.5821407 0.8371826 0 0 0 1 0.04897844 -0.580639 -0.8126867 -8.10623e-5 0.9925079 0.1194798 -0.02554869 0.009366631 0.1119343 -0.8053466 0.5821406 0.8414582 0 0 0 1 0.04897844 -0.580639 -0.8126867 -8.10623e-5 0.9925079 0.1194798 -0.02554869 0.009366631 0.1119343 -0.8053466 0.5821406 0.8457703 0 0 0 1 0.04897844 -0.580639 -0.8126867 -8.10623e-5 0.9925079 0.1194798 -0.02554869 0.009366631 0.1119343 -0.8053466 0.5821406 0.8500961 0 0 0 1 0.04897856 -0.580639 -0.8126866 -8.10623e-5 0.9925079 0.1194798 -0.02554869 0.009366631 0.1119343 -0.8053465 0.5821407 0.8544124 0 0 0 1 0.04897856 -0.580639 -0.8126866 -8.10623e-5 0.9925079 0.1194798 -0.02554869 0.009366631 0.1119343 -0.8053465 0.5821407 0.8586966 0 0 0 1 0.04897856 -0.580639 -0.8126866 -8.10623e-5 0.9925079 0.1194798 -0.02554869 0.009366631 0.1119343 -0.8053465 0.5821407 0.8629255 0 0 0 1 0.04897856 -0.580639 -0.8126866 -8.10623e-5 0.9925079 0.1194798 -0.02554869 0.009366631 0.1119343 -0.8053465 0.5821407 0.867076 0 0 0 1 0.04897844 -0.580639 -0.8126867 -8.10623e-5 0.9925079 0.1194798 -0.02554869 0.009366631 0.1119343 -0.8053466 0.5821406 0.8711254 0 0 0 1 0.04897844 -0.580639 -0.8126867 -8.10623e-5 0.9925079 0.1194798 -0.02554869 0.009366631 0.1119343 -0.8053466 0.5821406 0.8750504 0 0 0 1 0.04897844 -0.580639 -0.8126867 -8.10623e-5 0.9925079 0.1194798 -0.02554869 0.009366631 0.1119343 -0.8053466 0.5821406 0.8788283 0 0 0 1 0.04897844 -0.580639 -0.8126867 -8.10623e-5 0.9925079 0.1194798 -0.02554869 0.009366631 0.1119343 -0.8053466 0.5821406 0.8824359 0 0 0 1 0.04897856 -0.580639 -0.8126866 -8.10623e-5 0.9925079 0.1194798 -0.02554869 0.009366631 0.1119343 -0.8053465 0.5821407 0.8858506 0 0 0 1 0.04897856 -0.580639 -0.8126866 -8.10623e-5 0.9925079 0.1194798 -0.02554869 0.009366631 0.1119343 -0.8053465 0.5821407 0.889049 0 0 0 1 0.04897856 -0.580639 -0.8126866 -8.10623e-5 0.9925079 0.1194798 -0.02554869 0.009366631 0.1119343 -0.8053465 0.5821407 0.8920083 0 0 0 1 0.04897862 -0.580639 -0.8126866 -8.10623e-5 0.9925078 0.1194799 -0.02554863 0.009366631 0.1119343 -0.8053465 0.5821407 0.8947068 0 0 0 1 0.04897844 -0.580639 -0.8126867 -8.10623e-5 0.9925079 0.1194798 -0.02554869 0.009366631 0.1119343 -0.8053466 0.5821406 0.8971188 0 0 0 1 0.04897844 -0.580639 -0.8126867 -8.10623e-5 0.9925079 0.1194798 -0.02554869 0.009366631 0.1119343 -0.8053466 0.5821406 0.8992227 0 0 0 1 0.04897844 -0.580639 -0.8126867 -8.10623e-5 0.9925079 0.1194798 -0.02554869 0.009366631 0.1119343 -0.8053466 0.5821406 0.9009957 0 0 0 1 0.04897844 -0.580639 -0.8126867 -8.10623e-5 0.9925079 0.1194798 -0.02554869 0.009366631 0.1119343 -0.8053466 0.5821406 0.9024148 0 0 0 1 0.04897856 -0.580639 -0.8126866 -8.10623e-5 0.9925079 0.1194798 -0.02554869 0.009366631 0.1119343 -0.8053465 0.5821407 0.9034567 0 0 0 1 0.04897856 -0.580639 -0.8126866 -8.10623e-5 0.9925079 0.1194798 -0.02554869 0.009366631 0.1119343 -0.8053465 0.5821407 0.9040989 0 0 0 1 0.04897856 -0.580639 -0.8126866 -8.10623e-5 0.9925079 0.1194798 -0.02554869 0.009366631 0.1119343 -0.8053465 0.5821407 0.9043179 0 0 0 1 0.04897844 -0.580639 -0.8126867 -8.10623e-5 0.9925079 0.1194798 -0.02554869 0.009366631 0.1119343 -0.8053466 0.5821406 0.9040669 0 0 0 1 0.04897844 -0.580639 -0.8126867 -8.10623e-5 0.9925079 0.1194798 -0.02554869 0.009366631 0.1119343 -0.8053466 0.5821406 0.9033325 0 0 0 1 0.04897844 -0.580639 -0.8126867 -8.10623e-5 0.9925079 0.1194798 -0.02554869 0.009366631 0.1119343 -0.8053466 0.5821406 0.902143 0 0 0 1 0.04897844 -0.580639 -0.8126867 -8.10623e-5 0.9925079 0.1194798 -0.02554869 0.009366631 0.1119343 -0.8053466 0.5821406 0.9005278 0 0 0 1 0.04897862 -0.580639 -0.8126866 -8.10623e-5 0.9925078 0.1194799 -0.02554863 0.009366631 0.1119343 -0.8053465 0.5821407 0.8985134 0 0 0 1 0.04897856 -0.580639 -0.8126866 -8.10623e-5 0.9925079 0.1194798 -0.02554869 0.009366631 0.1119343 -0.8053465 0.5821407 0.8961287 0 0 0 1 0.04897856 -0.580639 -0.8126866 -8.10623e-5 0.9925079 0.1194798 -0.02554869 0.009366631 0.1119343 -0.8053465 0.5821407 0.8934021 0 0 0 1 0.04897856 -0.580639 -0.8126866 -8.10623e-5 0.9925079 0.1194798 -0.02554869 0.009366631 0.1119343 -0.8053465 0.5821407 0.8903619 0 0 0 1 0.04897844 -0.580639 -0.8126867 -8.10623e-5 0.9925079 0.1194798 -0.02554869 0.009366631 0.1119343 -0.8053466 0.5821406 0.8870363 0 0 0 1 0.04897844 -0.580639 -0.8126867 -8.10623e-5 0.9925079 0.1194798 -0.02554869 0.009366631 0.1119343 -0.8053466 0.5821406 0.8834536 0 0 0 1 0.04897844 -0.580639 -0.8126867 -8.10623e-5 0.9925079 0.1194798 -0.02554869 0.009366631 0.1119343 -0.8053466 0.5821406 0.8796437 0 0 0 1 0.04897844 -0.580639 -0.8126867 -8.10623e-5 0.9925079 0.1194798 -0.02554869 0.009366631 0.1119343 -0.8053466 0.5821406 0.8756317 0 0 0 1 0.04897856 -0.580639 -0.8126866 -8.10623e-5 0.9925079 0.1194798 -0.02554869 0.009366631 0.1119343 -0.8053465 0.5821407 0.8714473 0 0 0 1 0.04897856 -0.580639 -0.8126866 -8.10623e-5 0.9925079 0.1194798 -0.02554869 0.009366631 0.1119343 -0.8053465 0.5821407 0.867119 0 0 0 1 0.04897856 -0.580639 -0.8126866 -8.10623e-5 0.9925079 0.1194798 -0.02554869 0.009366631 0.1119343 -0.8053465 0.5821407 0.8626749 0 0 0 1 0.04897856 -0.580639 -0.8126866 -8.10623e-5 0.9925079 0.1194798 -0.02554869 0.009366631 0.1119343 -0.8053465 0.5821407 0.8581433 0 0 0 1 0.04897844 -0.580639 -0.8126867 -8.10623e-5 0.9925079 0.1194798 -0.02554869 0.009366631 0.1119343 -0.8053466 0.5821406 0.8535525 0 0 0 1 0.04897844 -0.580639 -0.8126867 -8.10623e-5 0.9925079 0.1194798 -0.02554869 0.009366631 0.1119343 -0.8053466 0.5821406 0.8489307 0 0 0 1 0.04897844 -0.580639 -0.8126867 -8.10623e-5 0.9925079 0.1194798 -0.02554869 0.009366631 0.1119343 -0.8053466 0.5821406 0.8443085 0 0 0 1 0.04897856 -0.580639 -0.8126866 -8.10623e-5 0.9925079 0.1194798 -0.02554869 0.009366631 0.1119343 -0.8053465 0.5821407 0.8397096 0 0 0 1 0.04897856 -0.580639 -0.8126866 -8.10623e-5 0.9925079 0.1194798 -0.02554869 0.009366631 0.1119343 -0.8053465 0.5821407 0.8351649 0 0 0 1 0.04897856 -0.580639 -0.8126866 -8.10623e-5 0.9925079 0.1194798 -0.02554869 0.009366631 0.1119343 -0.8053465 0.5821407 0.8307022 0 0 0 1 0.04897856 -0.580639 -0.8126866 -8.10623e-5 0.9925079 0.1194798 -0.02554869 0.009366631 0.1119343 -0.8053465 0.5821407 0.8263499 0 0 0 1 0.04897856 -0.580639 -0.8126866 -8.10623e-5 0.9925079 0.1194798 -0.02554869 0.009366631 0.1119343 -0.8053465 0.5821407 0.8221362 0 0 0 1 0.04897844 -0.580639 -0.8126867 -8.10623e-5 0.9925079 0.1194798 -0.02554869 0.009366631 0.1119343 -0.8053466 0.5821406 0.8180897 0 0 0 1 0.0489785 -0.580639 -0.8126866 -8.10623e-5 0.9925079 0.1194798 -0.02554863 0.009366631 0.1119342 -0.8053465 0.5821407 0.8142399 0 0 0 1 0.04897856 -0.5806389 -0.8126866 -8.10623e-5 0.9925078 0.1194799 -0.02554869 0.009366631 0.1119343 -0.8053465 0.5821406 0.8106121 0 0 0 1 0.04897856 -0.580639 -0.8126866 -8.10623e-5 0.9925079 0.1194798 -0.02554869 0.009366631 0.1119343 -0.8053465 0.5821407 0.807236 0 0 0 1</float_array>
        <technique_common>
          <accessor source="#node-Bip01_matrix-output-array" count="60" stride="16">
            <param name="TRANSFORM" type="float4x4"/>
          </accessor>
        </technique_common>
      </source>
      <source id="node-Bip01_matrix-interpolation">
        <Name_array id="node-Bip01_matrix-interpolation-array" count="60">LINEAR LINEAR LINEAR LINEAR LINEAR LINEAR LINEAR LINEAR LINEAR LINEAR LINEAR LINEAR LINEAR LINEAR LINEAR LINEAR LINEAR LINEAR LINEAR LINEAR LINEAR LINEAR LINEAR LINEAR LINEAR LINEAR LINEAR LINEAR LINEAR LINEAR LINEAR LINEAR LINEAR LINEAR LINEAR LINEAR LINEAR LINEAR LINEAR LINEAR LINEAR LINEAR LINEAR LINEAR LINEAR LINEAR LINEAR LINEAR LINEAR LINEAR LINEAR LINEAR LINEAR LINEAR LINEAR LINEAR LINEAR LINEAR LINEAR LINEAR</Name_array>
        <technique_common>
          <accessor source="#node-Bip01_matrix-interpolation-array" count="60" stride="1">
            <param name="INTERPOLATION" type="name"/>
          </accessor>
        </technique_common>
      </source>
      <source id="node-Bip01_Pelvis_matrix-input">
        <float_array id="node-Bip01_Pelvis_matrix-input-array" count="60">56.33333 56.36666 56.4 56.43333 56.46667 56.5 56.53333 56.56667 56.6 56.63334 56.66667 56.7 56.73333 56.76667 56.8 56.83333 56.86666 56.9 56.93333 56.96667 57 57.03333 57.06667 57.1 57.13334 57.16667 57.2 57.23333 57.26667 57.3 57.33333 57.36666 57.4 57.43333 57.46667 57.5 57.53333 57.56667 57.6 57.63334 57.66667 57.7 57.73333 57.76667 57.8 57.83333 57.86666 57.9 57.93333 57.96667 58 58.03333 58.06667 58.1 58.13334 58.16667 58.2 58.23333 58.26667 58.3</float_array>
        <technique_common>
          <accessor source="#node-Bip01_Pelvis_matrix-input-array" count="60" stride="1">
            <param name="TIME" type="float"/>
          </accessor>
        </technique_common>
      </source>
      <source id="node-Bip01_Pelvis_matrix-output">
